*0138*2011 VEGNETT*20110511*FART*20110511*VDB SVNT*AHT
..Eksport-dato 20110511
50;

Komm; TransID;kode;Fra;   Til;felt; Fart;
0138;145098747;1;0;196;1#2;30;
0138;145115083;1;0;72;1#2;50;
0138;145115084;1;0;49;1#2;30;
0138;145115085;1;0;39;1#2;30;
0138;145115086;1;0;17;1#2;30;
0138;145115087;1;0;36;1#2;50;
0138;145115088;1;0;58;1#2;50;
0138;145115089;1;0;469;1#2;50;
0138;145115090;1;0;19;1#2;50;
0138;145115091;1;0;19;1#2;50;
0138;145115092;1;0;62;1#2;50;
0138;145115093;1;0;55;1#2;50;
0138;145115094;1;0;32;1#2;50;
0138;145115095;1;0;116;1#2;50;
0138;145115096;1;0;151;1#2;50;
0138;145115097;1;0;180;1#2;50;
0138;145115098;1;0;55;1#2;50;
0138;145115099;1;0;23;1#2;50;
0138;145115100;1;0;85;1#2;50;
0138;145115101;1;0;576;1#2;50;
0138;159596455;1;0;6;1#2;30;
0138;159596456;1;0;53;1#2;30;
0138;145115103;1;0;135;1#2;30;
0138;145115104;1;0;37;1#2;50;
0138;145115105;1;0;203;1#2;50;
0138;145115106;1;0;61;1#2;50;
0138;145115107;1;0;67;1#2;50;
0138;159596457;1;0;4;1#2;50;
0138;159596458;1;0;7;1#2;50;
0138;145115109;1;0;52;1#2;30;
0138;145115110;1;0;27;1#2;30;
0138;145115111;1;0;41;1#2;30;
0138;145115112;1;0;69;1#2;30;
0138;145115113;1;0;47;1#2;30;
0138;145115114;1;0;50;1#2;30;
0138;145115115;1;0;59;1#2;30;
0138;145115116;1;0;90;1#2;30;
0138;145115117;1;0;21;1#2;30;
0138;145115118;1;0;37;1#2;30;
0138;145115119;1;0;22;1#2;30;
0138;145115120;1;0;63;1#2;30;
0138;145115121;1;0;281;1#2;30;
0138;145115122;1;0;182;1#2;30;
0138;145115123;1;0;26;1#2;30;
0138;145115124;1;0;83;1#2;30;
0138;145115125;1;0;36;1#2;30;
0138;145115126;1;0;62;1#2;30;
0138;145115127;1;0;105;1#2;30;
0138;145115128;1;0;13;1#2;30;
0138;145115129;1;0;30;1#2;30;
0138;145115130;1;0;63;1#2;30;
0138;145115131;1;0;98;1#2;30;
0138;145115132;1;0;40;1#2;30;
0138;276791252;1;0;42;1#2;30;
0138;276791253;1;0;40;1#2;30;
0138;276791254;1;0;24;1#2;30;
0138;276791255;1;0;146;1#2;30;
0138;145115135;1;0;95;1#2;30;
0138;145115136;1;0;140;1#2;30;
0138;276844654;1;0;290;1#2;30;
0138;276844655;1;0;79;1#2;30;
0138;276844656;1;0;115;1#2;30;
0138;145115138;1;0;33;1#2;30;
0138;145115139;1;0;66;1#2;30;
0138;145115140;1;0;71;1#2;30;
0138;145115141;1;0;84;1#2;30;
0138;145115142;1;0;56;1#2;30;
0138;145115143;1;0;51;1#2;30;
0138;145115144;1;0;130;1#2;50;
0138;145115145;1;0;64;1#2;50;
0138;145115146;1;0;140;1#2;30;
0138;145115147;1;0;67;1#2;30;
0138;276844657;1;0;294;1#2;30;
0138;276844658;1;0;45;1#2;30;
0138;276844659;1;0;122;1#2;30;
0138;276844660;1;0;131;1#2;30;
0138;276844661;1;0;224;1#2;30;
0138;145115151;1;0;58;1#2;30;
0138;145115152;1;0;47;1#2;30;
0138;145115153;1;0;35;1#2;30;
0138;145115154;1;0;67;1#2;30;
0138;145115156;1;0;93;1#2;30;
0138;145115157;1;0;241;1#2;30;
0138;276791256;1;0;35;1#2;30;
0138;276844662;1;0;176;1#2;30;
0138;276844663;1;0;58;1#2;30;
0138;145115159;1;0;46;1#2;30;
0138;145115160;1;0;47;1#2;30;
0138;145115161;1;0;149;1#2;30;
0138;145115162;1;0;191;1#2;30;
0138;145115163;1;0;46;1#2;30;
0138;145115164;1;0;173;1#2;30;
0138;145115165;1;0;80;1#2;30;
0138;145115166;1;0;55;1#2;30;
0138;145115167;1;0;45;1#2;30;
0138;145115168;1;0;60;1#2;30;
0138;145115169;1;0;29;1#2;30;
0138;145115170;1;0;55;1#2;30;
0138;276844664;1;0;4;1#2;30;
0138;276844665;1;0;9;1#2;30;
0138;145115172;1;0;138;1#2;30;
0138;145115173;1;0;149;1#2;30;
0138;145115174;1;0;23;1#2;30;
0138;145115175;1;0;67;1#2;30;
0138;145115176;1;0;111;1#2;30;
0138;145115177;1;0;87;1#2;30;
0138;145115178;1;0;78;1#2;30;
0138;145115179;1;0;131;1#2;50;
0138;145115180;1;0;81;1#2;50;
0138;145115181;1;0;65;1#2;50;
0138;145115182;1;0;37;1#2;50;
0138;145115183;1;0;37;1#2;50;
0138;145115184;1;0;67;1#2;50;
0138;145115185;1;0;45;1#2;50;
0138;145115186;1;0;19;1#2;50;
0138;145115187;1;0;46;1#2;50;
0138;145115188;1;0;41;1#2;50;
0138;145115189;1;0;42;1#2;50;
0138;145115190;1;0;48;1#2;30;
0138;145115191;1;0;271;1#2;30;
0138;145115192;1;0;53;1#2;30;
0138;145115193;1;0;40;1#2;30;
0138;145115194;1;0;39;1#2;30;
0138;145115195;1;0;17;1#2;30;
0138;145115196;1;0;333;1#2;30;
0138;145115197;1;0;221;1#2;30;
0138;145115198;1;0;204;1#2;30;
0138;145115199;1;0;51;1#2;30;
0138;145115200;1;0;45;1#2;30;
0138;145115201;1;0;34;1#2;30;
0138;145115202;1;0;111;1#2;30;
0138;145115203;1;0;64;1#2;30;
0138;145115204;1;0;46;1#2;30;
0138;145115205;1;0;36;1#2;30;
0138;145115206;1;0;65;1#2;30;
0138;145115207;1;0;36;1#2;30;
0138;145115208;1;0;59;1#2;30;
0138;145115209;1;0;120;1#2;30;
0138;240616312;1;0;14;1#2;50;
0138;240616313;1;0;52;1#2;50;
0138;145115211;1;0;288;1#2;30;
0138;145115212;1;0;41;1#2;30;
0138;145115213;1;0;39;1#2;30;
0138;145115214;1;0;187;1#2;30;
0138;145115215;1;0;190;1#2;30;
0138;145115216;1;0;101;1#2;30;
0138;145115217;1;0;124;1#2;30;
0138;145115218;1;0;21;1#2;30;
0138;145115219;1;0;142;1#2;30;
0138;145115220;1;0;155;1#2;30;
0138;145115221;1;0;34;1#2;30;
0138;145115222;1;0;33;1#2;30;
0138;145115223;1;0;139;1#2;30;
0138;145115224;1;0;111;1#2;30;
0138;159596459;1;0;10;1#2;30;
0138;159596460;1;0;12;1#2;30;
0138;145115226;1;0;168;1#2;30;
0138;145115227;1;0;77;1#2;30;
0138;145115228;1;0;45;1#2;30;
0138;145115229;1;0;154;1#2;30;
0138;145115230;1;0;79;1#2;30;
0138;145115231;1;0;86;1#2;30;
0138;145115232;1;0;136;1#2;30;
0138;145115233;1;0;44;1#2;30;
0138;145115234;1;0;27;1#2;30;
0138;145115235;1;0;55;1#2;50;
0138;145115236;1;0;129;1#2;30;
0138;159596461;1;0;9;1#2;30;
0138;159596462;1;0;20;1#2;30;
0138;145115238;1;0;5;1#2;30;
0138;145115239;1;0;40;1#2;30;
0138;145115240;1;0;87;1#2;30;
0138;145115241;1;0;79;1#2;30;
0138;145115242;1;0;130;1#2;30;
0138;145115243;1;0;242;1#2;30;
0138;145115244;1;0;60;1#2;30;
0138;145115245;1;0;61;1#2;30;
0138;145115246;1;0;46;1#2;30;
0138;145115247;1;0;64;1#2;30;
0138;145115248;1;0;36;1#2;30;
0138;145115249;1;0;29;1#2;30;
0138;145115250;1;0;28;1#2;30;
0138;145115251;1;0;84;1#2;30;
0138;145115252;1;0;89;1#2;30;
0138;145115253;1;0;135;1#2;30;
0138;145115254;1;0;54;1#2;30;
0138;145115255;1;0;34;1#2;30;
0138;145115256;1;0;38;1#2;30;
0138;145115257;1;0;113;1#2;30;
0138;145115258;1;0;43;1#2;50;
0138;145115259;1;0;211;1#2;30;
0138;145115261;1;0;86;1#2;50;
0138;145115262;1;0;233;1#2;50;
0138;145115263;1;0;51;1#2;50;
0138;145115264;1;0;38;1#2;50;
0138;145115265;1;0;60;1#2;50;
0138;145115266;1;0;266;1#2;50;
0138;145115267;1;0;178;1#2;50;
0138;145115268;1;0;28;1#2;50;
0138;145115269;1;0;668;1#2;50;
0138;145115270;1;0;59;1#2;50;
0138;145115271;1;0;568;1#2;50;
0138;145115272;1;0;86;1#2;50;
0138;145115273;1;0;394;1#2;50;
0138;145115274;1;0;489;1#2;50;
0138;145115275;1;0;303;1#2;50;
0138;145115276;1;0;353;1#2;50;
0138;145115277;1;0;198;1#2;50;
0138;145115278;1;0;983;1#2;50;
0138;145115279;1;0;217;1#2;50;
0138;145115280;1;0;110;1#2;50;
0138;145115281;1;0;106;1#2;50;
0138;145115282;1;0;269;1#2;50;
0138;145115283;1;0;334;1#2;50;
0138;145115284;1;0;627;1#2;50;
0138;145115285;1;0;1618;1#2;50;
0138;145115286;1;0;49;1#2;50;
0138;145115287;1;0;191;1#2;50;
0138;145115288;1;0;30;1#2;50;
0138;145115289;1;0;30;1#2;50;
0138;145115290;1;0;230;1#2;50;
0138;145115291;1;0;55;1#2;50;
0138;145115292;1;0;275;1#2;50;
0138;145115293;1;0;76;1#2;50;
0138;145115294;1;0;401;1#2;50;
0138;145115295;1;0;96;1#2;50;
0138;145115296;1;0;252;1#2;50;
0138;145115297;1;0;47;1#2;50;
0138;145115298;1;0;156;1#2;50;
0138;145115299;1;0;646;1#2;50;
0138;145115300;1;0;1204;1#2;50;
0138;145115301;1;0;85;1#2;50;
0138;145115302;1;0;38;1#2;50;
0138;145115303;1;0;598;1#2;50;
0138;145115304;1;0;1031;1#2;50;
0138;145115305;1;0;146;1#2;50;
0138;145115306;1;0;185;1#2;50;
0138;145139614;1;0;182;1#2;30;
0138;145139615;1;0;127;1#2;30;
0138;145139616;1;0;84;1#2;30;
0138;145139617;1;0;90;1#2;30;
0138;145139618;1;0;266;1#2;30;
0138;145139619;1;0;21;1#2;30;
0138;145139620;1;0;92;1#2;30;
0138;276791258;1;0;89;1#2;30;
0138;276791259;1;0;53;1#2;30;
0138;203058336;1;0;30;1#2;30;
0138;145139623;1;0;19;1#2;30;
0138;276791260;1;0;94;1#2;30;
0138;276791260;2;7;94;1#2;30;
0138;276791261;1;0;46;1#2;30;
0138;276791262;1;0;374;1#2;30;
0138;276791263;1;0;21;1#2;30;
0138;145139626;2;20;71;1#2;30;
0138;145139627;1;0;119;1#2;30;
0138;145139628;1;0;18;1#2;30;
0138;145139629;1;0;19;1#2;30;
0138;145139630;1;0;10;1#2;30;
0138;145139631;1;0;29;1#2;30;
0138;145139632;1;0;47;1#2;30;
0138;145139633;1;0;68;1#2;30;
0138;145139634;1;0;64;1#2;30;
0138;145139635;1;0;46;1#2;30;
0138;145139636;1;0;106;1#2;30;
0138;145139637;1;0;75;1#2;30;
0138;145139638;1;0;78;1#2;30;
0138;145139639;1;0;223;1#2;30;
0138;145139640;1;0;114;1#2;30;
0138;145139641;1;0;126;1#2;30;
0138;145139642;1;0;40;1#2;30;
0138;203058337;1;0;80;1#2;30;
0138;203058338;1;0;3;1#2;30;
0138;203058339;1;0;152;1#2;30;
0138;145139644;1;0;111;1#2;30;
0138;145139645;1;0;96;1#2;30;
0138;145139646;1;0;71;1#2;30;
0138;145139647;1;0;39;1#2;30;
0138;145139648;1;0;167;1#2;30;
0138;145139649;1;0;158;1#2;30;
0138;145139650;1;0;48;1#2;30;
0138;145139651;1;0;188;1#2;30;
0138;145139652;1;0;220;1#2;30;
0138;145139653;1;0;51;1#2;30;
0138;145139654;1;0;133;1#2;30;
0138;145139655;1;0;13;1#2;30;
0138;145139656;1;0;28;1#2;30;
0138;145139657;1;0;62;1#2;30;
0138;145139658;1;0;454;1#2;30;
0138;145139659;1;0;616;1#2;30;
0138;145139660;1;0;15;1#2;30;
0138;145139661;1;0;439;1#2;30;
0138;145139662;1;0;172;1#2;30;
0138;145139663;1;0;63;1#2;30;
0138;145139664;1;0;64;1#2;30;
0138;145139665;1;0;67;1#2;30;
0138;145139666;1;0;84;1#2;30;
0138;145139667;1;0;109;1#2;30;
0138;145139668;1;0;54;1#2;30;
0138;145139669;1;0;65;1#2;30;
0138;145139670;1;0;271;1#2;30;
0138;145139671;1;0;584;1#2;30;
0138;145139672;1;0;51;1#2;30;
0138;145139673;1;0;175;1#2;30;
0138;145139674;1;0;120;1#2;30;
0138;145139675;1;0;133;1#2;30;
0138;145139676;1;0;47;1#2;30;
0138;145139677;1;0;53;1#2;30;
0138;145139678;1;0;7;1#2;30;
0138;145139679;1;0;39;1#2;30;
0138;145139680;1;0;106;1#2;30;
0138;145139681;1;0;221;1#2;30;
0138;145139682;1;0;247;1#2;30;
0138;276791264;1;0;685;1#2;30;
0138;276791265;1;0;45;1#2;30;
0138;145139684;1;0;944;1#2;30;
0138;145139685;1;0;54;1#2;30;
0138;145139686;1;0;53;1#2;30;
0138;145139687;1;0;74;1#2;30;
0138;145139688;1;0;46;1#2;30;
0138;145139689;1;0;94;1#2;30;
0138;145139690;1;0;22;1#2;30;
0138;145139691;1;0;104;1#2;30;
0138;145139692;1;0;130;1#2;30;
0138;145139693;1;0;57;1#2;30;
0138;145139694;1;0;50;1#2;30;
0138;145139695;1;0;61;1#2;30;
0138;145139696;1;0;13;1#2;30;
0138;145139697;1;0;96;1#2;30;
0138;145139698;1;0;122;1#2;30;
0138;145139699;1;0;13;1#2;30;
0138;145139701;1;0;33;1#2;30;
0138;145139702;1;0;35;1#2;30;
0138;159596463;1;0;3;1#2;30;
0138;159596464;1;0;61;1#2;30;
0138;159596465;1;0;10;1#2;30;
0138;159596466;1;0;5;1#2;30;
0138;159596467;1;0;47;1#2;30;
0138;145139705;1;0;37;1#2;30;
0138;145139706;1;0;31;1#2;30;
0138;145139707;1;0;32;1#2;30;
0138;145139708;1;0;59;1#2;30;
0138;159596468;1;0;11;1#2;30;
0138;159596469;1;0;119;1#2;30;
0138;145139710;1;0;113;1#2;30;
0138;145139711;1;0;296;1#2;30;
0138;145139712;1;0;15;1#2;30;
0138;145139713;1;0;66;1#2;30;
0138;145139714;1;0;50;1#2;30;
0138;145139716;1;0;131;1#2;30;
0138;276794199;1;0;88;1#2;30;
0138;276794200;1;0;835;1#2;30;
0138;145139718;1;0;111;1#2;30;
0138;145139719;1;0;226;1#2;30;
0138;145139721;1;0;38;1#2;30;
0138;145139722;1;0;67;1#2;30;
0138;145139723;1;0;96;1#2;30;
0138;145139724;1;0;318;1#2;30;
0138;145139725;1;0;143;1#2;30;
0138;145139726;1;0;395;1#2;30;
0138;145139727;1;0;209;1#2;30;
0138;145139728;1;0;358;1#2;30;
0138;145139729;1;0;71;1#2;30;
0138;145139730;1;0;136;1#2;30;
0138;276794201;1;0;27;1#2;30;
0138;276794202;1;0;389;1#2;30;
0138;145139732;1;0;12;1#2;30;
0138;145139733;1;0;5;1#2;30;
0138;145139734;1;0;144;1#2;30;
0138;145139735;1;0;84;1#2;30;
0138;145139736;1;0;56;1#2;30;
0138;159596470;1;0;11;1#2;30;
0138;159596471;1;0;123;1#2;30;
0138;145139739;1;0;202;1#2;30;
0138;159596472;1;0;7;1#2;30;
0138;159596473;1;0;99;1#2;30;
0138;145139741;1;0;4;1#2;30;
0138;145139742;1;0;27;1#2;30;
0138;145139743;1;0;69;1#2;30;
0138;145139744;1;0;113;1#2;30;
0138;145139745;1;0;191;1#2;30;
0138;145139746;1;0;428;1#2;30;
0138;145139747;1;0;58;1#2;30;
0138;145139748;1;0;44;1#2;30;
0138;145139749;1;0;404;1#2;30;
0138;145139750;1;0;61;1#2;30;
0138;145139751;1;0;55;1#2;30;
0138;145139754;1;0;25;1#2;30;
0138;145139755;1;0;5;1#2;30;
0138;145139756;1;0;67;1#2;30;
0138;145139757;1;0;36;1#2;30;
0138;145139759;1;0;224;1#2;30;
0138;145139760;1;0;32;1#2;30;
0138;145139761;1;0;212;1#2;30;
0138;145139762;1;0;70;1#2;30;
0138;145139763;1;0;239;1#2;30;
0138;145139764;1;0;110;1#2;30;
0138;145139765;1;0;4;1#2;30;
0138;145139766;1;0;50;1#2;30;
0138;145139767;1;0;207;1#2;30;
0138;145139768;1;0;309;1#2;30;
0138;145139771;1;0;77;1#2;30;
0138;145139772;1;0;35;1#2;30;
0138;145139773;1;0;434;1#2;30;
0138;145139774;1;0;113;1#2;30;
0138;145139775;1;0;440;1#2;30;
0138;145139776;1;0;997;1#2;30;
0138;276791266;1;0;42;1#2;30;
0138;159596474;1;0;627;1#2;30;
0138;159596475;1;0;8;1#2;30;
0138;145139779;1;0;58;1#2;30;
0138;145139780;1;0;70;1#2;30;
0138;145139781;1;0;28;1#2;30;
0138;145139782;1;0;57;1#2;30;
0138;145139783;1;0;800;1#2;30;
0138;145139784;1;0;75;1#2;30;
0138;145139785;1;0;697;1#2;30;
0138;145139786;1;0;244;1#2;30;
0138;145139787;1;0;115;1#2;30;
0138;145139788;1;0;19;1#2;30;
0138;145139789;1;0;10;1#2;30;
0138;145139790;1;0;20;1#2;30;
0138;145139791;1;0;22;1#2;30;
0138;145139792;1;0;2;1#2;30;
0138;145139793;1;0;12;1#2;30;
0138;145139794;1;0;4;1#2;30;
0138;145139795;1;0;18;1#2;30;
0138;145139796;1;0;5;1#2;30;
0138;276794203;1;0;3;1#2;30;
0138;276794204;1;0;8;1#2;30;
0138;145139798;1;0;10;1#2;30;
0138;145139799;1;0;22;1#2;30;
0138;145139800;1;0;14;1#2;30;
0138;145139801;1;0;28;1#2;30;
0138;145139802;1;0;23;1#2;30;
0138;145139803;1;0;23;1#2;30;
0138;145139804;1;0;7;1#2;30;
0138;145139805;1;0;4;1#2;30;
0138;145139806;1;0;10;1#2;30;
0138;145139807;1;0;21;1#2;30;
0138;145139808;1;0;12;1#2;30;
0138;145139809;1;0;8;1#2;30;
0138;145139810;1;0;6;1#2;30;
0138;145139811;1;0;22;1#2;30;
0138;145139812;1;0;5;1#2;30;
0138;145139813;1;0;9;1#2;30;
0138;145139814;1;0;16;1#2;30;
0138;145139815;1;0;52;1#2;30;
0138;145139816;1;0;51;1#2;30;
0138;145139817;1;0;46;1#2;30;
0138;145139818;1;0;92;1#2;30;
0138;145139819;1;0;570;1#2;30;
0138;145139820;1;0;44;1#2;30;
0138;145139821;1;0;59;1#2;30;
0138;145139822;1;0;44;1#2;30;
0138;145139823;1;0;201;1#2;30;
0138;145139824;1;0;100;1#2;30;
0138;145139825;1;0;33;1#2;30;
0138;145139826;1;0;478;1#2;30;
0138;145139827;1;0;56;1#2;30;
0138;145139828;1;0;287;1#2;30;
0138;145139831;1;0;31;1#2;30;
0138;145139832;1;0;212;1#2;30;
0138;145139833;1;0;10;1#2;30;
0138;145139834;1;0;527;1#2;30;
0138;145139835;1;0;70;1#2;30;
0138;145139836;1;0;53;1#2;30;
0138;145139837;1;0;34;1#2;30;
0138;145139838;1;0;20;1#2;30;
0138;145139840;1;0;45;1#2;30;
0138;145139841;1;0;112;1#2;30;
0138;145139842;1;0;17;1#2;30;
0138;145139844;1;0;64;1#2;30;
0138;145139845;1;0;108;1#2;30;
0138;145139846;1;0;76;1#2;30;
0138;145139847;1;0;34;1#2;30;
0138;145139848;1;0;46;1#2;30;
0138;145139849;1;0;48;1#2;30;
0138;145139850;1;0;24;1#2;30;
0138;145139851;1;0;40;1#2;30;
0138;145139852;1;0;49;1#2;30;
0138;145139853;1;0;48;1#2;30;
0138;145139854;1;0;95;1#2;30;
0138;145139855;1;0;63;1#2;30;
0138;145139856;1;0;38;1#2;30;
0138;145139857;1;0;35;1#2;30;
0138;145139858;1;0;59;1#2;30;
0138;145139859;1;0;24;1#2;30;
0138;145139861;1;0;33;1#2;30;
0138;145139862;1;0;67;1#2;30;
0138;159596476;1;0;6;1#2;30;
0138;159596477;1;0;70;1#2;30;
0138;145139864;1;0;40;1#2;30;
0138;145139865;1;0;44;1#2;30;
0138;145139866;1;0;48;1#2;30;
0138;145139867;1;0;84;1#2;30;
0138;145139868;1;0;22;1#2;30;
0138;145139869;1;0;22;1#2;30;
0138;145139870;1;0;224;1#2;30;
0138;276791267;1;0;6;1#2;30;
0138;276791268;1;0;49;1#2;30;
0138;276791269;1;0;117;1#2;30;
0138;145139873;1;0;378;1#2;30;
0138;145139874;1;0;78;1#2;30;
0138;145139876;1;0;304;1#2;30;
0138;145139877;1;0;163;1#2;30;
0138;145139878;1;0;106;1#2;30;
0138;145139879;1;0;214;1#2;30;
0138;145139880;1;0;79;1#2;30;
0138;145139881;1;0;87;1#2;30;
0138;145139882;1;0;286;1#2;30;
0138;145139883;1;0;378;1#2;30;
0138;145139884;1;0;630;1#2;30;
0138;145139885;1;0;233;1#2;30;
0138;145139886;1;0;163;1#2;30;
0138;145139887;1;0;41;1#2;30;
0138;145139888;1;0;208;1#2;30;
0138;145139889;1;0;229;1#2;30;
0138;145139890;1;0;134;1#2;30;
0138;145139891;1;0;359;1#2;30;
0138;145139892;1;0;396;1#2;30;
0138;145139893;1;0;59;1#2;30;
0138;145139894;1;0;114;1#2;30;
0138;145139895;1;0;100;1#2;30;
0138;145139896;1;0;183;1#2;30;
0138;145139897;1;0;222;1#2;30;
0138;159596478;1;0;124;1#2;30;
0138;159596479;1;0;10;1#2;30;
0138;145139899;1;0;43;1#2;30;
0138;145139900;1;0;131;1#2;30;
0138;145139901;1;0;493;1#2;30;
0138;145139902;1;0;98;1#2;30;
0138;145139903;1;0;71;1#2;30;
0138;145139904;1;0;67;1#2;30;
0138;145139905;1;0;315;1#2;30;
0138;145139906;1;0;85;1#2;30;
0138;145139907;1;0;131;1#2;30;
0138;145139908;1;0;83;1#2;30;
0138;145139909;1;0;62;1#2;30;
0138;145139911;1;0;252;1#2;30;
0138;145139912;1;0;317;1#2;30;
0138;145139913;1;0;64;1#2;30;
0138;145139914;1;0;309;1#2;30;
0138;145139915;1;0;514;1#2;30;
0138;145139916;1;0;286;1#2;30;
0138;145139918;1;0;300;1#2;30;
0138;145139919;1;0;955;1#2;30;
0138;145139920;1;0;334;1#2;30;
0138;145139921;1;0;63;1#2;30;
0138;145139922;1;0;36;1#2;30;
0138;145139923;1;0;97;1#2;30;
0138;145139924;1;0;300;1#2;30;
0138;145139925;1;0;295;1#2;30;
0138;145139926;1;0;110;1#2;30;
0138;145139927;1;0;109;1#2;30;
0138;145139928;1;0;270;1#2;30;
0138;145139929;1;0;55;1#2;30;
0138;276794205;1;0;178;1#2;30;
0138;276794206;1;0;200;1#2;30;
0138;145139932;1;0;60;1#2;30;
0138;145139933;1;0;63;1#2;30;
0138;145139934;1;0;69;1#2;30;
0138;145139935;1;0;694;1#2;30;
0138;145139936;1;0;79;1#2;30;
0138;145139937;1;0;205;1#2;30;
0138;145139938;1;0;123;1#2;30;
0138;145139939;1;0;126;1#2;30;
0138;145139940;1;0;81;1#2;30;
0138;145139941;1;0;99;1#2;30;
0138;145139942;1;0;13;1#2;30;
0138;145139943;1;0;70;1#2;30;
0138;145139944;1;0;26;1#2;30;
0138;145139945;1;0;259;1#2;30;
0138;145139946;1;0;122;1#2;30;
0138;145139947;1;0;42;1#2;30;
0138;145139948;1;0;30;1#2;30;
0138;145139949;1;0;187;1#2;30;
0138;145139950;1;0;584;1#2;30;
0138;145139951;1;0;89;1#2;30;
0138;145139952;1;0;699;1#2;30;
0138;145139953;1;0;16;1#2;30;
0138;145139954;1;0;89;1#2;30;
0138;145139955;1;0;1546;1#2;30;
0138;145139956;1;0;411;1#2;30;
0138;145139958;1;0;57;1#2;30;
0138;145139959;1;0;27;1#2;30;
0138;145139961;1;0;94;1#2;30;
0138;145139962;1;0;488;1#2;30;
0138;145139963;1;0;265;1#2;30;
0138;145139964;1;0;99;1#2;30;
0138;145139965;1;0;162;1#2;30;
0138;145139966;1;0;171;1#2;30;
0138;145139967;1;0;252;1#2;30;
0138;145139968;1;0;309;1#2;30;
0138;145139969;1;0;89;1#2;30;
0138;276791270;1;0;103;1#2;30;
0138;276791271;1;0;209;1#2;30;
0138;276791272;1;0;64;1#2;30;
0138;276791273;1;0;388;1#2;30;
0138;145139971;1;0;691;1#2;30;
0138;145139972;1;0;73;1#2;30;
0138;145139973;1;0;408;1#2;30;
0138;145139974;1;0;989;1#2;30;
0138;145139975;1;0;505;1#2;30;
0138;145139976;1;0;924;1#2;30;
0138;145139977;1;0;830;1#2;30;
0138;276799834;1;0;315;1#2;30;
0138;145139979;1;0;439;1#2;30;
0138;145139980;1;0;436;1#2;30;
0138;145139981;1;0;1014;1#2;30;
0138;145139982;1;0;155;1#2;30;
0138;145139983;1;0;387;1#2;30;
0138;145139984;1;0;237;1#2;30;
0138;145139985;1;0;868;1#2;30;
0138;145139986;1;0;286;1#2;30;
0138;145139987;1;0;146;1#2;30;
0138;145139988;1;0;997;1#2;30;
0138;145139989;1;0;1289;1#2;30;
0138;159596480;1;0;8;1#2;30;
0138;159596481;1;0;129;1#2;30;
0138;145139991;1;0;113;1#2;30;
0138;145139993;1;0;84;1#2;30;
0138;145139994;1;0;86;1#2;30;
0138;145139995;1;0;18;1#2;30;
0138;145139996;1;0;87;1#2;30;
0138;145139997;1;0;36;1#2;30;
0138;145139998;1;0;225;1#2;30;
0138;145139999;1;0;686;1#2;30;
0138;145140000;1;0;18;1#2;30;
0138;145140001;1;0;345;1#2;30;
0138;145140002;1;0;130;1#2;30;
0138;145140003;1;0;46;1#2;30;
0138;145140004;1;0;72;1#2;30;
0138;145140005;1;0;68;1#2;30;
0138;145140006;1;0;53;1#2;30;
0138;145140007;1;0;176;1#2;30;
0138;145140008;1;0;16;1#2;30;
0138;145140009;1;0;38;1#2;30;
0138;145140011;1;0;43;1#2;30;
0138;145140012;1;0;81;1#2;30;
0138;145140013;1;0;71;1#2;30;
0138;145140015;1;0;46;1#2;30;
0138;145140016;1;0;132;1#2;30;
0138;145140017;1;0;88;1#2;30;
0138;145140018;1;0;104;1#2;30;
0138;145140019;1;0;44;1#2;30;
0138;145140020;1;0;23;1#2;30;
0138;145140021;1;0;72;1#2;30;
0138;145140022;1;0;60;1#2;30;
0138;145140023;1;0;97;1#2;30;
0138;145140024;1;0;36;1#2;30;
0138;145140025;1;0;64;1#2;30;
0138;145140026;1;0;56;1#2;30;
0138;145140027;1;0;87;1#2;30;
0138;145140028;1;0;38;1#2;30;
0138;159596482;1;0;8;1#2;30;
0138;159596483;1;0;45;1#2;30;
0138;145140030;1;0;58;1#2;30;
0138;145140031;1;0;54;1#2;30;
0138;145140032;1;0;49;1#2;30;
0138;145140033;1;0;51;1#2;30;
0138;145140034;1;0;46;1#2;30;
0138;145140035;1;0;41;1#2;30;
0138;145140036;1;0;51;1#2;30;
0138;145140037;1;0;69;1#2;30;
0138;145140038;1;0;31;1#2;30;
0138;145140039;1;0;44;1#2;30;
0138;145140040;1;0;92;1#2;30;
0138;145140041;1;0;33;1#2;30;
0138;145140042;1;0;59;1#2;30;
0138;145140043;1;0;44;1#2;30;
0138;145140044;1;0;81;1#2;30;
0138;145140045;1;0;124;1#2;30;
0138;145140046;1;0;41;1#2;30;
0138;145140047;1;0;63;1#2;30;
0138;145140048;1;0;74;1#2;30;
0138;145140049;1;0;61;1#2;30;
0138;145140050;1;0;26;1#2;30;
0138;145140051;1;0;47;1#2;30;
0138;145140052;1;0;79;1#2;30;
0138;145140053;1;0;83;1#2;30;
0138;145140054;1;0;43;1#2;30;
0138;145140055;1;0;34;1#2;30;
0138;145140056;1;0;29;1#2;30;
0138;145140057;1;0;34;1#2;30;
0138;145140058;1;0;71;1#2;30;
0138;145140062;1;0;60;1#2;30;
0138;145140063;1;0;72;1#2;30;
0138;159596484;1;0;8;1#2;30;
0138;159596485;1;0;36;1#2;30;
0138;145140065;1;0;53;1#2;30;
0138;145140066;1;0;26;1#2;30;
0138;145140068;1;0;59;1#2;30;
0138;145140072;1;0;54;1#2;30;
0138;145140074;1;0;66;1#2;30;
0138;145140076;1;0;72;1#2;30;
0138;145140077;1;0;43;1#2;30;
0138;145140078;1;0;65;1#2;30;
0138;145140079;1;0;36;1#2;30;
0138;145140080;1;0;34;1#2;30;
0138;145140081;1;0;91;1#2;30;
0138;145140082;1;0;69;1#2;30;
0138;145140083;1;0;51;1#2;30;
0138;145140084;1;0;61;1#2;30;
0138;145140086;1;0;46;1#2;30;
0138;145140088;1;0;92;1#2;30;
0138;145140089;1;0;61;1#2;30;
0138;145140090;1;0;73;1#2;30;
0138;145140091;1;0;71;1#2;30;
0138;145140092;1;0;55;1#2;30;
0138;145140093;1;0;76;1#2;30;
0138;145140094;1;0;55;1#2;30;
0138;145140095;1;0;133;1#2;30;
0138;145140096;1;0;64;1#2;30;
0138;145140097;1;0;87;1#2;30;
0138;145140098;1;0;37;1#2;30;
0138;145140099;1;0;132;1#2;30;
0138;145140100;1;0;62;1#2;30;
0138;145140101;1;0;55;1#2;30;
0138;145140102;1;0;71;1#2;30;
0138;145140103;1;0;54;1#2;30;
0138;145140104;1;0;91;1#2;30;
0138;145140105;1;0;39;1#2;30;
0138;145140106;1;0;69;1#2;30;
0138;145140107;1;0;32;1#2;30;
0138;145140108;1;0;42;1#2;30;
0138;145140109;1;0;56;1#2;30;
0138;145140110;1;0;36;1#2;30;
0138;145140111;1;0;38;1#2;30;
0138;145140112;1;0;61;1#2;30;
0138;145140113;1;0;115;1#2;30;
0138;145140114;1;0;91;1#2;30;
0138;145140115;1;0;58;1#2;30;
0138;145140116;1;0;64;1#2;30;
0138;145140117;1;0;56;1#2;30;
0138;145140118;1;0;83;1#2;30;
0138;145140119;1;0;42;1#2;30;
0138;145140120;1;0;69;1#2;30;
0138;271829661;1;0;65;1#2;30;
0138;145140122;1;0;94;1#2;30;
0138;145140123;1;0;62;1#2;30;
0138;145140124;1;0;90;1#2;30;
0138;145140125;1;0;70;1#2;30;
0138;145140126;1;0;113;1#2;30;
0138;145140127;1;0;20;1#2;30;
0138;145140128;1;0;66;1#2;30;
0138;145140129;1;0;47;1#2;30;
0138;145140130;1;0;75;1#2;30;
0138;145140131;1;0;26;1#2;30;
0138;145140132;1;0;65;1#2;30;
0138;145140133;1;0;49;1#2;30;
0138;145140134;1;0;34;1#2;30;
0138;145140135;1;0;47;1#2;30;
0138;145140136;1;0;34;1#2;30;
0138;145140137;1;0;21;1#2;30;
0138;145140138;1;0;36;1#2;30;
0138;145140139;1;0;37;1#2;30;
0138;145140140;1;0;15;1#2;30;
0138;145140141;1;0;85;1#2;30;
0138;145140142;1;0;71;1#2;30;
0138;145140143;1;0;45;1#2;30;
0138;145140144;1;0;43;1#2;30;
0138;145140145;1;0;88;1#2;30;
0138;145140146;1;0;49;1#2;30;
0138;145140147;1;0;38;1#2;30;
0138;145140148;1;0;49;1#2;30;
0138;145140150;1;0;69;1#2;30;
0138;145140152;1;0;81;1#2;30;
0138;145140153;1;0;53;1#2;30;
0138;145140154;1;0;52;1#2;30;
0138;145140155;1;0;53;1#2;30;
0138;145140156;1;0;31;1#2;30;
0138;145140157;1;0;39;1#2;30;
0138;145140158;1;0;51;1#2;30;
0138;145140160;1;0;48;1#2;30;
0138;159596486;1;0;12;1#2;30;
0138;159596487;1;0;65;1#2;30;
0138;145140162;1;0;56;1#2;30;
0138;145140163;1;0;51;1#2;30;
0138;145140164;1;0;53;1#2;30;
0138;145140165;1;0;51;1#2;30;
0138;145140166;1;0;38;1#2;30;
0138;145140167;1;0;20;1#2;30;
0138;145140168;1;0;52;1#2;30;
0138;145140169;1;0;49;1#2;30;
0138;159596488;1;0;8;1#2;30;
0138;159596489;1;0;52;1#2;30;
0138;159596490;1;0;6;1#2;30;
0138;159596491;1;0;41;1#2;30;
0138;145140172;1;0;61;1#2;30;
0138;145140173;1;0;35;1#2;30;
0138;145140174;1;0;47;1#2;30;
0138;145140175;1;0;46;1#2;30;
0138;145140176;1;0;52;1#2;30;
0138;145140177;1;0;55;1#2;30;
0138;145140178;1;0;35;1#2;30;
0138;145140179;1;0;46;1#2;30;
0138;145140180;1;0;44;1#2;30;
0138;145140181;1;0;67;1#2;30;
0138;145140183;1;0;53;1#2;30;
0138;145140184;1;0;68;1#2;30;
0138;145140185;1;0;91;1#2;30;
0138;145140186;1;0;53;1#2;30;
0138;145140187;1;0;23;1#2;30;
0138;145140188;1;0;38;1#2;30;
0138;145140189;1;0;71;1#2;30;
0138;145140190;1;0;26;1#2;30;
0138;159596492;1;0;8;1#2;30;
0138;159596493;1;0;45;1#2;30;
0138;159596494;1;0;5;1#2;30;
0138;159596495;1;0;75;1#2;30;
0138;145140193;1;0;67;1#2;30;
0138;145140194;1;0;55;1#2;30;
0138;145140195;1;0;52;1#2;30;
0138;145140197;1;0;70;1#2;30;
0138;145140198;1;0;66;1#2;30;
0138;159596496;1;0;10;1#2;30;
0138;159596497;1;0;59;1#2;30;
0138;145140200;1;0;53;1#2;30;
0138;145140201;1;0;26;1#2;30;
0138;145140202;1;0;43;1#2;30;
0138;145140203;1;0;62;1#2;30;
0138;145140204;1;0;204;1#2;30;
0138;145140205;1;0;1070;1#2;30;
0138;145140206;1;0;284;1#2;30;
0138;145140207;1;0;516;1#2;30;
0138;276791274;1;0;120;1#2;30;
0138;276791275;1;0;37;1#2;30;
0138;145140209;1;0;202;1#2;30;
0138;145140210;1;0;127;1#2;30;
0138;276791276;1;0;14;1#2;30;
0138;276791277;1;0;26;1#2;30;
0138;276791278;1;0;118;1#2;30;
0138;145140213;1;0;69;1#2;30;
0138;276791279;1;0;71;1#2;30;
0138;145140215;1;0;257;1#2;30;
0138;145140216;1;0;64;1#2;30;
0138;145140217;1;0;627;1#2;30;
0138;145140218;1;0;71;1#2;30;
0138;145140219;1;0;311;1#2;30;
0138;145140220;1;0;158;1#2;30;
0138;145140221;1;0;545;1#2;30;
0138;145140222;1;0;157;1#2;30;
0138;145140223;1;0;184;1#2;30;
0138;145140224;1;0;151;1#2;30;
0138;145140225;1;0;139;1#2;30;
0138;145140226;1;0;249;1#2;30;
0138;145140227;1;0;164;1#2;30;
0138;145140228;1;0;64;1#2;30;
0138;145140229;1;0;54;1#2;30;
0138;145140230;1;0;90;1#2;30;
0138;145140231;1;0;90;1#2;30;
0138;145140232;1;0;65;1#2;30;
0138;145140233;1;0;141;1#2;30;
0138;145140234;1;0;114;1#2;30;
0138;145140235;1;0;194;1#2;30;
0138;145140236;1;0;68;1#2;30;
0138;145140237;1;0;148;1#2;30;
0138;145140238;1;0;402;1#2;30;
0138;145140239;1;0;133;1#2;30;
0138;145140240;1;0;168;1#2;30;
0138;145140241;1;0;146;1#2;30;
0138;145140242;1;0;200;1#2;30;
0138;145140243;1;0;91;1#2;30;
0138;145140244;1;0;88;1#2;30;
0138;145140246;1;0;158;1#2;30;
0138;145140247;1;0;127;1#2;30;
0138;145140248;1;0;60;1#2;30;
0138;276791280;1;0;177;1#2;30;
0138;276791281;1;0;47;1#2;30;
0138;276791282;1;0;259;1#2;30;
0138;145140250;1;0;71;1#2;30;
0138;145140251;1;0;114;1#2;30;
0138;145140253;1;0;73;1#2;30;
0138;145140255;1;0;72;1#2;30;
0138;145140256;1;0;40;1#2;30;
0138;145140257;1;0;100;1#2;30;
0138;145140258;1;0;195;1#2;30;
0138;145140259;1;0;131;1#2;30;
0138;145140260;1;0;182;1#2;30;
0138;145140261;1;0;102;1#2;30;
0138;145140262;1;0;203;1#2;30;
0138;145140263;1;0;373;1#2;30;
0138;276791283;1;0;42;1#2;30;
0138;276791284;1;0;216;1#2;30;
0138;276791285;1;0;645;1#2;30;
0138;276791286;1;0;157;1#2;30;
0138;276791287;1;0;250;1#2;30;
0138;145140266;1;0;698;1#2;30;
0138;145140267;1;0;138;1#2;30;
0138;276791288;1;0;646;1#2;30;
0138;276791289;1;0;445;1#2;30;
0138;276791290;1;0;230;1#2;30;
0138;276791291;1;0;125;1#2;30;
0138;276791292;1;0;52;1#2;30;
0138;145140271;1;0;815;1#2;30;
0138;145140272;1;0;136;1#2;30;
0138;145140273;1;0;142;1#2;30;
0138;145140274;1;0;275;1#2;30;
0138;145140275;1;0;161;1#2;30;
0138;145140276;1;0;91;1#2;30;
0138;145140277;1;0;704;1#2;30;
0138;145140278;1;0;184;1#2;30;
0138;145140279;1;0;195;1#2;30;
0138;145140280;1;0;226;1#2;30;
0138;145140281;1;0;282;1#2;30;
0138;145140282;1;0;158;1#2;30;
0138;145140283;1;0;109;1#2;30;
0138;145140284;1;0;224;1#2;30;
0138;145140285;1;0;54;1#2;30;
0138;145140286;1;0;81;1#2;30;
0138;145140287;1;0;753;1#2;30;
0138;145140288;1;0;89;1#2;30;
0138;145140289;1;0;46;1#2;30;
0138;145140290;1;0;381;1#2;30;
0138;145140291;1;0;95;1#2;30;
0138;145140292;1;0;63;1#2;30;
0138;145140293;1;0;59;1#2;30;
0138;145140294;1;0;112;1#2;30;
0138;145140295;1;0;44;1#2;30;
0138;145140296;1;0;151;1#2;30;
0138;145140297;1;0;495;1#2;30;
0138;145140298;1;0;100;1#2;30;
0138;145140299;1;0;70;1#2;30;
0138;145140300;1;0;143;1#2;30;
0138;145140301;1;0;733;1#2;30;
0138;145140302;1;0;336;1#2;30;
0138;145140303;1;0;296;1#2;30;
0138;145140304;1;0;188;1#2;30;
0138;145140305;1;0;134;1#2;30;
0138;145140306;1;0;262;1#2;30;
0138;145140307;1;0;126;1#2;30;
0138;145140308;1;0;101;1#2;30;
0138;145140309;1;0;651;1#2;30;
0138;145140310;1;0;105;1#2;30;
0138;145140311;1;0;162;1#2;30;
0138;145140312;1;0;88;1#2;30;
0138;145140313;1;0;111;1#2;30;
0138;145140314;1;0;280;1#2;30;
0138;145140315;1;0;131;1#2;30;
0138;145140316;1;0;87;1#2;30;
0138;145140317;1;0;119;1#2;30;
0138;145140318;1;0;76;1#2;30;
0138;145140319;1;0;80;1#2;30;
0138;145140320;1;0;138;1#2;30;
0138;145140321;1;0;68;1#2;30;
0138;145140322;1;0;92;1#2;30;
0138;145140323;1;0;141;1#2;30;
0138;145140324;1;0;87;1#2;30;
0138;145140325;1;0;84;1#2;30;
0138;159596498;1;0;7;1#2;30;
0138;159596499;1;0;111;1#2;30;
0138;145140330;1;0;303;1#2;30;
0138;145140331;1;0;293;1#2;30;
0138;145140332;1;0;178;1#2;30;
0138;145140333;1;0;276;1#2;30;
0138;159596500;1;0;8;1#2;30;
0138;276799835;1;0;78;1#2;30;
0138;276799836;1;0;64;1#2;30;
0138;145140335;1;0;92;1#2;30;
0138;145140336;1;0;149;1#2;30;
0138;145140337;1;0;521;1#2;30;
0138;145140338;1;0;189;1#2;30;
0138;145140339;1;0;138;1#2;30;
0138;276799837;1;0;670;1#2;30;
0138;276799838;1;0;66;1#2;30;
0138;145140341;1;0;111;1#2;30;
0138;145140342;1;0;93;1#2;30;
0138;145140343;1;0;84;1#2;30;
0138;145140344;1;0;90;1#2;30;
0138;145140345;1;0;87;1#2;30;
0138;276799839;1;0;79;1#2;30;
0138;276799840;1;0;1651;1#2;30;
0138;145140347;1;0;189;1#2;30;
0138;159596502;1;0;6;1#2;30;
0138;159596503;1;0;138;1#2;30;
0138;145140349;1;0;243;1#2;30;
0138;145140350;1;0;186;1#2;30;
0138;145140351;1;0;273;1#2;30;
0138;145140352;1;0;401;1#2;30;
0138;145140353;1;0;374;1#2;30;
0138;145140354;1;0;209;1#2;30;
0138;145140355;1;0;64;1#2;30;
0138;145140356;1;0;135;1#2;30;
0138;145140357;1;0;298;1#2;30;
0138;145140358;1;0;141;1#2;30;
0138;145140359;1;0;119;1#2;30;
0138;145140360;1;0;400;1#2;30;
0138;145140361;1;0;110;1#2;30;
0138;145140362;1;0;71;1#2;30;
0138;145140363;1;0;89;1#2;30;
0138;145140364;1;0;65;1#2;30;
0138;145140365;1;0;277;1#2;30;
0138;145140366;1;0;238;1#2;30;
0138;145140367;1;0;993;1#2;30;
0138;145140368;1;0;65;1#2;30;
0138;145140369;1;0;423;1#2;30;
0138;145140370;1;0;483;1#2;30;
0138;145140371;1;0;134;1#2;30;
0138;145140372;1;0;68;1#2;30;
0138;145140373;1;0;277;1#2;30;
0138;145140374;1;0;249;1#2;30;
0138;145140375;1;0;117;1#2;30;
0138;145140376;1;0;98;1#2;30;
0138;145140377;1;0;65;1#2;30;
0138;145140378;1;0;104;1#2;30;
0138;145140379;1;0;127;1#2;30;
0138;145140380;1;0;72;1#2;30;
0138;145140381;1;0;63;1#2;30;
0138;276794207;1;0;150;1#2;30;
0138;276794208;1;0;30;1#2;30;
0138;145140383;1;0;244;1#2;30;
0138;145140384;1;0;664;1#2;30;
0138;276800280;1;0;257;1#2;30;
0138;276800281;1;0;478;1#2;30;
0138;145140386;1;0;106;1#2;30;
0138;145140387;1;0;44;1#2;30;
0138;145140388;1;0;358;1#2;30;
0138;145140389;1;0;250;1#2;30;
0138;145140390;1;0;79;1#2;30;
0138;145140391;1;0;233;1#2;30;
0138;145140392;1;0;133;1#2;30;
0138;145140393;1;0;80;1#2;30;
0138;145140394;1;0;316;1#2;30;
0138;145140395;1;0;64;1#2;30;
0138;145140396;1;0;94;1#2;30;
0138;145140397;1;0;47;1#2;30;
0138;145140398;1;0;174;1#2;30;
0138;145140399;1;0;85;1#2;30;
0138;145140400;1;0;95;1#2;30;
0138;145140401;1;0;768;1#2;30;
0138;145140402;1;0;116;1#2;30;
0138;145140403;1;0;102;1#2;30;
0138;145140404;1;0;95;1#2;30;
0138;145140405;1;0;120;1#2;30;
0138;145140406;1;0;66;1#2;30;
0138;159596504;1;0;61;1#2;30;
0138;159596505;1;0;27;1#2;30;
0138;159596506;1;0;20;1#2;30;
0138;159596507;1;0;71;1#2;30;
0138;145140409;1;0;377;1#2;30;
0138;276794209;1;0;87;1#2;30;
0138;276794210;1;0;47;1#2;30;
0138;276794211;1;0;661;1#2;30;
0138;145140411;1;0;163;1#2;30;
0138;145140412;1;0;77;1#2;30;
0138;145140413;1;0;71;1#2;30;
0138;145140414;1;0;374;1#2;30;
0138;145140415;1;0;222;1#2;30;
0138;145140416;1;0;92;1#2;30;
0138;145140417;1;0;227;1#2;30;
0138;145140418;1;0;88;1#2;30;
0138;145140419;1;0;139;1#2;30;
0138;145140420;1;0;231;1#2;30;
0138;145140421;1;0;176;1#2;30;
0138;145140422;1;0;275;1#2;30;
0138;145140423;1;0;349;1#2;30;
0138;145140424;1;0;76;1#2;30;
0138;145140425;1;0;206;1#2;30;
0138;145140426;1;0;103;1#2;30;
0138;145140427;1;0;122;1#2;30;
0138;145140428;1;0;287;1#2;30;
0138;276794212;1;0;59;1#2;30;
0138;145140430;1;0;153;1#2;30;
0138;145140431;1;0;109;1#2;30;
0138;145140432;1;0;169;1#2;30;
0138;145140433;1;0;536;1#2;30;
0138;145140434;1;0;71;1#2;30;
0138;145140435;1;0;204;1#2;30;
0138;145140436;1;0;269;1#2;30;
0138;145143383;1;0;236;1#2;50;
0138;145143384;1;0;557;1#2;50;
0138;145143385;1;0;838;1#2;50;
0138;145143386;1;0;1872;1#2;50;
0138;145143387;1;0;1216;1#2;50;
0138;145143388;1;0;1393;1#2;50;
0138;145143389;1;0;61;1#2;50;
0138;145143390;1;0;43;1#2;50;
0138;145143391;1;0;201;1#2;50;
0138;145143392;1;0;2294;1#2;50;
0138;145143393;1;0;1918;1#2;50;
0138;145143394;1;0;1916;1#2;50;
0138;145143395;1;0;573;1#2;50;
0138;145143396;1;0;36;1#2;50;
0138;145143397;1;0;281;1#2;50;
0138;145143398;1;0;181;1#2;50;
0138;145143399;1;0;365;1#2;50;
0138;145143400;1;0;2822;1#2;50;
0138;145143401;1;0;185;1#2;50;
0138;145143402;1;0;133;1#2;50;
0138;145143403;1;0;263;1#2;50;
0138;145143404;1;0;116;1#2;50;
0138;145143405;1;0;492;1#2;50;
0138;145143406;1;0;1819;1#2;50;
0138;145143407;1;0;738;1#2;50;
0138;145143408;1;0;558;1#2;50;
0138;145143409;1;0;313;1#2;50;
0138;145143410;1;0;869;1#2;50;
0138;145143411;1;0;455;1#2;50;
0138;145143412;1;0;110;1#2;50;
0138;145143413;1;0;185;1#2;50;
0138;276794213;1;0;48;1#2;50;
0138;276794214;1;0;232;1#2;50;
0138;276794215;1;0;367;1#2;50;
0138;145143415;1;0;1045;1#2;50;
0138;145143416;1;0;485;1#2;50;
0138;145143417;1;0;118;1#2;50;
0138;145143418;1;0;350;1#2;50;
0138;145143419;1;0;16;1#2;50;
0138;276791293;1;0;73;1#2;50;
0138;276791294;1;0;112;1#2;50;
0138;276791295;1;0;293;1#2;50;
0138;145143421;1;0;790;1#2;50;
0138;145143422;1;0;273;1#2;50;
0138;159596508;1;0;9;1#2;50;
0138;159596509;1;0;15;1#2;50;
0138;145143424;1;0;311;1#2;50;
0138;276794216;1;0;109;1#2;50;
0138;276794217;1;0;514;1#2;50;
0138;145143784;1;0;300;1#2;80;
0138;145143785;1;0;157;1#2;80;
0138;145143786;1;0;36;1#2;80;
0138;145143787;1;0;192;1#2;80;
0138;145143788;1;0;312;1#2;80;
0138;145143789;1;0;135;1#2;80;
0138;145143799;1;0;34;1#2;80;
0138;145143800;1;0;112;1#2;80;
0138;145143801;1;0;13;1#2;80;
0138;145143811;1;0;115;1#2;80;
0138;145143812;1;0;364;1#2;80;
0138;145143812;1;0;364;1#2;70;
0138;145143812;2;337;364;1#2;80;
0138;145143813;1;0;28;1#2;80;
0138;276794218;1;0;110;1#2;80;
0138;276794219;1;0;414;1#2;80;
0138;272030352;1;0;307;1#2;80;
0138;145146450;1;0;458;1#2;80;
0138;145146451;1;0;255;1#2;80;
0138;145146452;1;0;163;1#2;80;
0138;145146453;1;0;811;1#2;80;
0138;145146454;1;0;308;1#2;80;
0138;145146455;1;0;200;1#2;80;
0138;276794220;1;0;30;1#2;80;
0138;276794221;1;0;29;1#2;80;
0138;276794222;1;0;363;1#2;80;
0138;145146457;1;0;485;1#2;80;
0138;145146458;1;0;142;1#2;80;
0138;145146459;1;0;52;1#2;80;
0138;145146460;1;0;54;1#2;80;
0138;145146461;1;0;93;1#2;80;
0138;145146462;1;0;371;1#2;80;
0138;145146463;1;0;196;1#2;80;
0138;145146464;1;0;56;1#2;80;
0138;145146465;1;0;120;1#2;80;
0138;145146466;1;0;75;1#2;80;
0138;145146467;1;0;192;1#2;80;
0138;145146468;1;0;94;1#2;80;
0138;145146469;1;0;114;1#2;80;
0138;145146470;1;0;107;1#2;80;
0138;145146471;1;0;78;1#2;80;
0138;145146472;1;0;482;1#2;80;
0138;145146473;1;0;67;1#2;80;
0138;145146474;1;0;120;1#2;80;
0138;145146475;1;0;103;1#2;80;
0138;145146476;1;0;370;1#2;80;
0138;145146477;1;0;7;1#2;80;
0138;276799841;1;0;24;1#2;80;
0138;276799842;1;0;243;1#2;80;
0138;276799842;2;129;243;1#2;60;
0138;145146479;1;0;65;1#2;60;
0138;276799843;1;0;56;1#2;60;
0138;276799844;1;0;38;1#2;60;
0138;145146481;1;0;92;1#2;60;
0138;145146482;1;0;34;1#2;60;
0138;145146485;1;0;4;1#2;60;
0138;272030353;1;0;2;1#2;60;
0138;272030354;1;0;28;1#2;60;
0138;145146487;1;0;115;1#2;60;
0138;145146488;1;0;417;1#2;60;
0138;145146488;2;300;417;1#2;80;
0138;145146489;1;0;316;1#2;80;
0138;145146490;1;0;201;1#2;80;
0138;145146491;1;0;140;1#2;80;
0138;145146492;1;0;142;1#2;80;
0138;145146493;1;0;242;1#2;80;
0138;145146494;1;0;438;1#2;80;
0138;145146495;1;0;239;1#2;80;
0138;276799845;1;0;75;1#2;80;
0138;276799846;1;0;4;1#2;80;
0138;276799847;1;0;176;1#2;80;
0138;145146497;1;0;18;1#2;80;
0138;145146498;1;0;157;1#2;80;
0138;145146499;1;0;94;1#2;80;
0138;145146500;1;0;29;1#2;80;
0138;145146501;1;0;551;1#2;80;
0138;145146502;1;0;32;1#2;80;
0138;145146503;1;0;470;1#2;80;
0138;145146504;1;0;334;1#2;80;
0138;145146505;1;0;55;1#2;80;
0138;145146506;1;0;79;1#2;80;
0138;272030355;1;0;148;1#2;80;
0138;272030356;1;0;430;1#2;80;
0138;272030356;2;325;430;1#2;70;
0138;145146508;1;0;7;1#2;70;
0138;145146509;1;0;34;1#2;70;
0138;145146510;1;0;254;1#2;70;
0138;145146510;2;159;254;1#2;40;
0138;145146511;1;0;82;1#2;40;
0138;145146512;1;0;98;1#2;40;
0138;159596510;1;0;16;1#2;40;
0138;159596511;1;0;25;1#2;40;
0138;145146514;1;0;19;1#2;40;
0138;145146515;1;0;22;1#2;40;
0138;145146516;1;0;12;1#2;40;
0138;145146517;1;0;25;1#2;40;
0138;145146518;1;0;22;1#2;40;
0138;276791296;1;0;80;1#2;40;
0138;276791297;1;0;7;1#2;40;
0138;276791298;1;0;4;1#2;40;
0138;145146520;1;0;11;1#2;40;
0138;145146521;1;0;299;1#2;40;
0138;145146521;2;247;299;1#2;60;
0138;145146522;1;0;203;1#2;60;
0138;145146523;1;0;64;1#2;60;
0138;145146524;1;0;309;1#2;60;
0138;276791299;1;0;165;1#2;60;
0138;276791300;1;0;17;1#2;60;
0138;276791301;1;0;18;1#2;60;
0138;276791302;1;0;152;1#2;60;
0138;276791302;2;98;152;1#2;80;
0138;276791303;1;0;15;1#2;80;
0138;145146527;1;0;103;1#2;80;
0138;145146528;1;0;252;1#2;80;
0138;145146529;1;0;323;1#2;80;
0138;145146530;1;0;56;1#2;80;
0138;145146531;1;0;174;1#2;80;
0138;145146532;1;0;131;1#2;80;
0138;145146533;1;0;55;1#2;80;
0138;145146534;1;0;120;1#2;80;
0138;145146535;1;0;110;1#2;80;
0138;145146536;1;0;160;1#2;80;
0138;276791304;1;0;129;1#2;80;
0138;276791305;1;0;82;1#2;80;
0138;145146538;1;0;791;1#2;80;
0138;145146538;2;586;791;1#2;60;
0138;145146539;1;0;21;1#2;60;
0138;145146540;1;0;30;1#2;60;
0138;276791306;1;0;430;1#2;60;
0138;276791306;2;275;430;1#2;80;
0138;276791307;1;0;54;1#2;80;
0138;276791308;1;0;69;1#2;80;
0138;145146542;1;0;13;1#2;80;
0138;145146994;1;0;215;1#2;80;
0138;145146995;1;0;14;1#2;80;
0138;145146996;1;0;359;1#2;80;
0138;145146997;1;0;37;1#2;80;
0138;145146998;1;0;103;1#2;80;
0138;145146999;1;0;150;1#2;80;
0138;145147000;1;0;516;1#2;80;
0138;275353666;1;0;607;1#2;80;
0138;275353667;1;0;8;1#2;80;
0138;145147002;1;0;299;1#2;80;
0138;145147002;2;244;299;1#2;60;
0138;145147003;1;0;152;1#2;60;
0138;145147004;1;0;221;1#2;60;
0138;145147005;1;0;237;1#2;60;
0138;145147006;1;0;50;1#2;60;
0138;145147007;1;0;563;1#2;60;
0138;276794223;1;0;137;1#2;60;
0138;145147010;1;0;29;1#2;60;
0138;276791309;1;0;11;1#2;60;
0138;276791310;1;0;20;1#2;60;
0138;276791311;1;0;53;1#2;60;
0138;145147012;1;0;4;1#2;60;
0138;145147013;1;0;3;1#2;80;
0138;145147014;1;0;8;1#2;80;
0138;145147015;1;0;47;1#2;80;
0138;145147016;1;0;12;1#2;80;
0138;145147017;1;0;486;1#2;80;
0138;145147018;1;0;37;1#2;80;
0138;145147019;1;0;27;1#2;80;
0138;145147020;1;0;584;1#2;80;
0138;145147021;1;0;24;1#2;80;
0138;145147022;1;0;67;1#2;80;
0138;145147023;1;0;65;1#2;80;
0138;145147024;1;0;59;1#2;80;
0138;145147025;1;0;36;1#2;80;
0138;276791312;1;0;22;1#2;80;
0138;276791313;1;0;5;1#2;80;
0138;145147027;1;0;204;1#2;80;
0138;145147028;1;0;144;1#2;80;
0138;145147029;1;0;28;1#2;80;
0138;145147030;1;0;4;1#2;80;
0138;145147032;1;0;22;1#2;40;
0138;145147033;1;0;163;1#2;40;
0138;145147033;2;51;163;1#2;40;
0138;145147034;1;0;32;1#2;40;
0138;145147035;1;0;43;1#2;40;
0138;145147036;1;0;63;1#2;40;
0138;145147037;1;0;37;1#2;40;
0138;145147038;1;0;43;1#2;40;
0138;276791314;1;0;28;1#2;40;
0138;276791315;1;0;89;1#2;40;
0138;145147040;1;0;71;1#2;40;
0138;276791316;1;0;30;1#2;40;
0138;276791317;1;0;40;1#2;40;
0138;276791318;1;0;74;1#2;40;
0138;145147042;1;0;7;1#2;40;
0138;145147043;1;0;417;1#2;40;
0138;145147043;2;126;417;1#2;60;
0138;145147044;1;0;141;1#2;60;
0138;145147045;1;0;65;1#2;60;
0138;145147046;1;0;151;1#2;60;
0138;145147047;1;0;34;1#2;60;
0138;145147048;1;0;171;1#2;60;
0138;145147049;1;0;38;1#2;60;
0138;145147050;1;0;261;1#2;60;
0138;145147050;2;35;261;1#2;80;
0138;145147051;1;0;137;1#2;80;
0138;276791319;1;0;136;1#2;80;
0138;276791320;1;0;197;1#2;80;
0138;145147053;1;0;551;1#2;80;
0138;276791321;1;0;35;1#2;80;
0138;276791322;1;0;95;1#2;80;
0138;145147055;1;0;43;1#2;80;
0138;145147056;1;0;161;1#2;80;
0138;145147057;1;0;225;1#2;80;
0138;145147058;1;0;1255;1#2;80;
0138;145147061;1;0;21;1#2#1H1;50;
0138;145147062;1;0;214;1#2;50;
0138;145147063;1;0;64;1#2;50;
0138;145147064;1;0;52;1#2;50;
0138;145147065;1;0;138;1#2;50;
0138;145147065;2;90;138;1#2;30;
0138;145147066;1;0;45;1#2;30;
0138;145147067;1;0;19;1#2;30;
0138;145147068;1;0;101;1#2;30;
0138;145147069;1;0;90;1#2;30;
0138;145147070;1;0;14;1#2;30;
0138;145147071;1;0;77;1#2;30;
0138;145147072;1;0;171;1#2;30;
0138;145147072;2;19;171;1#2;50;
0138;145147073;1;0;38;1#2;50;
0138;145147074;1;0;173;1#2;50;
0138;145147075;1;0;220;1#2;50;
0138;145147076;1;0;70;1#2;50;
0138;145147076;2;67;70;1#2;80;
0138;145147077;1;0;124;1#2;80;
0138;145147078;1;0;600;1#2;80;
0138;145147079;1;0;813;1#2;80;
0138;145147080;1;0;51;1#2;80;
0138;145147081;1;0;246;1#2;80;
0138;145147082;1;0;301;1#2;80;
0138;145147083;1;0;95;1#2;80;
0138;145147084;1;0;67;1#2;80;
0138;145147085;1;0;197;1#2;80;
0138;145147086;1;0;28;1#2;80;
0138;145147087;1;0;616;1#2;80;
0138;145147088;1;0;26;1#2;80;
0138;145147089;1;0;27;1#2;80;
0138;145147090;1;0;91;1#2;80;
0138;145147091;1;0;4;1#2;80;
0138;145147109;1;0;4;1#2;50;
0138;145147110;1;0;54;1#2;50;
0138;203058340;1;0;6;1#2;50;
0138;203058341;1;0;135;1#2;50;
0138;203058341;2;42;135;1#2;50;
0138;145147112;1;0;53;1#2;50;
0138;145147113;1;0;62;1#2;50;
0138;145147114;1;0;86;1#2;50;
0138;145147115;1;0;43;1#2;50;
0138;145147116;1;0;18;1#2;50;
0138;145147117;1;0;4;1#2;80;
0138;145147118;1;0;145;1#2;80;
0138;145147119;1;0;21;1#2;80;
0138;145147120;1;0;26;1#2;80;
0138;145147121;1;0;19;1#2;80;
0138;145147122;1;0;47;1#2;80;
0138;145147123;1;0;17;1#2;80;
0138;145147124;1;0;43;1#2;80;
0138;145147125;1;0;26;1#2;80;
0138;145147126;1;0;38;1#2;80;
0138;145147127;1;0;58;1#2;80;
0138;145147128;1;0;560;1#2;80;
0138;145147129;1;0;73;1#2;80;
0138;145147130;1;0;458;1#2;80;
0138;145147131;1;0;145;1#2;80;
0138;145147132;1;0;24;1#2;80;
0138;145147133;1;0;86;1#2;80;
0138;145147134;1;0;342;1#2;80;
0138;145147135;1;0;168;1#2;80;
0138;145147136;1;0;406;1#2;80;
0138;145147137;1;0;151;1#2;80;
0138;145147138;1;0;122;1#2;80;
0138;145147139;1;0;433;1#2;80;
0138;145147140;1;0;654;1#2;80;
0138;145147141;1;0;30;1#2;80;
0138;145147142;1;0;170;1#2;80;
0138;145147143;1;0;98;1#2;80;
0138;145147144;1;0;337;1#2;80;
0138;145147145;1;0;70;1#2;80;
0138;159596512;1;0;163;1#2;80;
0138;159596513;1;0;5;1#2;80;
0138;145147147;1;0;252;1#2;80;
0138;145147148;1;0;140;1#2;80;
0138;145147149;1;0;249;1#2;80;
0138;145147150;1;0;156;1#2;80;
0138;145147151;1;0;86;1#2;80;
0138;145147152;1;0;155;1#2;80;
0138;145147153;1;0;230;1#2;80;
0138;145147154;1;0;618;1#2;80;
0138;145147155;1;0;583;1#2;80;
0138;145147156;1;0;210;1#2;80;
0138;145147157;1;0;50;1#2;80;
0138;145147158;1;0;108;1#2;80;
0138;145147159;1;0;63;1#2;80;
0138;145147160;1;0;258;1#2;80;
0138;145147161;1;0;70;1#2;80;
0138;145147162;1;0;61;1#2;80;
0138;145147163;1;0;366;1#2;80;
0138;145147164;1;0;14;1#2;80;
0138;145147165;1;0;2;1#2;80;
0138;145147166;1;0;4;1#2;80;
0138;145147167;1;0;4;1#2;80;
0138;145147168;1;0;134;1#2;80;
0138;145147169;1;0;41;1#2;80;
0138;145147170;1;0;18;1#2;80;
0138;145147171;1;0;107;1#2;80;
0138;276794225;1;0;67;1#2;80;
0138;276794226;1;0;781;1#2;80;
0138;145147173;1;0;92;1#2;80;
0138;145147174;1;0;73;1#2;80;
0138;145147175;1;0;163;1#2;80;
0138;145147176;1;0;126;1#2;80;
0138;145147177;1;0;276;1#2;80;
0138;145147178;1;0;23;1#2;80;
0138;145147179;1;0;4;1#2;80;
0138;145147180;1;0;84;1#2;80;
0138;145147181;1;0;44;1#2;80;
0138;145147182;1;0;237;1#2;80;
0138;145147183;1;0;225;1#2;80;
0138;145147184;1;0;48;1#2;80;
0138;145147185;1;0;68;1#2;80;
0138;145147186;1;0;63;1#2;80;
0138;145147187;1;0;165;1#2;80;
0138;145147188;1;0;127;1#2;80;
0138;145147189;1;0;89;1#2;80;
0138;145147190;1;0;158;1#2;80;
0138;145147191;1;0;716;1#2;80;
0138;145147192;1;0;224;1#2;80;
0138;145147193;1;0;816;1#2;80;
0138;145147194;1;0;21;1#2;80;
0138;145147195;1;0;38;1#2;80;
0138;145147196;1;0;559;1#2;80;
0138;145147197;1;0;275;1#2;80;
0138;145147198;1;0;283;1#2;80;
0138;145147199;1;0;84;1#2;80;
0138;145147200;1;0;85;1#2;80;
0138;145147201;1;0;799;1#2;80;
0138;145147202;1;0;287;1#2;80;
0138;145147203;1;0;4;1#2;80;
0138;145147204;1;0;4;1#2;80;
0138;145147205;1;0;361;1#2;80;
0138;276794227;1;0;120;1#2;80;
0138;276794228;1;0;87;1#2;80;
0138;145147207;1;0;282;1#2;80;
0138;145147208;1;0;347;1#2;80;
0138;145147209;1;0;127;1#2;80;
0138;145147210;1;0;6;1#2;80;
0138;145147211;1;0;51;1#2;80;
0138;145150710;1;0;101;1#2;80;
0138;265387786;1;0;459;1#2;80;
0138;265387789;1;0;157;1#2;80;
0138;145150714;1;0;118;1#2;80;
0138;145150715;1;0;283;1#2;80;
0138;145150715;2;216;283;1#2;70;
0138;145150716;1;0;157;1#2;70;
0138;271661372;1;0;181;1#2;70;
0138;271661373;1;0;7;1#2;70;
0138;271661374;1;0;31;1#2;70;
0138;145150718;1;0;649;1#2;70;
0138;145150719;1;0;719;1#2;70;
0138;145150720;1;0;47;1#2;70;
0138;271661375;1;0;384;1#2;70;
0138;271661375;2;115;384;1#2;60;
0138;271661376;1;0;23;1#2;60;
0138;145150722;1;0;24;1#2;60;
0138;271661377;1;0;12;1#2;60;
0138;271661378;1;0;21;1#2;60;
0138;271661379;1;0;64;1#2;60;
0138;271661380;1;0;324;1#2;60;
0138;271661380;2;115;324;1#2;80;
0138;145150727;1;0;92;1#2;80;
0138;145150728;1;0;269;1#2;80;
0138;145150729;1;0;57;1#2;80;
0138;145150730;1;0;75;1#2;80;
0138;145152472;1;0;136;1#2;80;
0138;272030365;1;0;923;1#2;80;
0138;272030365;2;878;923;1#2;70;
0138;272030366;1;0;24;1#2;70;
0138;145152474;1;0;153;1#2;70;
0138;145152475;1;0;324;1#2;70;
0138;145152476;1;0;33;1#2;70;
0138;145152477;1;0;66;1#2;70;
0138;145152478;1;0;221;1#2;70;
0138;145152478;2;137;221;1#2;60;
0138;145152479;1;0;4;1#2;60;
0138;145152480;1;0;15;1#2;60;
0138;145152481;1;0;48;1#2;60;
0138;145152482;1;0;150;1#2;60;
0138;145152483;1;0;148;1#2;60;
0138;145152484;1;0;41;1#2;60;
0138;145152485;1;0;53;1#2;60;
0138;145152486;1;0;55;1#2;60;
0138;145152487;1;0;113;1#2;60;
0138;145152488;1;0;97;1#2;60;
0138;145152489;1;0;113;1#2;60;
0138;276794229;1;0;157;1#2;60;
0138;276794230;1;0;4;1#2;60;
0138;276794231;1;0;6;1#2;60;
0138;276794232;1;0;155;1#2;60;
0138;145152492;1;0;126;1#2;60;
0138;145152493;1;0;32;1#2;60;
0138;145152494;1;0;208;1#2;60;
0138;145152494;2;51;208;1#2;60;
0138;145152495;1;0;211;1#2;60;
0138;145152496;1;0;179;1#2;60;
0138;145152497;1;0;589;1#2;60;
0138;145152498;1;0;76;1#2;60;
0138;145152499;1;0;70;1#2;60;
0138;145152500;1;0;52;1#2;60;
0138;276794233;1;0;473;1#2;60;
0138;276794233;2;102;473;1#2;80;
0138;276794234;1;0;163;1#2;80;
0138;145152502;1;0;57;1#2;80;
0138;145152503;1;0;21;1#2;80;
0138;145152504;1;0;235;1#2;80;
0138;145152679;1;0;9;1#2;80;
0138;145152680;1;0;3;1#2;80;
0138;145152681;1;0;3;1#2;80;
0138;145152722;1;0;39;1#2;80;
0138;145152723;1;0;209;1#2;80;
0138;145152723;2;131;209;1#2;60;
0138;145152724;1;0;63;1#2;60;
0138;145152725;1;0;62;1#2;60;
0138;145152726;1;0;10;1#2;60;
0138;145152727;1;0;175;1#2;60;
0138;145152728;1;0;21;1#2;60;
0138;145152729;1;0;285;1#2;60;
0138;145152742;1;0;184;1#2;80;
0138;276791323;1;0;362;1#2;80;
0138;276791324;1;0;986;1#2;80;
0138;145152744;1;0;23;1#2;80;
0138;145152745;1;0;40;1#2;80;
0138;145152746;1;0;78;1#2;80;
0138;145152747;1;0;177;1#2;80;
0138;145152748;1;0;44;1#2;80;
0138;145152749;1;0;20;1#2;80;
0138;145152750;1;0;31;1#2;80;
0138;145152751;1;0;34;1#2;80;
0138;145152752;1;0;201;1#2;80;
0138;145152753;1;0;77;1#2;80;
0138;145152754;1;0;104;1#2;80;
0138;145152755;1;0;24;1#2;80;
0138;145152756;1;0;28;1#2;80;
0138;145152757;1;0;23;1#2;80;
0138;145152758;1;0;3;1#2;80;
0138;145152759;1;0;5;1#2;80;
0138;145152760;1;0;4;1#2;80;
0138;145152907;1;0;172;1#2;80;
0138;145152908;1;0;8;1#2;80;
0138;145152909;1;0;12;1#2;80;
0138;145154418;1;0;23;1;80;
0138;145154419;1;0;10;1;80;
0138;145154420;1;0;37;1;80;
0138;145154421;1;0;81;1;80;
0138;145154422;1;0;49;1;80;
0138;145154423;1;0;58;1;80;
0138;145154424;1;0;113;1;60;
0138;145154425;1;0;5;1;60;
0138;145154426;1;0;68;1;60;
0138;145154959;1;0;42;1;60;
0138;145154960;1;0;1;1;60;
0138;145154961;1;0;4;1;60;
0138;145155016;1;0;8;1;50;
0138;145155017;1;0;1;1;50;
0138;145155018;1;0;16;1;50;
0138;145155738;1;0;4;1#2;30;
0138;145155864;1;0;19;2;80;
0138;145155865;1;0;4;2;80;
0138;145155866;1;0;41;2;80;
0138;145155867;1;0;6;2;80;
0138;145155868;1;0;81;2;80;
0138;145155869;1;0;49;2;80;
0138;145155870;1;0;58;2;80;
0138;145155871;1;0;107;2;60;
0138;145155872;1;0;6;2;60;
0138;145155873;1;0;8;2;60;
0138;145155874;1;0;65;2;60;
0138;145156422;1;0;42;2;60;
0138;145156423;1;0;1;2;60;
0138;145156424;1;0;4;2;60;
0138;145156478;1;0;8;2;50;
0138;145156479;1;0;1;2;50;
0138;145156480;1;0;16;2;50;
0138;145157082;1;0;21;1H1;50;
0138;145157152;1;0;121;1#2;30;
0138;145157153;1;0;212;1#2;30;
0138;145157154;1;0;177;1#2;30;
0138;145157155;1;0;59;1#2;30;
0138;145157156;1;0;125;1#2;30;
0138;145157157;1;0;16;1#2;30;
0138;145157158;1;0;160;1#2;30;
0138;145157159;1;0;70;1#2;30;
0138;145157160;1;0;246;1#2;30;
0138;276791325;1;0;43;1#2;30;
0138;276791326;1;0;35;1#2;30;
0138;159596591;1;0;58;1#2;30;
0138;159596592;1;0;7;1#2;30;
0138;159596593;1;0;77;1#2;30;
0138;203058342;1;0;79;1#2;30;
0138;203058343;1;0;163;1#2;30;
0138;265387855;1;0;14;1#3;100;
0138;271834566;1;0;502;1#3;100;
0138;271834566;1;0;502;1#2;60;
0138;271834567;1;0;658;1#3;60;
0138;265387864;1;0;14;1#3;80;
0138;271834570;1;0;502;1#3;80;
0138;271834570;1;0;502;1#3;60;
0138;271834571;1;0;658;1#3;60;
0138;271829681;1;0;34;1#2;70;
0138;271829682;1;0;55;1#2;70;
0138;271829683;1;0;154;1#2;70;
0138;265387868;1;0;25;1;70;
0138;265387869;1;0;25;2;70;
0138;265387871;1;0;312;1#2;80;
0138;265387872;1;0;29;2;80;
0138;265387873;1;0;29;1;80;
0138;265387909;1;0;3;1;80;
0138;265387910;1;0;10;1;80;
0138;265387911;1;0;10;1;80;
0138;265387912;1;0;28;1;80;
0138;265387913;1;0;10;1;80;
0138;265387914;1;0;10;1;80;
0138;265387915;1;0;3;1;80;
0138;265387916;1;0;10;1;80;
0138;265387917;1;0;8;1;80;
0138;276791327;1;0;79;1#2;30;
0138;276791328;1;0;305;1#2;30;
0138;276791329;1;0;26;1#2;30;
0138;276791330;1;0;73;1#2;30;
0138;276791331;1;0;85;1#2;30;
0138;276791332;1;0;49;1#2;30;
0138;276791333;1;0;65;1#2;30;
0138;276791334;1;0;106;1#2;30;
0138;276791335;1;0;100;1#2;30;
0138;276791336;1;0;58;1#2;30;
0138;276791337;1;0;91;1#2;30;
0138;276791338;1;0;31;1#2;30;
0138;276791339;1;0;63;1#2;30;
0138;276791340;1;0;32;1#2;30;
0138;276791341;1;0;91;1#2;30;
0138;276791342;1;0;71;1#2;30;
0138;276791343;1;0;50;1#2;30;
0138;276791344;1;0;75;1#2;30;
0138;276791345;1;0;66;1#2;30;
0138;276791346;1;0;48;1#2;30;
0138;276791347;1;0;12;1#2;30;
0138;276791348;1;0;127;1#2;30;
0138;276791349;1;0;87;1#2;30;
0138;276791350;1;0;13;1#2;30;
0138;276791351;1;0;85;1#2;30;
0138;276791352;1;0;180;1#2;30;
0138;276791353;1;0;28;1#2;30;
0138;276791354;1;0;141;1#2;30;
0138;276791355;1;0;14;1#2;30;
0138;276808720;1;0;11;1#2;30;
0138;276808721;1;0;6;1#2;30;
0138;276791357;1;0;48;1#2;30;
0138;276791358;1;0;167;1#2;30;
0138;276791359;1;0;54;1#2;30;
0138;276791360;1;0;15;1#2;30;
0138;276791361;1;0;64;1#2;30;
0138;276791362;1;0;59;1#2;30;
0138;276791363;1;0;54;1#2;30;
0138;276791364;1;0;77;1#2;30;
0138;276791366;1;0;145;1#2;30;
0138;276791367;1;0;112;1#2;30;
0138;276791368;1;0;14;1#2;30;
0138;276791369;1;0;97;1#2;30;
0138;276791370;1;0;1028;1#2;30;
0138;276791371;1;0;133;1#2;30;
0138;276791372;1;0;83;1#2;30;
0138;276791373;1;0;187;1#2;30;
0138;276791374;1;0;91;1#2;30;
0138;276791375;1;0;291;1#2;30;
0138;276791376;1;0;66;1#2;30;
0138;276791377;1;0;80;1#2;30;
0138;276791378;1;0;36;1#2;30;
0138;276791379;1;0;492;1#2;30;
0138;276791380;1;0;22;1#2;30;
0138;276791381;1;0;20;1#2;30;
0138;276794235;1;0;28;1#2;30;
0138;276794236;1;0;365;1#2;30;
0138;276794237;1;0;95;1#2;30;
0138;276794238;1;0;38;1#2;30;
0138;276794239;1;0;142;1#2;30;
0138;276794240;1;0;46;1#2;30;
0138;276794241;1;0;216;1#2;30;
0138;276794242;1;0;100;1#2;30;
0138;276794243;1;0;235;1#2;30;
0138;276794244;1;0;70;1#2;30;
0138;276794245;1;0;55;1#2;30;
0138;276794246;1;0;89;1#2;30;
0138;276794247;1;0;63;1#2;30;
0138;276794248;1;0;56;1#2;30;
0138;276794249;1;0;37;1#2;30;
0138;276794250;1;0;62;1#2;30;
0138;276794251;1;0;285;1#2;30;
0138;276794252;1;0;4;2;60;
0138;276794253;1;0;30;2;60;
0138;276794254;1;0;4;1;60;
0138;276794255;1;0;30;1;60;
0138;276799851;1;0;64;1#2;30;
0138;276799852;1;0;10;1#2;30;
0138;276799853;1;0;10;1#2;30;
0138;276799854;1;0;43;1#2;30;
0138;276799855;1;0;26;1#2;30;
0138;276799856;1;0;172;1#2;30;
0138;276799857;1;0;88;1#2;30;
0138;276799858;1;0;39;1#2;30;
0138;276799859;1;0;188;1#2;30;
0138;276799860;1;0;52;1#2;80;
0138;276799861;1;0;11;1#2;80;
0138;276799862;1;0;85;1#2;30;
0138;276799863;1;0;124;1#2;30;
0138;276799864;1;0;534;1#2;30;
0138;276799865;1;0;37;1#2;30;
0138;276799866;1;0;34;1#2;30;
