*0238*2011 VEGNETT*20110511*INNF*20110511*VDB SVNT*AHT
..Eksport-dato 20110511


Komm; TransID;kode;Fra;   Til;felt;Retning;
0238;145237084;1;0;8;1;2;
0238;145237085;1;0;8;1;2;
0238;145237086;1;0;8;1;2;
0238;145237087;1;0;6;1;2;
0238;145237088;1;0;7;1;2;
0238;145237089;1;0;7;1;2;
0238;145237090;1;0;4;1;2;
0238;145237091;1;0;6;1;2;
0238;145237092;1;0;4;1;2;
0238;145237093;1;0;4;1;2;
0238;145237094;1;0;4;1;2;
0238;145237095;1;0;5;1;2;
0238;145237096;1;0;4;1;2;
0238;145237097;1;0;9;1;2;
0238;145237098;1;0;10;1;2;
0238;145237099;1;0;40;1;2;
0238;145237100;1;0;6;1;2;
0238;145237101;1;0;6;1;2;
0238;145237102;1;0;7;1;2;
0238;145237103;1;0;8;1;2;
0238;145237104;1;0;8;1;2;
0238;145237105;1;0;9;1;2;
0238;145237106;1;0;6;1;2;
0238;145237107;1;0;4;1;2;
0238;145237614;1;0;12;1;2;
0238;145237615;1;0;10;1;2;
0238;145237616;1;0;8;1;2;
0238;145237617;1;0;8;1;2;
0238;145237618;1;0;7;1;2;
0238;145237619;1;0;8;1;2;
0238;145237620;1;0;8;1;2;
0238;145237621;1;0;5;1;2;
0238;145237622;1;0;7;1;2;
0238;145237623;1;0;10;1;2;
0238;145237692;1;0;6;1;2;
0238;145237693;1;0;5;1;2;
0238;145237694;1;0;8;1;2;
0238;145237695;1;0;8;1;2;
0238;145237696;1;0;10;1;2;
0238;145237697;1;0;5;1;2;
0238;145237698;1;0;8;1;2;
0238;145237699;1;0;4;1;2;
0238;145237700;1;0;6;1;2;
0238;145237701;1;0;4;1;2;
0238;145237702;1;0;9;1;2;
0238;145237703;1;0;8;1;2;
0238;145237704;1;0;6;1;2;
0238;145237705;1;0;8;1;2;
0238;145237706;1;0;6;1;2;
0238;145237707;1;0;6;1;2;
0238;145237708;1;0;13;1;2;
0238;145237709;1;0;8;1;2;
0238;145237710;1;0;4;1;2;
0238;145237711;1;0;13;1;2;
0238;145237712;1;0;8;1;2;
0238;145237713;1;0;8;1;2;
0238;145237714;1;0;6;1;2;
0238;145237715;1;0;9;1;2;
0238;145237716;1;0;6;1;2;
0238;145237717;1;0;3;1;2;
0238;145237718;1;0;8;1;2;
0238;145237719;1;0;6;1;2;
0238;145237720;1;0;6;1;2;
0238;145240020;1;0;5;1;2;
0238;145240021;1;0;11;1;2;
0238;145240022;1;0;14;1;2;
0238;145240023;1;0;6;1;2;
0238;145240024;1;0;9;1;2;
0238;145240025;1;0;15;1;2;
0238;145240026;1;0;6;1;2;
0238;145240027;1;0;10;1;2;
0238;145248175;1;0;4;1;2;
0238;145248176;1;0;4;1;2;
0238;145248177;1;0;4;1;2;
0238;145248178;1;0;12;1;2;
0238;145248179;1;0;5;1;2;
0238;145248180;1;0;4;1;2;
0238;145248181;1;0;8;1;2;
0238;145248182;1;0;5;1;2;
0238;145248183;1;0;5;1;2;
0238;145248184;1;0;3;1;2;
0238;145248185;1;0;7;1;2;
0238;145248186;1;0;5;1;2;
0238;145249313;1;0;6;1;2;
0238;145249314;1;0;13;1;2;
0238;145249315;1;0;12;1;2;
0238;145249316;1;0;10;1;2;
0238;145249317;1;0;4;1;2;
0238;145249318;1;0;6;1;2;
0238;145249319;1;0;6;1;2;
0238;145249320;1;0;9;1;2;
0238;145249321;1;0;11;1;2;
0238;145249322;1;0;8;1;2;
0238;145249323;1;0;5;1;2;
0238;145249324;1;0;4;1;2;
0238;145253334;1;0;42;1;2;
0238;145253335;1;0;46;1;2;
0238;145253336;1;0;64;1;2;
0238;145253337;1;0;51;1;2;
0238;145253338;1;0;62;1;2;
0238;145253339;1;0;5;1;2;
0238;145253340;1;0;3;1;2;
0238;145253341;1;0;5;1;2;
0238;145253342;1;0;70;1;2;
0238;145253426;1;0;36;1;2;
0238;145253427;1;0;31;1;2;
0238;145253428;1;0;43;1;2;
0238;145253429;1;0;28;1;2;
0238;145253430;1;0;35;1;2;
0238;145253431;1;0;36;1;2;
0238;157085506;1;0;26;1;2;
0238;157085507;1;0;2;1;2;
0238;145253433;1;0;12;1;2;
0238;157085508;1;0;25;1;2;
0238;157085509;1;0;5;1;2;
0238;145253435;1;0;30;1;2;
0238;145253436;1;0;52;1;2;
0238;145253437;1;0;33;1;2;
0238;145253445;1;0;5;1;2;
0238;145253446;1;0;33;1;2;
0238;145254193;1;0;52;1;2;
0238;174618104;1;0;16;1;2;
0238;174618105;1;0;35;1;2;
0238;145254195;1;0;15;1;2;
0238;145254196;1;0;25;1#1V1;2;
0238;145254197;1;0;25;1#1V1;2;
0238;145254198;1;0;2;1;2;
0238;145254199;1;0;13;1;2;
0238;145254200;1;0;6;1;2;
0238;145254201;1;0;7;1;2;
0238;145254202;1;0;70;1;2;
0238;145254203;1;0;5;1;2;
0238;145254220;1;0;11;1;2;
0238;145254221;1;0;28;1;2;
0238;145255447;1;0;4;1;2;
0238;145255448;1;0;56;1;2;
0238;145255449;1;0;7;1;2;
0238;145255450;1;0;4;1;2;
0238;145255451;1;0;44;1#1V1;2;
0238;145255452;1;0;27;1;2;
0238;145255453;1;0;6;1;2;
0238;157085510;1;0;15;1;2;
0238;157085511;1;0;10;1;2;
0238;145255455;1;0;22;1;2;
0238;145255456;1;0;5;1;2;
0238;145255457;1;0;31;1;2;
0238;261248542;1;0;12;1;2;
0238;261248543;1;0;14;1;2;
0238;145255459;1;0;18;1;2;
0238;145255460;1;0;65;1;2;
0238;145255461;1;0;64;1;2;
0238;145255462;1;0;21;1;2;
0238;145255463;1;0;5;1;2;
0238;145255464;1;0;37;1;2;
0238;145255465;1;0;4;1;2;
0238;145256150;1;0;24;1;2;
0238;157085512;1;0;11;1;2;
0238;157085513;1;0;19;1;2;
0238;145256152;1;0;30;1;2;
0238;261248544;1;0;13;1;2;
0238;261248545;1;0;12;1;2;
0238;145256154;1;0;25;1;2;
0238;145256155;1;0;33;1;2;
0238;145256156;1;0;25;1;2;
0238;157085514;1;0;13;1;2;
0238;157085515;1;0;20;1;2;
0238;261248546;1;0;5;1;2;
0238;261248547;1;0;16;1;2;
0238;145256336;1;0;23;1;2;
0238;145257145;1;0;42;2;1;
0238;145257146;1;0;46;2;1;
0238;145257147;1;0;64;2;1;
0238;145257148;1;0;51;2;1;
0238;145257149;1;0;62;2;1;
0238;145257150;1;0;5;2;1;
0238;145257151;1;0;3;2;1;
0238;145257152;1;0;5;2;1;
0238;145257153;1;0;70;2;1;
0238;145257238;1;0;36;2;1;
0238;145257239;1;0;31;2;1;
0238;145257240;1;0;43;2;1;
0238;145257241;1;0;28;2;1;
0238;145257242;1;0;35;2;1;
0238;145257243;1;0;36;2;1;
0238;157085516;1;0;26;2;1;
0238;157085517;1;0;3;2;1;
0238;145257245;1;0;11;2;1;
0238;157085518;1;0;25;2;1;
0238;157085519;1;0;5;2;1;
0238;145257247;1;0;30;2;1;
0238;145257248;1;0;52;2;1;
0238;145257249;1;0;33;2;1;
0238;145257258;1;0;5;2;1;
0238;145257259;1;0;33;2;1;
0238;145257989;1;0;52;2;1;
0238;174618106;1;0;15;2;1;
0238;174618107;1;0;36;2;1;
0238;145257991;1;0;15;2;1;
0238;145257992;1;0;25;2;1;
0238;145257993;1;0;25;2;1;
0238;145257994;1;0;2;2;1;
0238;145257995;1;0;13;2#2H1;1;
0238;145257996;1;0;6;2;1;
0238;145257997;1;0;7;2;1;
0238;145257998;1;0;70;2;1;
0238;145257999;1;0;5;2;1;
0238;145258017;1;0;11;2;1;
0238;145258018;1;0;28;2;1;
0238;145259241;1;0;4;2;1;
0238;145259242;1;0;56;2;1;
0238;145259243;1;0;7;2;1;
0238;145259244;1;0;4;2;1;
0238;145259245;1;0;37;2;1;
0238;145259246;1;0;7;2;1;
0238;145259247;1;0;4;2;1;
0238;145259248;1;0;23;2;1;
0238;145259249;1;0;6;2;1;
0238;157085520;1;0;15;2;1;
0238;157085521;1;0;10;2;1;
0238;145259251;1;0;22;2;1;
0238;145259252;1;0;5;2;1;
0238;145259253;1;0;31;2;1;
0238;261248548;1;0;12;2;1;
0238;261248549;1;0;14;2;1;
0238;145259255;1;0;18;2;1;
0238;145259256;1;0;65;2;1;
0238;145259257;1;0;64;2;1;
0238;145259258;1;0;21;2;1;
0238;145259259;1;0;5;2;1;
0238;145259260;1;0;37;2;1;
0238;145259261;1;0;4;2;1;
0238;145259849;1;0;24;2;1;
0238;157085522;1;0;11;2;1;
0238;157085523;1;0;19;2;1;
0238;145259851;1;0;30;2;1;
0238;261248550;1;0;13;2;1;
0238;261248551;1;0;12;2;1;
0238;145259853;1;0;25;2;1;
0238;145259854;1;0;33;2;1;
0238;145259855;1;0;25;2;1;
0238;157085524;1;0;13;2;1;
0238;157085525;1;0;20;2;1;
0238;261248552;1;0;5;2;1;
0238;261248553;1;0;16;2;1;
0238;145259974;1;0;23;2;1;
