*0532*2011 VEGNETT*20110511*FART*20110511*VDB SVNT*AHT
..Eksport-dato 20110511
50;

Komm; TransID;kode;Fra;   Til;felt; Fart;
0532;145427362;1;0;48;1#2;30;
0532;145427363;1;0;116;1#2;30;
0532;145427364;1;0;33;1#2;30;
0532;145427365;1;0;260;1#2;50;
0532;145427366;1;0;86;1#2;50;
0532;145427367;1;0;30;1#2;50;
0532;145427368;1;0;358;1#2;50;
0532;145427369;1;0;82;1#2;50;
0532;145427370;1;0;3;1#2;50;
0532;145427371;1;0;613;1#2;50;
0532;145427372;1;0;877;1#2;50;
0532;145427373;1;0;468;1#2;50;
0532;145427374;1;0;29;1#2;50;
0532;145427375;1;0;119;1#2;60;
0532;145427376;1;0;24;1#2;60;
0532;145427377;1;0;69;1#2;60;
0532;145427378;1;0;282;1#2;60;
0532;145427379;1;0;131;1#2;60;
0532;145427380;1;0;15;1#2;60;
0532;145427381;1;0;56;1#2;30;
0532;145427382;1;0;41;1#2;30;
0532;145427383;1;0;21;1#2;30;
0532;145427384;1;0;8;1#2;30;
0532;145427385;1;0;54;1#2;30;
0532;145427386;1;0;362;1#2;50;
0532;145427387;1;0;19;1#2;50;
0532;145427388;1;0;188;1#2;50;
0532;145427389;1;0;66;1#2;30;
0532;145427390;1;0;357;1#2;30;
0532;145427391;1;0;332;1#2;30;
0532;145427392;1;0;378;1#2;30;
0532;145427393;1;0;206;1#2;30;
0532;145427394;1;0;38;1#2;30;
0532;145427395;1;0;106;1#2;30;
0532;145427396;1;0;274;1#2;30;
0532;145427397;1;0;494;1#2;50;
0532;145427398;1;0;148;1#2;50;
0532;145427399;1;0;21;1#2;50;
0532;145427400;1;0;23;1#2;80;
0532;145427401;1;0;508;1#2;60;
0532;145427402;1;0;67;1#2;60;
0532;145427403;1;0;43;1#2;60;
0532;145427404;1;0;167;1#2;60;
0532;145427405;1;0;109;1#2;60;
0532;145427406;1;0;212;1#2;60;
0532;145427407;1;0;186;1#2;60;
0532;145427408;1;0;113;1#2;60;
0532;145427409;1;0;441;1#2;60;
0532;145427410;1;0;242;1#2;60;
0532;145427411;1;0;308;1#2;60;
0532;145427412;1;0;123;1#2;60;
0532;145427413;1;0;73;1#2;60;
0532;145427414;1;0;124;1#2;50;
0532;145427415;1;0;292;1#2;50;
0532;145427416;1;0;59;1#2;50;
0532;145427417;1;0;56;1#2;50;
0532;145427418;1;0;30;1#2;50;
0532;145427419;1;0;2;1#2;50;
0532;145427420;1;0;226;1#2;50;
0532;145427421;1;0;354;1#2;50;
0532;145427422;1;0;166;1#2;50;
0532;145427423;1;0;23;1#2;50;
0532;145427424;1;0;5;1#2;50;
0532;145427425;1;0;272;1#2;60;
0532;145427426;1;0;187;1#2;60;
0532;145427427;1;0;622;1#2;60;
0532;145427428;1;0;53;1#2;60;
0532;145427429;1;0;15;1#2;60;
0532;145427430;1;0;247;1#2;60;
0532;145427431;1;0;93;1#2;60;
0532;145427432;1;0;220;1#2;60;
0532;145427433;1;0;229;1#2;60;
0532;145427434;1;0;213;1#2;60;
0532;145427435;1;0;416;1#2;60;
0532;145427436;1;0;91;1#2;60;
0532;145427437;1;0;9;1#2;60;
0532;145427438;1;0;404;1#2;60;
0532;145427439;1;0;92;1#2;60;
0532;145427440;1;0;71;1#2;60;
0532;145427441;1;0;11;1#2;60;
0532;145427442;1;0;202;1#2;60;
0532;145427443;1;0;153;1#2;60;
0532;145427444;1;0;255;1#2;60;
0532;145427445;1;0;121;1#2;60;
0532;145427446;1;0;9;1#2;60;
0532;145427447;1;0;38;1#2;60;
0532;145427448;1;0;102;1#2;60;
0532;145427449;1;0;131;1#2;60;
0532;145427450;1;0;140;1#2;60;
0532;145427451;1;0;124;1#2;50;
0532;145427452;1;0;27;1#2;80;
0532;145427453;1;0;69;1#2;80;
0532;145427454;1;0;24;1#2;80;
0532;145427455;1;0;62;1#2;80;
0532;145427456;1;0;172;1#2;80;
0532;145427457;1;0;191;1#2;80;
0532;145427458;1;0;87;1#2;50;
0532;145427459;1;0;35;1#2;50;
0532;145427460;1;0;6;1#2;50;
0532;145427461;1;0;31;1#2;50;
0532;145427462;1;0;191;1#2;50;
0532;145427463;1;0;97;1#2;50;
0532;145427464;1;0;135;1#2;50;
0532;145427465;1;0;74;1#2;50;
0532;145427466;1;0;141;1#2;50;
0532;145427467;1;0;66;1#2;50;
0532;145427468;1;0;362;1#2;50;
0532;145427469;1;0;6;1#2;50;
0532;145427470;1;0;143;1#2;50;
0532;145427471;1;0;129;1#2;50;
0532;145427472;1;0;4;1#2;50;
0532;145427473;1;0;12;1#2;50;
0532;145427474;1;0;154;1#2;50;
0532;145427475;1;0;276;1#2;50;
0532;145427476;1;0;87;1#2;50;
0532;145427477;1;0;180;1#2;50;
0532;145427478;1;0;50;1#2;50;
0532;145427479;1;0;248;1#2;50;
0532;145427480;1;0;19;1#2;50;
0532;145427481;1;0;211;1#2;50;
0532;145427482;1;0;272;1#2;50;
0532;145427483;1;0;572;1#2;50;
0532;145427484;1;0;258;1#2;80;
0532;145427485;1;0;147;1#2;80;
0532;145427486;1;0;57;1#2;80;
0532;145427487;1;0;381;1#2;80;
0532;145427488;1;0;44;1#2;80;
0532;145427489;1;0;165;1#2;80;
0532;145427490;1;0;132;1#2;80;
0532;145427491;1;0;69;1#2;80;
0532;145427492;1;0;39;1#2;80;
0532;145427493;1;0;105;1#2;80;
0532;145427494;1;0;42;1#2;80;
0532;145427495;1;0;10;1#2;80;
0532;145427496;1;0;15;1#2;50;
0532;145427497;1;0;155;1#2;30;
0532;145427498;1;0;30;1#2;30;
0532;145427499;1;0;8;1#2;80;
0532;145427500;1;0;30;1#2;30;
0532;145427501;1;0;80;1#2;30;
0532;145427503;1;0;72;1#2;30;
0532;145427504;1;0;96;1#2;30;
0532;145427505;1;0;86;1#2;30;
0532;145427506;1;0;2;1#2;30;
0532;145427507;1;0;32;1#2;30;
0532;145427508;1;0;31;1#2;30;
0532;145427509;1;0;60;1#2;30;
0532;145427510;1;0;114;1#2;30;
0532;145427511;1;0;12;1#2;30;
0532;145427512;1;0;129;1#2;30;
0532;145427513;1;0;19;1#2;30;
0532;197580089;1;0;21;1#2;30;
0532;197580090;1;0;8;1#2;30;
0532;145427515;1;0;103;1#2;30;
0532;145427516;1;0;77;1#2;30;
0532;145427517;1;0;76;1#2;30;
0532;145427518;1;0;37;1#2;30;
0532;145427519;1;0;103;1#2;30;
0532;145427520;1;0;102;1#2;30;
0532;145427521;1;0;80;1#2;30;
0532;145427522;1;0;209;1#2;30;
0532;145427523;1;0;37;1#2;30;
0532;145427524;1;0;59;1#2;50;
0532;145427526;1;0;38;1#2;30;
0532;145427527;1;0;91;1#2;30;
0532;145427528;1;0;123;1#2;30;
0532;145427529;1;0;51;1#2;30;
0532;145427530;1;0;57;1#2;30;
0532;145427531;1;0;49;1#2;30;
0532;145427532;1;0;108;1#2;30;
0532;145427533;1;0;101;1#2;30;
0532;145427534;1;0;81;1#2;30;
0532;145427535;1;0;175;1#2;30;
0532;145427536;1;0;49;1#2;30;
0532;145427537;1;0;9;1#2;30;
0532;145427538;1;0;62;1#2;30;
0532;145427539;1;0;62;1#2;30;
0532;145427540;1;0;49;1#2;30;
0532;145427541;1;0;57;1#2;30;
0532;145427542;1;0;20;1#2;30;
0532;145427543;1;0;34;1#2;50;
0532;145427544;1;0;120;1#2;50;
0532;145427545;1;0;159;1#2;50;
0532;145427546;1;0;126;1#2;50;
0532;145427547;1;0;72;1#2;50;
0532;145427548;1;0;435;1#2;50;
0532;145427549;1;0;68;1#2;50;
0532;145427550;1;0;37;1#2;30;
0532;145427551;1;0;56;1#2;30;
0532;145427552;1;0;62;1#2;30;
0532;145427553;1;0;49;1#2;30;
0532;145427554;1;0;38;1#2;30;
0532;145427555;1;0;15;1#2;30;
0532;145427556;1;0;23;1#2;30;
0532;145427557;1;0;9;1#2;50;
0532;145427558;1;0;67;1#2;50;
0532;145427559;1;0;30;1#2;50;
0532;145427560;1;0;293;1#2;30;
0532;145427561;1;0;4;1#2;30;
0532;145427562;1;0;62;1#2;30;
0532;145427563;1;0;3;1#2;30;
0532;145427564;1;0;61;1#2;30;
0532;145427565;1;0;2;1#2;30;
0532;145427566;1;0;51;1#2;30;
0532;145427567;1;0;3;1#2;30;
0532;145427568;1;0;50;1#2;30;
0532;145427569;1;0;13;1#2;30;
0532;145427570;1;0;237;1#2;30;
0532;197580093;1;0;20;1#2;30;
0532;197580094;1;0;22;1#2;30;
0532;145427572;1;0;60;1#2;30;
0532;145427573;1;0;66;1#2;30;
0532;145427574;1;0;55;1#2;30;
0532;145427575;1;0;49;1#2;30;
0532;145427576;1;0;46;1#2;30;
0532;145427577;1;0;23;1#2;50;
0532;145427578;1;0;177;1#2;30;
0532;145427579;1;0;525;1#2;30;
0532;145427580;1;0;133;1#2;30;
0532;145427581;1;0;74;1#2;30;
0532;145427582;1;0;144;1#2;30;
0532;145427583;1;0;680;1#2;30;
0532;145427585;1;0;89;1#2;80;
0532;145427586;1;0;10;1#2;80;
0532;145427587;1;0;79;1#2;80;
0532;145427588;1;0;276;1#2;30;
0532;145427589;1;0;176;1#2;30;
0532;145427590;1;0;44;1#2;30;
0532;145427591;1;0;63;1#2;30;
0532;145427592;1;0;69;1#2;30;
0532;145427593;1;0;155;1#2;30;
0532;145427594;1;0;32;1#2;30;
0532;145427595;1;0;23;1#2;30;
0532;145427596;1;0;14;1#2;30;
0532;145427597;1;0;6;1#2;30;
0532;145427598;1;0;46;1#2;30;
0532;145427599;1;0;4;1#2;30;
0532;145427600;1;0;131;1#2;30;
0532;145427601;1;0;102;1#2;30;
0532;145427602;1;0;213;1#2;30;
0532;145427603;1;0;53;1#2;30;
0532;145427604;1;0;95;1#2;30;
0532;145427605;1;0;23;1#2;30;
0532;145427606;1;0;24;1#2;30;
0532;145427607;1;0;55;1#2;30;
0532;145427608;1;0;100;1#2;30;
0532;145427609;1;0;72;1#2;30;
0532;145427610;1;0;88;1#2;30;
0532;145427611;1;0;15;1#2;50;
0532;145427612;1;0;164;1#2;30;
0532;145427613;1;0;11;1#2;30;
0532;145427614;1;0;98;1#2;30;
0532;145427615;1;0;36;1#2;30;
0532;145427616;1;0;28;1#2;30;
0532;145427617;1;0;32;1#2;30;
0532;145427618;1;0;72;1#2;30;
0532;145427619;1;0;8;1#2;30;
0532;145427620;1;0;31;1#2;30;
0532;145427621;1;0;66;1#2;30;
0532;145427622;1;0;75;1#2;30;
0532;145427623;1;0;62;1#2;30;
0532;145427624;1;0;105;1#2;50;
0532;145427625;1;0;59;1#2;30;
0532;145427626;1;0;147;1#2;30;
0532;145427627;1;0;107;1#2;30;
0532;145427628;1;0;5;1#2;30;
0532;145427629;1;0;229;1#2;30;
0532;145427630;1;0;108;1#2;30;
0532;145427631;1;0;73;1#2;30;
0532;145427632;1;0;73;1#2;30;
0532;145427633;1;0;41;1#2;30;
0532;145427634;1;0;77;1#2;30;
0532;145427635;1;0;7;1#2;30;
0532;145427636;1;0;149;1#2;30;
0532;145427637;1;0;66;1#2;30;
0532;145427638;1;0;117;1#2;30;
0532;145427639;1;0;62;1#2;30;
0532;145427640;1;0;188;1#2;30;
0532;145427641;1;0;64;1#2;30;
0532;145427642;1;0;78;1#2;30;
0532;145427643;1;0;41;1#2;30;
0532;145427644;1;0;37;1#2;30;
0532;145427645;1;0;93;1#2;30;
0532;145427646;1;0;2;1#2;30;
0532;145427647;1;0;60;1#2;30;
0532;145427648;1;0;82;1#2;30;
0532;145427649;1;0;38;1#2;30;
0532;145427650;1;0;57;1#2;30;
0532;145427651;1;0;66;1#2;30;
0532;145427652;1;0;134;1#2;30;
0532;145427653;1;0;38;1#2;30;
0532;145427654;1;0;9;1#2;30;
0532;145427655;1;0;42;1#2;30;
0532;145427656;1;0;32;1#2;30;
0532;145427657;1;0;24;1#2;30;
0532;145427658;1;0;69;1#2;30;
0532;145427659;1;0;54;1#2;30;
0532;145427660;1;0;86;1#2;30;
0532;145427661;1;0;115;1#2;30;
0532;145427662;1;0;23;1#2;30;
0532;145427663;1;0;146;1#2;30;
0532;145427664;1;0;61;1#2;30;
0532;145427665;1;0;53;1#2;30;
0532;145427666;1;0;122;1#2;30;
0532;145427667;1;0;62;1#2;30;
0532;145427668;1;0;51;1#2;30;
0532;145427669;1;0;139;1#2;30;
0532;145427670;1;0;119;1#2;30;
0532;145427671;1;0;118;1#2;30;
0532;145427672;1;0;53;1#2;80;
0532;145427673;1;0;62;1#2;30;
0532;145427674;1;0;150;1#2;30;
0532;145427675;1;0;89;1#2;30;
0532;145427676;1;0;57;1#2;30;
0532;145427677;1;0;78;1#2;30;
0532;145427678;1;0;39;1#2;30;
0532;145427679;1;0;39;1#2;30;
0532;145427680;1;0;143;1#2;30;
0532;145427681;1;0;49;1#2;30;
0532;145427682;1;0;157;1#2;30;
0532;145427683;1;0;42;1#2;30;
0532;145427684;1;0;41;1#2;30;
0532;145427685;1;0;48;1#2;30;
0532;145427686;1;0;82;1#2;30;
0532;145427687;1;0;22;1#2;30;
0532;145427688;1;0;106;1#2;30;
0532;145427689;1;0;38;1#2;30;
0532;145427690;1;0;45;1#2;30;
0532;145427691;1;0;88;1#2;30;
0532;145427693;1;0;171;1#2;30;
0532;145427694;1;0;18;1#2;30;
0532;145427695;1;0;230;1#2;30;
0532;145427696;1;0;95;1#2;30;
0532;145427697;1;0;93;1#2;30;
0532;145427698;1;0;56;1#2;30;
0532;145427699;1;0;72;1#2;30;
0532;145427700;1;0;65;1#2;30;
0532;145427701;1;0;64;1#2;30;
0532;145427702;1;0;35;1#2;30;
0532;145427703;1;0;90;1#2;30;
0532;145427704;1;0;51;1#2;30;
0532;145427705;1;0;12;1#2;30;
0532;145427706;1;0;46;1#2;30;
0532;145427707;1;0;81;1#2;30;
0532;145427708;1;0;47;1#2;30;
0532;145427709;1;0;28;1#2;30;
0532;145427710;1;0;97;1#2;30;
0532;145427711;1;0;36;1#2;30;
0532;145427712;1;0;51;1#2;30;
0532;145427713;1;0;83;1#2;30;
0532;145427714;1;0;57;1#2;80;
0532;145427716;1;0;47;1#2;30;
0532;145427717;1;0;55;1#2;30;
0532;145427718;1;0;83;1#2;30;
0532;145427719;1;0;483;1#2;30;
0532;145427720;1;0;129;1#2;30;
0532;145427721;1;0;2;1#2;30;
0532;145427722;1;0;38;1#2;30;
0532;145427723;1;0;42;1#2;30;
0532;145427724;1;0;68;1#2;30;
0532;145427725;1;0;25;1#2;30;
0532;145427726;1;0;41;1#2;30;
0532;145427727;1;0;85;1#2;30;
0532;145427728;1;0;34;1#2;30;
0532;145427729;1;0;84;1#2;30;
0532;145427730;1;0;58;1#2;50;
0532;145427731;1;0;93;1#2;50;
0532;145427732;1;0;132;1#2;50;
0532;145427734;1;0;110;1#2;30;
0532;145427735;1;0;11;1#2;30;
0532;145427736;1;0;9;1#2;30;
0532;145427737;1;0;235;1#2;30;
0532;145427738;1;0;364;1#2;30;
0532;145427739;1;0;185;1#2;30;
0532;145427740;1;0;184;1#2;30;
0532;145427741;1;0;44;1#2;30;
0532;145427742;1;0;45;1#2;30;
0532;145427743;1;0;53;1#2;30;
0532;145427744;1;0;10;1#2;30;
0532;145427745;1;0;37;1#2;30;
0532;145427746;1;0;121;1#2;30;
0532;145427747;1;0;7;1#2;30;
0532;145427748;1;0;32;1#2;30;
0532;145427749;1;0;129;1#2;30;
0532;145427750;1;0;32;1#2;30;
0532;145427751;1;0;17;1#2;30;
0532;145427752;1;0;14;1#2;50;
0532;145427753;1;0;24;1#2;50;
0532;145427754;1;0;97;1#2;50;
0532;145427755;1;0;22;1#2;50;
0532;145427756;1;0;16;1#2;50;
0532;145427757;1;0;39;1#2;30;
0532;145427758;1;0;3;1#2;30;
0532;145427759;1;0;10;1#2;30;
0532;145427760;1;0;11;1#2;30;
0532;145427761;1;0;63;1#2;30;
0532;145427762;1;0;62;1#2;30;
0532;145427763;1;0;39;1#2;30;
0532;145427764;1;0;57;1#2;30;
0532;145427765;1;0;71;1#2;30;
0532;145427766;1;0;139;1#2;50;
0532;145427767;1;0;308;1#2;50;
0532;145427768;1;0;128;1#2;50;
0532;145427769;1;0;28;1#2;50;
0532;145427770;1;0;98;1#2;50;
0532;145427771;1;0;142;1#2;50;
0532;145427772;1;0;103;1#2;30;
0532;145427773;1;0;28;1#2;30;
0532;145427774;1;0;54;1#2;30;
0532;145427775;1;0;219;1#2;30;
0532;145427776;1;0;63;1#2;30;
0532;145427777;1;0;38;1#2;30;
0532;145427778;1;0;330;1#2;30;
0532;145427779;1;0;205;1#2;30;
0532;145427780;1;0;154;1#2;50;
0532;145427781;1;0;83;1#2;30;
0532;145427782;1;0;141;1#2;30;
0532;145427783;1;0;13;1#2;30;
0532;145427784;1;0;200;1#2;30;
0532;145427785;1;0;211;1#2;30;
0532;145427786;1;0;33;1#2;30;
0532;145427787;1;0;13;1#2;30;
0532;145427788;1;0;277;1#2;30;
0532;145427789;1;0;31;1#2;30;
0532;145427790;1;0;121;1#2;30;
0532;145427791;1;0;229;1#2;30;
0532;145427792;1;0;126;1#2;30;
0532;145427793;1;0;40;1#2;30;
0532;145427794;1;0;45;1#2;50;
0532;145427795;1;0;52;1#2;30;
0532;145427796;1;0;13;1#2;30;
0532;145427797;1;0;75;1#2;30;
0532;145427798;1;0;103;1#2;30;
0532;145427799;1;0;109;1#2;30;
0532;145427800;1;0;64;1#2;30;
0532;145427801;1;0;70;1#2;30;
0532;145427802;1;0;28;1#2;30;
0532;145427803;1;0;73;1#2;30;
0532;145427804;1;0;189;1#2;30;
0532;145427805;1;0;120;1#2;30;
0532;145427806;1;0;30;1#2;80;
0532;145427807;1;0;63;1#2;80;
0532;145427808;1;0;252;1#2;30;
0532;145427809;1;0;59;1#2;30;
0532;145427810;1;0;12;1#2;30;
0532;145427811;1;0;16;1#2;30;
0532;145427812;1;0;665;1#2;30;
0532;145427813;1;0;120;1#2;30;
0532;145427814;1;0;266;1#2;30;
0532;145427815;1;0;128;1#2;30;
0532;145427816;1;0;117;1#2;30;
0532;145427817;1;0;6;1#2;30;
0532;145427818;1;0;37;1#2;30;
0532;145427819;1;0;31;1#2;30;
0532;145427820;1;0;3;1#2;30;
0532;145427821;1;0;68;1#2;30;
0532;145427822;1;0;25;1#2;30;
0532;145427823;1;0;33;1#2;30;
0532;145427824;1;0;154;1#2;30;
0532;145427825;1;0;11;1#2;30;
0532;145427826;1;0;18;1#2;30;
0532;145427827;1;0;52;1#2;30;
0532;145427828;1;0;37;1#2;30;
0532;145427829;1;0;141;1#2;30;
0532;145427830;1;0;98;1#2;30;
0532;145427831;1;0;81;1#2;80;
0532;145427832;1;0;50;1#2;30;
0532;145427833;1;0;92;1#2;30;
0532;145427834;1;0;15;1#2;30;
0532;145427835;1;0;52;1#2;30;
0532;145427836;1;0;82;1#2;30;
0532;145427837;1;0;92;1#2;30;
0532;145427838;1;0;35;1#2;30;
0532;145427839;1;0;39;1#2;30;
0532;145427840;1;0;85;1#2;30;
0532;145427841;1;0;28;1#2;30;
0532;145427842;1;0;46;1#2;80;
0532;197580095;1;0;10;1#2;50;
0532;197580096;1;0;96;1#2;50;
0532;145427844;1;0;42;1#2;50;
0532;145427845;1;0;100;1#2;50;
0532;145427846;1;0;713;1#2;50;
0532;145427847;1;0;132;1#2;50;
0532;145427848;1;0;118;1#2;50;
0532;145427849;1;0;16;1#2;50;
0532;145427850;1;0;79;1#2;50;
0532;255955001;1;0;128;1#2;50;
0532;255955002;1;0;17;1#2;50;
0532;145427852;1;0;38;1#2;50;
0532;145427853;1;0;24;1#2;30;
0532;145427854;1;0;85;1#2;30;
0532;145427855;1;0;40;1#2;30;
0532;145427856;1;0;72;1#2;30;
0532;145427857;1;0;35;1#2;30;
0532;145427858;1;0;32;1#2;30;
0532;145427859;1;0;30;1#2;30;
0532;145427860;1;0;20;1#2;30;
0532;145427861;1;0;20;1#2;30;
0532;255955003;1;0;84;1#2;30;
0532;255955004;1;0;140;1#2;30;
0532;145427863;1;0;66;1#2;50;
0532;145427864;1;0;52;1#2;50;
0532;197580097;1;0;236;1#2;50;
0532;197580098;1;0;82;1#2;50;
0532;197580099;1;0;62;1#2;50;
0532;145427866;1;0;170;1#2;50;
0532;145427867;1;0;21;1#2;50;
0532;145427868;1;0;79;1#2;30;
0532;145427869;1;0;38;1#2;30;
0532;145427870;1;0;317;1#2;30;
0532;145427871;1;0;48;1#2;30;
0532;145427872;1;0;9;1#2;30;
0532;145427873;1;0;104;1#2;30;
0532;145427874;1;0;172;1#2;30;
0532;145427875;1;0;69;1#2;30;
0532;145427876;1;0;281;1#2;50;
0532;145427877;1;0;19;1#2;30;
0532;145427878;1;0;2;1#2;30;
0532;145427879;1;0;50;1#2;30;
0532;145427880;1;0;30;1#2;30;
0532;145427881;1;0;172;1#2;30;
0532;145427882;1;0;10;1#2;30;
0532;145427883;1;0;74;1#2;30;
0532;145427884;1;0;42;1#2;30;
0532;145427885;1;0;11;1#2;30;
0532;145427886;1;0;100;1#2;30;
0532;145427887;1;0;127;1#2;30;
0532;145427888;1;0;11;1#2;30;
0532;145427889;1;0;121;1#2;30;
0532;197580100;1;0;56;1#2;30;
0532;197580101;1;0;22;1#2;30;
0532;145427891;1;0;8;1#2;30;
0532;145427892;1;0;47;1#2;30;
0532;145427893;1;0;97;1#2;30;
0532;145427894;1;0;16;1#2;30;
0532;145427895;1;0;174;1#2;30;
0532;145427896;1;0;129;2;30;
0532;145427897;1;0;5;1#2;30;
0532;145427898;1;0;115;1#2;30;
0532;145427899;1;0;80;1#2;30;
0532;145427900;1;0;141;1#2;30;
0532;145427901;1;0;47;1#2;30;
0532;145427902;1;0;63;1#2;30;
0532;145427903;1;0;180;1#2;30;
0532;145427904;1;0;16;1#2;50;
0532;145427905;1;0;63;1#2;50;
0532;145427906;1;0;38;1#2;50;
0532;145427907;1;0;28;1#2;30;
0532;145427908;1;0;105;1#2;30;
0532;145427909;1;0;41;1#2;30;
0532;145427910;1;0;67;1#2;30;
0532;145427911;1;0;8;1#2;30;
0532;145427912;1;0;27;1#2;30;
0532;145427913;1;0;12;1#2;30;
0532;145427914;1;0;29;1#2;30;
0532;145427915;1;0;334;1#2;30;
0532;197580102;1;0;76;1#2;30;
0532;197580103;1;0;63;1#2;30;
0532;145427917;1;0;80;1#2;30;
0532;145427918;1;0;44;1#2;30;
0532;145427919;1;0;20;1#2;30;
0532;145427920;1;0;35;1#2;80;
0532;145427921;1;0;10;1#2;30;
0532;197580104;1;0;32;1#2;30;
0532;197580105;1;0;7;1#2;30;
0532;145427923;1;0;105;1#2;30;
0532;145427924;1;0;79;1#2;30;
0532;145427925;1;0;87;1#2;30;
0532;145427926;1;0;78;1#2;30;
0532;145427927;1;0;100;1#2;30;
0532;145427928;1;0;59;1#2;80;
0532;145427929;1;0;57;1#2;80;
0532;145427930;1;0;76;1#2;30;
0532;145427931;1;0;46;1#2;30;
0532;145427932;1;0;69;1#2;30;
0532;145427933;1;0;188;1#2;30;
0532;145427934;1;0;31;1#2;30;
0532;145427935;1;0;26;1#2;30;
0532;145427936;1;0;77;1#2;30;
0532;145427937;1;0;12;1#2;30;
0532;145427938;1;0;63;1#2;30;
0532;145427939;1;0;54;1#2;30;
0532;145427940;1;0;44;1#2;30;
0532;197580106;1;0;66;1#2;30;
0532;197580107;1;0;4;1#2;30;
0532;197580108;1;0;51;1#2;30;
0532;197580109;1;0;90;1#2;30;
0532;145427943;1;0;65;1#2;50;
0532;145427944;1;0;60;1#2;30;
0532;145427945;1;0;253;1#2;30;
0532;255955005;1;0;274;1#2;30;
0532;255955006;1;0;37;1#2;30;
0532;145427947;1;0;96;1#2;30;
0532;255955007;1;0;62;1#2;30;
0532;255955008;1;0;69;1#2;30;
0532;247564225;1;0;53;1#2;30;
0532;247564226;1;0;88;1#2;30;
0532;145427950;1;0;77;1#2;30;
0532;145427951;1;0;35;1#2;30;
0532;145427952;1;0;108;1#2;30;
0532;145427953;1;0;110;1#2;30;
0532;145427954;1;0;25;1#2;30;
0532;145427955;1;0;60;1#2;30;
0532;145427956;1;0;78;1#2;30;
0532;145427957;1;0;129;1#2;30;
0532;145427958;1;0;99;1#2;50;
0532;145427959;1;0;157;1#2;50;
0532;145427960;1;0;73;1#2;30;
0532;145427961;1;0;37;1#2;30;
0532;145427962;1;0;41;1#2;30;
0532;145427963;1;0;56;1#2;30;
0532;145427964;1;0;82;1#2;30;
0532;145427965;1;0;65;1#2;30;
0532;197580110;1;0;4;1#2;50;
0532;197580111;1;0;78;1#2;50;
0532;145427967;1;0;36;1#2;30;
0532;145427968;1;0;132;1#2;30;
0532;145427969;1;0;93;1#2;30;
0532;145427970;1;0;44;1#2;30;
0532;145427971;1;0;126;1#2;30;
0532;145427972;1;0;43;1#2;30;
0532;145427973;1;0;67;1#2;30;
0532;145427974;1;0;31;1#2;30;
0532;145427975;1;0;24;1#2;30;
0532;145427976;1;0;583;1#2;30;
0532;145427977;1;0;68;1#2;30;
0532;145427978;1;0;262;1#2;30;
0532;145427979;1;0;239;1#2;30;
0532;145427980;1;0;88;1#2;30;
0532;145427981;1;0;149;1#2;30;
0532;145427982;1;0;84;1#2;30;
0532;145427983;1;0;4;1#2;30;
0532;145427984;1;0;71;1#2;30;
0532;145427985;1;0;5;1#2;30;
0532;145427986;1;0;72;1#2;30;
0532;145427987;1;0;56;1#2;30;
0532;145427988;1;0;95;1#2;30;
0532;197580112;1;0;8;1#2;30;
0532;197580113;1;0;39;1#2;30;
0532;145427990;1;0;36;1#2;30;
0532;145427991;1;0;2;1#2;30;
0532;145427992;1;0;71;1#2;30;
0532;145427993;1;0;240;1#2;30;
0532;145427994;1;0;45;1#2;30;
0532;145427995;1;0;43;1#2;30;
0532;145427996;1;0;38;1#2;30;
0532;145427997;1;0;47;1#2;30;
0532;145427998;1;0;40;1#2;30;
0532;145427999;1;0;74;1#2;30;
0532;145428000;1;0;90;1#2;30;
0532;145428001;1;0;78;1#2;30;
0532;145428002;1;0;78;1#2;30;
0532;145428003;1;0;59;1#2;30;
0532;145428004;1;0;43;1#2;30;
0532;145428005;1;0;80;1#2;30;
0532;145428006;1;0;43;1#2;30;
0532;145428007;1;0;130;1#2;30;
0532;145428008;1;0;81;1#2;50;
0532;145428009;1;0;73;1#2;50;
0532;145428010;1;0;112;1#2;30;
0532;145428011;1;0;28;1#2;30;
0532;145428012;1;0;162;1#2;30;
0532;145428013;1;0;23;1#2;30;
0532;145428014;1;0;70;1#2;30;
0532;145428015;1;0;15;1#2;30;
0532;145428016;1;0;165;1#2;30;
0532;145428017;1;0;46;1#2;30;
0532;145428018;1;0;69;1#2;30;
0532;276906456;1;0;158;1#2;30;
0532;276906457;1;0;17;1#2;30;
0532;145428020;1;0;205;1#2;30;
0532;145428021;1;0;100;1#2;30;
0532;145428022;1;0;2;1#2;30;
0532;145428023;1;0;156;1#2;30;
0532;145428024;1;0;134;1#2;30;
0532;145428025;1;0;110;1#2;30;
0532;145428026;1;0;92;1#2;30;
0532;145428028;1;0;131;1#2;80;
0532;145428029;1;0;14;1#2;50;
0532;145428030;1;0;52;1#2;50;
0532;145428031;1;0;70;1#2;50;
0532;145428032;1;0;125;1#2;50;
0532;145428033;1;0;143;1#2;50;
0532;145428034;1;0;42;1#2;50;
0532;145428035;1;0;117;1#2;50;
0532;145428036;1;0;321;1#2;50;
0532;145428037;1;0;114;1#2;80;
0532;145428038;1;0;49;1#2;80;
0532;145428039;1;0;3;1#2;30;
0532;145428040;1;0;66;1#2;30;
0532;145428041;1;0;19;1#2;30;
0532;145428042;1;0;159;1#2;30;
0532;145428043;1;0;111;1#2;30;
0532;145428044;1;0;97;1#2;30;
0532;145428045;1;0;75;1#2;30;
0532;145428046;1;0;20;1#2;30;
0532;145428047;1;0;117;1#2;30;
0532;145428048;1;0;66;1#2;30;
0532;145428049;1;0;46;1#2;30;
0532;145428050;1;0;85;1#2;30;
0532;145428051;1;0;189;1#2;30;
0532;145428052;1;0;349;1#2;30;
0532;145428053;1;0;43;1#2;30;
0532;145428054;1;0;104;1#2;30;
0532;145428055;1;0;125;1#2;30;
0532;145428056;1;0;101;1#2;30;
0532;145428057;1;0;54;1#2;30;
0532;145428058;1;0;97;1#2;30;
0532;145428059;1;0;82;1#2;30;
0532;145463409;1;0;23;1#2;30;
0532;145463410;1;0;94;1#2;30;
0532;145463411;1;0;54;1#2;30;
0532;145463412;1;0;49;1#2;30;
0532;145463413;1;0;49;1#2;30;
0532;145463414;1;0;51;1#2;30;
0532;145463415;1;0;13;1#2;30;
0532;145463416;1;0;43;1#2;30;
0532;145463417;1;0;12;1#2;30;
0532;145463418;1;0;73;1#2;30;
0532;145463419;1;0;83;1#2;30;
0532;145463420;1;0;90;1#2;30;
0532;145463421;1;0;266;1#2;30;
0532;145463422;1;0;15;1#2;30;
0532;145463423;1;0;169;1#2;30;
0532;145463424;1;0;15;1#2;30;
0532;145463425;1;0;199;1#2;30;
0532;145463426;1;0;34;1#2;30;
0532;145463427;1;0;136;1#2;30;
0532;145463428;1;0;223;1#2;30;
0532;145463429;1;0;48;1#2;30;
0532;145463430;1;0;75;1#2;30;
0532;145463431;1;0;47;1#2;30;
0532;145463432;1;0;55;1#2;30;
0532;145463433;1;0;65;1#2;30;
0532;145463434;1;0;109;1#2;30;
0532;145463435;1;0;62;1#2;30;
0532;145463436;1;0;57;1#2;30;
0532;145463437;1;0;62;1#2;30;
0532;145463438;1;0;100;1#2;30;
0532;145463439;1;0;51;1#2;30;
0532;145463440;1;0;41;1#2;30;
0532;145463441;1;0;42;1#2;30;
0532;145463442;1;0;127;1#2;30;
0532;145463443;1;0;229;1#2;30;
0532;145463444;1;0;190;1#2;30;
0532;145463445;1;0;75;1#2;30;
0532;145463446;1;0;77;1#2;30;
0532;145463447;1;0;83;1#2;30;
0532;145463448;1;0;308;1#2;30;
0532;145463449;1;0;14;1#2;30;
0532;145463450;1;0;96;1#2;30;
0532;145463451;1;0;46;1#2;30;
0532;145463452;1;0;79;1#2;30;
0532;145463453;1;0;54;1#2;30;
0532;145463454;1;0;26;1#2;30;
0532;145463455;1;0;44;1#2;30;
0532;145463456;1;0;44;1#2;30;
0532;145463457;1;0;238;1#2;30;
0532;145463458;1;0;162;1#2;30;
0532;145463459;1;0;91;1#2;30;
0532;145463460;1;0;56;1#2;30;
0532;145463461;1;0;112;1#2;30;
0532;145463462;1;0;51;1#2;30;
0532;145463463;1;0;38;1#2;30;
0532;145463464;1;0;49;1#2;30;
0532;145463465;1;0;120;1#2;30;
0532;145463466;1;0;19;1#2;30;
0532;145463467;1;0;4;1#2;30;
0532;145463468;1;0;44;1#2;30;
0532;145463469;1;0;118;1#2;30;
0532;145463470;1;0;129;1#2;30;
0532;145463471;1;0;227;1#2;30;
0532;145463472;1;0;146;1#2;30;
0532;145463473;1;0;70;1#2;30;
0532;145463474;1;0;94;1#2;30;
0532;145463475;1;0;225;1#2;30;
0532;145463476;1;0;242;1#2;30;
0532;145463477;1;0;63;1#2;30;
0532;145463478;1;0;39;1#2;30;
0532;145463479;1;0;102;1#2;30;
0532;145463480;1;0;256;1#2;30;
0532;145463481;1;0;11;1#2;30;
0532;145463482;1;0;380;1#2;30;
0532;145463483;1;0;133;1#2;30;
0532;145463484;1;0;84;1#2;30;
0532;145463485;1;0;269;1#2;30;
0532;145463486;1;0;240;1#2;30;
0532;145463487;1;0;338;1#2;30;
0532;145463488;1;0;25;1#2;30;
0532;145463489;1;0;62;1#2;30;
0532;145463490;1;0;38;1#2;30;
0532;145463491;1;0;575;1#2;30;
0532;145463492;1;0;558;1#2;30;
0532;145463493;1;0;12;1#2;30;
0532;145463494;1;0;57;1#2;30;
0532;145463495;1;0;86;1#2;30;
0532;145463496;1;0;33;1#2;30;
0532;145463497;1;0;94;1#2;30;
0532;145463498;1;0;42;1#2;30;
0532;145463499;1;0;86;1#2;30;
0532;145463500;1;0;170;1#2;30;
0532;145463501;1;0;24;1#2;30;
0532;145463502;1;0;438;1#2;30;
0532;145463503;1;0;118;1#2;30;
0532;145463504;1;0;121;1#2;30;
0532;145463505;1;0;69;1#2;30;
0532;145463506;1;0;30;1#2;30;
0532;145463507;1;0;33;1#2;30;
0532;145463508;1;0;201;1#2;30;
0532;145463509;1;0;180;1#2;30;
0532;145463510;1;0;116;1#2;30;
0532;145463511;1;0;102;1#2;30;
0532;145463512;1;0;89;1#2;30;
0532;145463513;1;0;49;1#2;30;
0532;145463514;1;0;91;1#2;30;
0532;145463515;1;0;21;1#2;30;
0532;145463516;1;0;47;1#2;30;
0532;145463517;1;0;246;1#2;30;
0532;145463518;1;0;282;1#2;30;
0532;145463519;1;0;645;1#2;30;
0532;145463520;1;0;414;1#2;30;
0532;145463521;1;0;58;1#2;30;
0532;145463522;1;0;207;1#2;30;
0532;145463523;1;0;49;1#2;30;
0532;145463524;1;0;117;1#2;30;
0532;145463525;1;0;43;1#2;30;
0532;145463526;1;0;29;1#2;30;
0532;145463527;1;0;53;1#2;30;
0532;145463528;1;0;28;1#2;30;
0532;145463529;1;0;9;1#2;30;
0532;145463530;1;0;17;1#2;30;
0532;145463531;1;0;23;1#2;30;
0532;145463532;1;0;453;1#2;30;
0532;145463533;1;0;59;1#2;30;
0532;145463534;1;0;97;1#2;30;
0532;145463535;1;0;37;1#2;30;
0532;145463536;1;0;49;1#2;30;
0532;145463537;1;0;1085;1#2;30;
0532;145463538;1;0;226;1#2;30;
0532;145463539;1;0;24;1#2;30;
0532;145463540;1;0;105;1#2;30;
0532;145463541;1;0;13;1#2;30;
0532;145463542;1;0;1136;1#2;30;
0532;145463543;1;0;69;1#2;30;
0532;145463544;1;0;55;1#2;30;
0532;145463545;1;0;236;1#2;30;
0532;145463546;1;0;45;1#2;30;
0532;145463547;1;0;130;1#2;30;
0532;145463548;1;0;104;1#2;30;
0532;145463549;1;0;31;1#2;30;
0532;145463550;1;0;33;1#2;30;
0532;145463551;1;0;144;1#2;30;
0532;145463552;1;0;32;1#2;30;
0532;145463553;1;0;22;1#2;30;
0532;145463554;1;0;18;1#2;30;
0532;145463555;1;0;16;1#2;30;
0532;145463556;1;0;21;1#2;30;
0532;145463557;1;0;117;1#2;30;
0532;145463558;1;0;409;1#2;30;
0532;145463559;1;0;70;1#2;30;
0532;145463560;1;0;96;1#2;30;
0532;145463561;1;0;118;1#2;30;
0532;145463562;1;0;22;1#2;30;
0532;145463563;1;0;3;1#2;30;
0532;145463564;1;0;2;1#2;30;
0532;145463565;1;0;391;1#2;30;
0532;145463566;1;0;318;1#2;30;
0532;145463567;1;0;45;1#2;30;
0532;145463568;1;0;42;1#2;30;
0532;145463569;1;0;50;1#2;30;
0532;145463570;1;0;685;1#2;30;
0532;145463571;1;0;653;1#2;30;
0532;145463572;1;0;17;1#2;30;
0532;145463573;1;0;214;1#2;30;
0532;145463574;1;0;136;1#2;30;
0532;145463575;1;0;17;1#2;30;
0532;145463576;1;0;41;1#2;30;
0532;145463577;1;0;32;1#2;30;
0532;145463578;1;0;78;1#2;30;
0532;145463579;1;0;161;1#2;30;
0532;145463580;1;0;25;1#2;30;
0532;145463581;1;0;360;1#2;30;
0532;145463582;1;0;128;1#2;30;
0532;145463583;1;0;393;1#2;30;
0532;145463584;1;0;62;1#2;30;
0532;145463585;1;0;300;1#2;30;
0532;145463586;1;0;107;1#2;30;
0532;145463587;1;0;845;1#2;30;
0532;145463588;1;0;496;1#2;30;
0532;145463589;1;0;510;1#2;30;
0532;145463590;1;0;251;1#2;30;
0532;145463591;1;0;307;1#2;30;
0532;145463592;1;0;762;1#2;30;
0532;145463593;1;0;274;1#2;30;
0532;145463594;1;0;163;1#2;30;
0532;145463595;1;0;54;1#2;30;
0532;145463596;1;0;170;1#2;30;
0532;145463597;1;0;124;1#2;30;
0532;145463598;1;0;474;1#2;30;
0532;145463599;1;0;66;1#2;30;
0532;145463600;1;0;197;1#2;30;
0532;145463601;1;0;160;1#2;30;
0532;145463602;1;0;39;1#2;30;
0532;145463603;1;0;31;1#2;30;
0532;145463604;1;0;25;1#2;30;
0532;145463605;1;0;10;1#2;30;
0532;145463606;1;0;151;1#2;30;
0532;145463607;1;0;35;1#2;30;
0532;145463608;1;0;19;1#2;30;
0532;145463609;1;0;74;1#2;30;
0532;145463610;1;0;123;1#2;30;
0532;145463611;1;0;9;1#2;30;
0532;145463612;1;0;23;1#2;30;
0532;145463613;1;0;50;1#2;30;
0532;145463614;1;0;23;1#2;30;
0532;145463615;1;0;22;1#2;30;
0532;145463616;1;0;84;1#2;30;
0532;145463617;1;0;27;1#2;30;
0532;145463618;1;0;24;1#2;30;
0532;145463619;1;0;73;1#2;30;
0532;145463620;1;0;150;1#2;30;
0532;145463621;1;0;29;1#2;30;
0532;145463622;1;0;72;1#2;30;
0532;145463623;1;0;81;1#2;30;
0532;145463624;1;0;113;1#2;30;
0532;145463625;1;0;78;1#2;30;
0532;145463626;1;0;83;1#2;30;
0532;145463627;1;0;60;1#2;30;
0532;145463628;1;0;85;1#2;30;
0532;145463629;1;0;61;1#2;30;
0532;145463630;1;0;107;1#2;30;
0532;145463631;1;0;81;1#2;30;
0532;145463632;1;0;66;1#2;30;
0532;145463633;1;0;82;1#2;30;
0532;145463634;1;0;39;1#2;30;
0532;145463635;1;0;30;1#2;30;
0532;145463636;1;0;36;1#2;30;
0532;145463637;1;0;28;1#2;30;
0532;145463638;1;0;34;1#2;30;
0532;145463639;1;0;81;1#2;30;
0532;145463640;1;0;127;1#2;30;
0532;145463641;1;0;65;1#2;30;
0532;145463642;1;0;2;1#2;30;
0532;145463643;1;0;27;1#2;30;
0532;145463644;1;0;73;1#2;30;
0532;145463645;1;0;87;1#2;30;
0532;145463646;1;0;239;1#2;30;
0532;145463647;1;0;87;1#2;30;
0532;145463648;1;0;79;1#2;30;
0532;145463649;1;0;54;1#2;30;
0532;145463650;1;0;78;1#2;30;
0532;145463651;1;0;24;1#2;30;
0532;145463652;1;0;32;1#2;30;
0532;145463653;1;0;41;1#2;30;
0532;145463654;1;0;5;1#2;30;
0532;145463655;1;0;41;1#2;30;
0532;145463656;1;0;75;1#2;30;
0532;145463657;1;0;37;1#2;30;
0532;145463658;1;0;65;1#2;30;
0532;145463659;1;0;187;1#2;30;
0532;145463660;1;0;28;1#2;30;
0532;145463661;1;0;161;1#2;30;
0532;145463662;1;0;95;1#2;30;
0532;145463663;1;0;249;1#2;30;
0532;145463664;1;0;5;1#2;30;
0532;145463665;1;0;10;1#2;30;
0532;145463666;1;0;207;1#2;30;
0532;145463667;1;0;332;1#2;30;
0532;145463668;1;0;129;1#2;30;
0532;145463669;1;0;467;1#2;30;
0532;145463670;1;0;26;1#2;30;
0532;145463671;1;0;312;1#2;30;
0532;145463672;1;0;31;1#2;30;
0532;145463673;1;0;133;1#2;30;
0532;145463674;1;0;41;1#2;30;
0532;145463675;1;0;260;1#2;30;
0532;145463676;1;0;80;1#2;30;
0532;145463677;1;0;232;1#2;30;
0532;145463678;1;0;26;1#2;30;
0532;145463679;1;0;71;1#2;30;
0532;145463680;1;0;88;1#2;30;
0532;145463681;1;0;99;1#2;30;
0532;145463682;1;0;49;1#2;30;
0532;145463683;1;0;127;1#2;30;
0532;145463684;1;0;9;1#2;30;
0532;145463685;1;0;19;1#2;30;
0532;145463686;1;0;410;1#2;30;
0532;145463687;1;0;97;1#2;30;
0532;145463688;1;0;67;1#2;30;
0532;145463689;1;0;40;1#2;30;
0532;145463690;1;0;304;1#2;30;
0532;145463691;1;0;303;1#2;30;
0532;145463692;1;0;545;1#2;30;
0532;145463693;1;0;22;1#2;30;
0532;145463694;1;0;532;1#2;30;
0532;145463695;1;0;117;1#2;30;
0532;145463696;1;0;88;1#2;30;
0532;145463697;1;0;46;1#2;30;
0532;145463698;1;0;50;1#2;30;
0532;145463699;1;0;31;1#2;30;
0532;145463700;1;0;81;1#2;30;
0532;145463701;1;0;22;1#2;30;
0532;145463702;1;0;45;1#2;30;
0532;145463703;1;0;134;1#2;30;
0532;145463704;1;0;13;1#2;30;
0532;145463705;1;0;28;1#2;30;
0532;145463706;1;0;55;1#2;30;
0532;145463707;1;0;320;1#2;30;
0532;145463708;1;0;37;1#2;30;
0532;145463709;1;0;70;1#2;30;
0532;145463710;1;0;57;1#2;30;
0532;145463711;1;0;56;1#2;30;
0532;145463712;1;0;23;1#2;30;
0532;145463713;1;0;88;1#2;30;
0532;145463714;1;0;59;1#2;30;
0532;145463715;1;0;44;1#2;30;
0532;145463716;1;0;61;1#2;30;
0532;145463717;1;0;26;1#2;30;
0532;145463718;1;0;43;1#2;30;
0532;145463719;1;0;51;1#2;30;
0532;145463720;1;0;49;1#2;30;
0532;145463721;1;0;50;1#2;30;
0532;145463722;1;0;27;1#2;30;
0532;145463723;1;0;49;1#2;30;
0532;145463724;1;0;59;1#2;30;
0532;145463725;1;0;48;1#2;30;
0532;145463726;1;0;57;1#2;30;
0532;145463727;1;0;37;1#2;30;
0532;145463728;1;0;57;1#2;30;
0532;145463729;1;0;27;1#2;30;
0532;145463730;1;0;48;1#2;30;
0532;145463731;1;0;85;1#2;30;
0532;145463732;1;0;29;1#2;30;
0532;145463733;1;0;28;1#2;30;
0532;145463734;1;0;98;1#2;30;
0532;145463735;1;0;101;1#2;30;
0532;145463736;1;0;32;1#2;30;
0532;145463737;1;0;64;1#2;30;
0532;145463738;1;0;64;1#2;30;
0532;145463739;1;0;61;1#2;30;
0532;145463740;1;0;31;1#2;30;
0532;145463741;1;0;236;1#2;30;
0532;145463742;1;0;44;1#2;30;
0532;145463743;1;0;33;1#2;30;
0532;145463744;1;0;38;1#2;30;
0532;145463745;1;0;22;1#2;30;
0532;145463746;1;0;56;1#2;30;
0532;145463747;1;0;50;1#2;30;
0532;145463748;1;0;25;1#2;30;
0532;145463749;1;0;27;1#2;30;
0532;145463750;1;0;55;1#2;30;
0532;145463751;1;0;15;1#2;30;
0532;145463752;1;0;37;1#2;30;
0532;145463753;1;0;33;1#2;30;
0532;145463754;1;0;28;1#2;30;
0532;145463755;1;0;44;1#2;30;
0532;145463756;1;0;21;1#2;30;
0532;145463757;1;0;8;1#2;30;
0532;145463758;1;0;63;1#2;30;
0532;145463759;1;0;26;1#2;30;
0532;145463760;1;0;58;1#2;30;
0532;145463761;1;0;19;1#2;30;
0532;145463762;1;0;30;1#2;30;
0532;145463763;1;0;41;1#2;30;
0532;145463764;1;0;27;1#2;30;
0532;145463765;1;0;58;1#2;30;
0532;145463766;1;0;37;1#2;30;
0532;145463767;1;0;41;1#2;30;
0532;145463768;1;0;33;1#2;30;
0532;145463769;1;0;7;1#2;30;
0532;145463770;1;0;51;1#2;30;
0532;145463771;1;0;45;1#2;30;
0532;145463772;1;0;28;1#2;30;
0532;145463773;1;0;37;1#2;30;
0532;145463774;1;0;52;1#2;30;
0532;145463775;1;0;37;1#2;30;
0532;145463776;1;0;26;1#2;30;
0532;145463777;1;0;48;1#2;30;
0532;145463778;1;0;57;1#2;30;
0532;145463779;1;0;57;1#2;30;
0532;145463780;1;0;23;1#2;30;
0532;145463781;1;0;74;1#2;30;
0532;145463782;1;0;201;1#2;30;
0532;145463783;1;0;74;1#2;30;
0532;145463784;1;0;63;1#2;30;
0532;145463785;1;0;83;1#2;30;
0532;145463786;1;0;41;1#2;30;
0532;145463787;1;0;34;1#2;30;
0532;145463788;1;0;49;1#2;30;
0532;145463789;1;0;46;1#2;30;
0532;145463790;1;0;35;1#2;30;
0532;145463791;1;0;53;1#2;30;
0532;145463792;1;0;89;1#2;30;
0532;145463793;1;0;52;1#2;30;
0532;145463794;1;0;91;1#2;30;
0532;145463795;1;0;54;1#2;30;
0532;145463796;1;0;35;1#2;30;
0532;145463797;1;0;69;1#2;30;
0532;145463798;1;0;52;1#2;30;
0532;145463799;1;0;49;1#2;30;
0532;145463800;1;0;53;1#2;30;
0532;145463801;1;0;69;1#2;30;
0532;145463802;1;0;68;1#2;30;
0532;145463803;1;0;42;1#2;30;
0532;145463804;1;0;97;1#2;30;
0532;145463805;1;0;56;1#2;30;
0532;145463806;1;0;60;1#2;30;
0532;145463807;1;0;63;1#2;30;
0532;145463808;1;0;62;1#2;30;
0532;145463809;1;0;56;1#2;30;
0532;145463810;1;0;65;1#2;30;
0532;145463811;1;0;47;1#2;30;
0532;145463812;1;0;59;1#2;30;
0532;145463813;1;0;77;1#2;30;
0532;145463814;1;0;51;1#2;30;
0532;145463815;1;0;44;1#2;30;
0532;145463816;1;0;57;1#2;30;
0532;145463817;1;0;80;1#2;30;
0532;145463818;1;0;87;1#2;30;
0532;145463819;1;0;37;1#2;30;
0532;145463820;1;0;43;1#2;30;
0532;145463821;1;0;58;1#2;30;
0532;145463822;1;0;37;1#2;30;
0532;145463823;1;0;112;1#2;30;
0532;145463824;1;0;177;1#2;30;
0532;197580114;1;0;8;1#2;30;
0532;197580115;1;0;111;1#2;30;
0532;145463826;1;0;62;1#2;30;
0532;145463827;1;0;39;1#2;30;
0532;145463828;1;0;56;1#2;30;
0532;145463829;1;0;118;1#2;30;
0532;145463830;1;0;141;1#2;30;
0532;145463831;1;0;118;1#2;30;
0532;145463832;1;0;46;1#2;30;
0532;145463833;1;0;39;1#2;30;
0532;145463834;1;0;40;1#2;30;
0532;145463835;1;0;45;1#2;30;
0532;145463836;1;0;58;1#2;30;
0532;145463837;1;0;30;1#2;30;
0532;145463838;1;0;30;1#2;30;
0532;145463839;1;0;32;1#2;30;
0532;145463840;1;0;70;1#2;30;
0532;145463841;1;0;99;1#2;30;
0532;145463842;1;0;41;1#2;30;
0532;145463843;1;0;38;1#2;30;
0532;145463844;1;0;122;1#2;30;
0532;145463845;1;0;94;1#2;30;
0532;145463846;1;0;82;1#2;30;
0532;145463847;1;0;38;1#2;30;
0532;145463848;1;0;46;1#2;30;
0532;145463849;1;0;43;1#2;30;
0532;145463850;1;0;34;1#2;30;
0532;145463851;1;0;31;1#2;30;
0532;145463852;1;0;53;1#2;30;
0532;145463853;1;0;44;1#2;30;
0532;145463854;1;0;35;1#2;30;
0532;145463855;1;0;31;1#2;30;
0532;145463856;1;0;39;1#2;30;
0532;145463857;1;0;210;1#2;30;
0532;145463858;1;0;53;1#2;30;
0532;145463859;1;0;61;1#2;30;
0532;145463860;1;0;47;1#2;30;
0532;145463861;1;0;39;1#2;30;
0532;145463862;1;0;28;1#2;30;
0532;145463863;1;0;52;1#2;30;
0532;145463864;1;0;31;1#2;30;
0532;145463865;1;0;35;1#2;30;
0532;145463866;1;0;34;1#2;30;
0532;145463867;1;0;38;1#2;30;
0532;145463868;1;0;25;1#2;30;
0532;145463869;1;0;43;1#2;30;
0532;145463870;1;0;29;1#2;30;
0532;145463871;1;0;41;1#2;30;
0532;145463872;1;0;125;1#2;30;
0532;145463873;1;0;158;1#2;30;
0532;145463874;1;0;42;1#2;30;
0532;145463875;1;0;93;1#2;30;
0532;145463876;1;0;52;1#2;30;
0532;145463877;1;0;40;1#2;30;
0532;145463878;1;0;37;1#2;30;
0532;145463879;1;0;51;1#2;30;
0532;145463880;1;0;67;1#2;30;
0532;145463881;1;0;43;1#2;30;
0532;145463882;1;0;34;1#2;30;
0532;145463883;1;0;36;1#2;30;
0532;145463884;1;0;56;1#2;30;
0532;145463885;1;0;46;1#2;30;
0532;145463886;1;0;133;1#2;30;
0532;145463887;1;0;74;1#2;30;
0532;145463888;1;0;209;1#2;30;
0532;145463889;1;0;41;1#2;30;
0532;145463890;1;0;93;1#2;30;
0532;145463891;1;0;85;1#2;30;
0532;145463892;1;0;44;1#2;30;
0532;145463893;1;0;96;1#2;30;
0532;145463894;1;0;406;1#2;30;
0532;145463895;1;0;212;1#2;30;
0532;145463896;1;0;44;1#2;30;
0532;145463897;1;0;57;1#2;30;
0532;145463898;1;0;176;1#2;30;
0532;145463899;1;0;62;1#2;30;
0532;145463900;1;0;101;1#2;30;
0532;145463901;1;0;97;1#2;30;
0532;145463902;1;0;36;1#2;30;
0532;145463903;1;0;24;1#2;30;
0532;145463904;1;0;12;1#2;30;
0532;145463905;1;0;32;1#2;30;
0532;145463906;1;0;57;1#2;30;
0532;145463907;1;0;10;1#2;30;
0532;145463908;1;0;32;1#2;30;
0532;145463909;1;0;33;1#2;30;
0532;145463910;1;0;44;1#2;30;
0532;145463911;1;0;30;1#2;30;
0532;145463912;1;0;28;1#2;30;
0532;145463913;1;0;46;1#2;30;
0532;145463914;1;0;27;1#2;30;
0532;145463915;1;0;28;1#2;30;
0532;145463916;1;0;24;1#2;30;
0532;145463917;1;0;31;1#2;30;
0532;145463918;1;0;50;1#2;30;
0532;145463919;1;0;34;1#2;30;
0532;145463920;1;0;68;1#2;30;
0532;145463921;1;0;55;1#2;30;
0532;145463922;1;0;41;1#2;30;
0532;145463923;1;0;48;1#2;30;
0532;145463924;1;0;41;1#2;30;
0532;197580116;1;0;112;1#2;30;
0532;197580117;1;0;8;1#2;30;
0532;145463926;1;0;15;1#2;30;
0532;145463927;1;0;80;1#2;30;
0532;145463928;1;0;111;1#2;30;
0532;145463929;1;0;77;1#2;30;
0532;145463930;1;0;266;1#2;30;
0532;145463931;1;0;223;1#2;30;
0532;145463932;1;0;115;1#2;30;
0532;145463933;1;0;66;1#2;30;
0532;145463934;1;0;111;1#2;30;
0532;145463935;1;0;118;1#2;30;
0532;145463936;1;0;31;1#2;30;
0532;145463937;1;0;53;1#2;30;
0532;145463938;1;0;44;1#2;30;
0532;145463939;1;0;39;1#2;30;
0532;145463940;1;0;45;1#2;30;
0532;145463941;1;0;31;1#2;30;
0532;145463942;1;0;15;1#2;30;
0532;145463943;1;0;74;1#2;30;
0532;145463944;1;0;33;1#2;30;
0532;145463945;1;0;49;1#2;30;
0532;145463946;1;0;48;1#2;30;
0532;145463947;1;0;99;1#2;30;
0532;145463948;1;0;76;1#2;30;
0532;145463949;1;0;89;1#2;30;
0532;255380920;1;0;80;1#2;30;
0532;145463951;1;0;38;1#2;30;
0532;145463952;1;0;41;1#2;30;
0532;145463953;1;0;56;1#2;30;
0532;145463954;1;0;50;1#2;30;
0532;145463955;1;0;42;1#2;30;
0532;145463956;1;0;46;1#2;30;
0532;145463957;1;0;49;1#2;30;
0532;145463958;1;0;56;1#2;30;
0532;145463959;1;0;63;1#2;30;
0532;145463960;1;0;49;1#2;30;
0532;145463961;1;0;72;1#2;30;
0532;145463962;1;0;35;1#2;30;
0532;145463963;1;0;83;1#2;30;
0532;145463964;1;0;77;1#2;30;
0532;145463965;1;0;46;1#2;30;
0532;145463966;1;0;37;1#2;30;
0532;145463967;1;0;78;1#2;30;
0532;145463968;1;0;48;1#2;30;
0532;145463969;1;0;53;1#2;30;
0532;145463970;1;0;57;1#2;30;
0532;145463971;1;0;63;1#2;30;
0532;145463972;1;0;50;1#2;30;
0532;145463973;1;0;44;1#2;30;
0532;145463974;1;0;34;1#2;30;
0532;145463975;1;0;47;1#2;30;
0532;145463976;1;0;33;1#2;30;
0532;145463977;1;0;56;1#2;30;
0532;145463978;1;0;85;1#2;30;
0532;145463979;1;0;166;1#2;30;
0532;145463980;1;0;73;1#2;30;
0532;145463981;1;0;57;1#2;30;
0532;145463982;1;0;271;1#2;30;
0532;145463983;1;0;108;1#2;30;
0532;145463984;1;0;128;1#2;30;
0532;145463985;1;0;71;1#2;30;
0532;145463986;1;0;191;1#2;30;
0532;145463987;1;0;65;1#2;30;
0532;145463988;1;0;31;1#2;30;
0532;145463989;1;0;50;1#2;30;
0532;145463990;1;0;176;1#2;30;
0532;145463991;1;0;47;1#2;30;
0532;145463992;1;0;58;1#2;30;
0532;145463993;1;0;86;1#2;30;
0532;145463994;1;0;172;1#2;30;
0532;145463995;1;0;145;1#2;30;
0532;145463996;1;0;116;1#2;30;
0532;145463997;1;0;65;1#2;30;
0532;145463998;1;0;306;1#2;30;
0532;145463999;1;0;449;1#2;30;
0532;145464000;1;0;72;1#2;30;
0532;145464001;1;0;376;1#2;30;
0532;145464002;1;0;390;1#2;30;
0532;145464003;1;0;145;1#2;30;
0532;145464004;1;0;47;1#2;30;
0532;145464005;1;0;75;1#2;30;
0532;145464006;1;0;57;1#2;30;
0532;145464007;1;0;132;1#2;30;
0532;145464008;1;0;120;1#2;30;
0532;145464009;1;0;43;1#2;30;
0532;145464010;1;0;88;1#2;30;
0532;145464011;1;0;127;1#2;30;
0532;145464012;1;0;36;1#2;30;
0532;145464013;1;0;157;1#2;30;
0532;145464014;1;0;141;1#2;30;
0532;145464015;1;0;31;1#2;30;
0532;145464016;1;0;68;1#2;30;
0532;145464017;1;0;63;1#2;30;
0532;145464018;1;0;100;1#2;30;
0532;145464019;1;0;257;1#2;30;
0532;145464020;1;0;110;1#2;30;
0532;145464021;1;0;275;1#2;30;
0532;145464022;1;0;80;1#2;30;
0532;145464023;1;0;254;1#2;30;
0532;145464024;1;0;122;1#2;30;
0532;145464025;1;0;421;1#2;30;
0532;145464026;1;0;36;1#2;30;
0532;145464027;1;0;96;1#2;30;
0532;145464028;1;0;107;1#2;30;
0532;145464029;1;0;189;1#2;30;
0532;145464030;1;0;389;1#2;30;
0532;145464031;1;0;78;1#2;30;
0532;145464032;1;0;179;1#2;30;
0532;145464033;1;0;135;1#2;30;
0532;145464034;1;0;10;1#2;30;
0532;145464035;1;0;129;1#2;30;
0532;145464036;1;0;445;1#2;30;
0532;145464037;1;0;177;1#2;30;
0532;145464038;1;0;105;1#2;30;
0532;145464039;1;0;385;1#2;30;
0532;145464040;1;0;78;1#2;30;
0532;145464041;1;0;149;1#2;30;
0532;145464042;1;0;192;1#2;30;
0532;145464043;1;0;139;1#2;30;
0532;145464044;1;0;108;1#2;30;
0532;145464045;1;0;125;1#2;30;
0532;145464046;1;0;255;1#2;30;
0532;145464047;1;0;32;1#2;30;
0532;145464048;1;0;76;1#2;30;
0532;145464049;1;0;55;1#2;30;
0532;145464050;1;0;30;1#2;30;
0532;145464051;1;0;42;1#2;30;
0532;145464052;1;0;99;1#2;30;
0532;145464053;1;0;54;1#2;30;
0532;145464054;1;0;71;1#2;30;
0532;145464055;1;0;51;1#2;30;
0532;145464056;1;0;128;1#2;30;
0532;145464057;1;0;231;1#2;30;
0532;145464058;1;0;130;1#2;30;
0532;145464059;1;0;92;1#2;30;
0532;145464060;1;0;72;1#2;30;
0532;145464061;1;0;96;1#2;30;
0532;145464062;1;0;111;1#2;30;
0532;145464063;1;0;113;1#2;30;
0532;145464064;1;0;6;1#2;30;
0532;145464065;1;0;441;1#2;30;
0532;145464066;1;0;158;1#2;30;
0532;145464067;1;0;518;1#2;30;
0532;145464068;1;0;307;1#2;30;
0532;145464069;1;0;337;1#2;30;
0532;145464070;1;0;49;1#2;30;
0532;145464071;1;0;593;1#2;30;
0532;145464072;1;0;185;1#2;30;
0532;145464073;1;0;38;1#2;30;
0532;145464074;1;0;63;1#2;30;
0532;145464075;1;0;316;1#2;30;
0532;145464076;1;0;56;1#2;30;
0532;145464077;1;0;106;1#2;30;
0532;145464078;1;0;72;1#2;30;
0532;145464079;1;0;38;1#2;30;
0532;145464080;1;0;66;1#2;30;
0532;145464081;1;0;251;1#2;30;
0532;145464082;1;0;90;1#2;30;
0532;145464083;1;0;13;1#2;30;
0532;145464084;1;0;71;1#2;30;
0532;145464085;1;0;105;1#2;30;
0532;145464086;1;0;63;1#2;30;
0532;145464087;1;0;82;1#2;30;
0532;145464088;1;0;57;1#2;30;
0532;145464089;1;0;77;1#2;30;
0532;145464090;1;0;498;1#2;30;
0532;145464091;1;0;199;1#2;30;
0532;145464092;1;0;139;1#2;30;
0532;145464093;1;0;43;1#2;30;
0532;145464094;1;0;573;1#2;30;
0532;145464095;1;0;150;1#2;30;
0532;145464096;1;0;279;1#2;30;
0532;145464097;1;0;51;1#2;30;
0532;145464098;1;0;307;1#2;30;
0532;145464099;1;0;137;1#2;30;
0532;145464100;1;0;309;1#2;30;
0532;145464101;1;0;34;1#2;30;
0532;145464102;1;0;76;1#2;30;
0532;145464103;1;0;129;1#2;30;
0532;145464104;1;0;51;1#2;30;
0532;145464105;1;0;61;1#2;30;
0532;145464106;1;0;149;1#2;30;
0532;145464107;1;0;107;1#2;30;
0532;145464108;1;0;218;1#2;30;
0532;145464109;1;0;103;1#2;30;
0532;145464110;1;0;108;1#2;30;
0532;145464111;1;0;39;1#2;30;
0532;145464112;1;0;220;1#2;30;
0532;145464113;1;0;119;1#2;30;
0532;145464114;1;0;117;1#2;30;
0532;145464115;1;0;81;1#2;30;
0532;145464116;1;0;85;1#2;30;
0532;145464117;1;0;86;1#2;30;
0532;145464118;1;0;176;1#2;30;
0532;145464119;1;0;110;1#2;30;
0532;145464120;1;0;96;1#2;30;
0532;145464121;1;0;54;1#2;30;
0532;145464122;1;0;50;1#2;30;
0532;145464123;1;0;105;1#2;30;
0532;145464124;1;0;32;1#2;30;
0532;145464125;1;0;74;1#2;30;
0532;145464126;1;0;59;1#2;30;
0532;145464127;1;0;450;1#2;30;
0532;145464128;1;0;27;1#2;30;
0532;145464129;1;0;123;1#2;30;
0532;145464130;1;0;177;1#2;30;
0532;145464131;1;0;93;1#2;30;
0532;145464132;1;0;105;1#2;30;
0532;145464133;1;0;137;1#2;30;
0532;145464134;1;0;41;1#2;30;
0532;145464135;1;0;47;1#2;30;
0532;145464136;1;0;139;1#2;30;
0532;145464137;1;0;202;1#2;30;
0532;145464138;1;0;82;1#2;30;
0532;145464139;1;0;130;1#2;30;
0532;145464140;1;0;223;1#2;30;
0532;145464141;1;0;221;1#2;30;
0532;145464142;1;0;91;1#2;30;
0532;145464143;1;0;110;1#2;30;
0532;145464144;1;0;233;1#2;30;
0532;145464145;1;0;420;1#2;30;
0532;145464146;1;0;50;1#2;30;
0532;145464147;1;0;105;1#2;30;
0532;145464148;1;0;230;1#2;30;
0532;145464149;1;0;99;1#2;30;
0532;145464150;1;0;44;1#2;30;
0532;145464151;1;0;12;1#2;30;
0532;145464152;1;0;77;1#2;30;
0532;145464153;1;0;168;1#2;30;
0532;145464154;1;0;187;1#2;30;
0532;145464155;1;0;48;1#2;30;
0532;145464156;1;0;28;1#2;30;
0532;145464157;1;0;27;1#2;30;
0532;145464158;1;0;69;1#2;30;
0532;145464159;1;0;40;1#2;30;
0532;145464160;1;0;70;1#2;30;
0532;145464161;1;0;94;1#2;30;
0532;145464162;1;0;35;1#2;30;
0532;145464163;1;0;212;1#2;30;
0532;145464164;1;0;209;1#2;30;
0532;145464165;1;0;81;1#2;30;
0532;145464166;1;0;92;1#2;30;
0532;145464167;1;0;92;1#2;30;
0532;145464168;1;0;138;1#2;30;
0532;145464169;1;0;127;1#2;30;
0532;145464170;1;0;79;1#2;30;
0532;145464171;1;0;135;1#2;30;
0532;145464172;1;0;96;1#2;30;
0532;145464173;1;0;57;1#2;30;
0532;145464174;1;0;192;1#2;30;
0532;145464175;1;0;36;1#2;30;
0532;145464176;1;0;277;1#2;30;
0532;145464177;1;0;29;1#2;30;
0532;145464178;1;0;435;1#2;30;
0532;145464179;1;0;414;1#2;30;
0532;145464180;1;0;123;1#2;30;
0532;145464181;1;0;106;1#2;30;
0532;145464182;1;0;59;1#2;30;
0532;145464183;1;0;37;1#2;30;
0532;145464184;1;0;40;1#2;30;
0532;145464185;1;0;407;1#2;30;
0532;145464186;1;0;19;1#2;30;
0532;145464187;1;0;41;1#2;30;
0532;145464188;1;0;124;1#2;30;
0532;145464189;1;0;111;1#2;30;
0532;145464190;1;0;69;1#2;30;
0532;145464191;1;0;36;1#2;30;
0532;145464192;1;0;229;1#2;30;
0532;145464193;1;0;29;1#2;30;
0532;145464194;1;0;87;1#2;30;
0532;145464195;1;0;117;1#2;30;
0532;145464196;1;0;107;1#2;30;
0532;145464197;1;0;40;1#2;30;
0532;145464198;1;0;162;1#2;30;
0532;145464199;1;0;29;1#2;30;
0532;145464200;1;0;37;1#2;30;
0532;145464201;1;0;44;1#2;30;
0532;145464202;1;0;23;1#2;30;
0532;145464203;1;0;101;1#2;30;
0532;145464204;1;0;62;1#2;30;
0532;145464205;1;0;167;1#2;30;
0532;145464206;1;0;59;1#2;30;
0532;145464207;1;0;45;1#2;30;
0532;145464208;1;0;32;1#2;30;
0532;145464209;1;0;69;1#2;30;
0532;145464210;1;0;89;1#2;30;
0532;145464211;1;0;10;1#2;30;
0532;145464212;1;0;39;1#2;30;
0532;145464213;1;0;39;1#2;30;
0532;145464214;1;0;127;1#2;30;
0532;145464215;1;0;21;1#2;30;
0532;145464216;1;0;106;1#2;30;
0532;145464217;1;0;65;1#2;30;
0532;145464218;1;0;107;1#2;30;
0532;145464219;1;0;96;1#2;30;
0532;145464220;1;0;436;1#2;30;
0532;145464221;1;0;202;1#2;30;
0532;145464222;1;0;359;1#2;30;
0532;145464223;1;0;46;1#2;30;
0532;145464224;1;0;206;1#2;30;
0532;145464225;1;0;126;1#2;30;
0532;145464226;1;0;74;1#2;30;
0532;145464227;1;0;60;1#2;30;
0532;145464228;1;0;473;1#2;30;
0532;145464229;1;0;37;1#2;30;
0532;145464230;1;0;13;1#2;30;
0532;145464231;1;0;542;1#2;30;
0532;145464232;1;0;237;1#2;30;
0532;145464233;1;0;319;1#2;30;
0532;145464234;1;0;88;1#2;30;
0532;145464235;1;0;360;1#2;30;
0532;145464236;1;0;335;1#2;30;
0532;145464237;1;0;274;1#2;30;
0532;145464238;1;0;580;1#2;30;
0532;145464239;1;0;242;1#2;30;
0532;145464240;1;0;694;1#2;30;
0532;145464241;1;0;165;1#2;30;
0532;145464242;1;0;1045;1#2;30;
0532;145464243;1;0;34;1#2;30;
0532;145490505;1;0;1993;1#2;50;
0532;145490506;1;0;22;1#2;50;
0532;145490507;1;0;1290;1#2;50;
0532;145490508;1;0;1370;1#2;50;
0532;145490509;1;0;347;1#2;50;
0532;145490510;1;0;57;1#2;50;
0532;145490511;1;0;1378;1#2;50;
0532;145490512;1;0;373;1#2;50;
0532;145490513;1;0;1412;1#2;50;
0532;145490514;1;0;1329;1#2;50;
0532;145490515;1;0;25;1#2;50;
0532;145490516;1;0;30;1#2;50;
0532;145490517;1;0;2560;1#2;50;
0532;145490518;1;0;149;1#2;50;
0532;145490519;1;0;470;1#2;50;
0532;145490520;1;0;2761;1#2;50;
0532;145490521;1;0;82;1#2;50;
0532;145490522;1;0;1706;1#2;50;
0532;145490523;1;0;425;1#2;50;
0532;145490524;1;0;194;1#2;50;
0532;145490525;1;0;62;1#2;50;
0532;145490526;1;0;1452;1#2;50;
0532;145490527;1;0;277;1#2;50;
0532;145490528;1;0;890;1#2;50;
0532;145490529;1;0;96;1#2;50;
0532;145490530;1;0;436;1#2;50;
0532;145490531;1;0;420;1#2;50;
0532;145490532;1;0;1494;1#2;50;
0532;145490533;1;0;526;1#2;50;
0532;145490534;1;0;40;1#2;50;
0532;145490535;1;0;782;1#2;50;
0532;145490536;1;0;1218;1#2;50;
0532;145490537;1;0;943;1#2;50;
0532;145490538;1;0;273;1#2;50;
0532;145490539;1;0;93;1#2;50;
0532;145490540;1;0;91;1#2;50;
0532;145490541;1;0;1717;1#2;50;
0532;145490542;1;0;2171;1#2;50;
0532;145490543;1;0;1803;1#2;50;
0532;145490544;1;0;215;1#2;50;
0532;145490545;1;0;55;1#2;50;
0532;145490546;1;0;494;1#2;50;
0532;145490547;1;0;5139;1#2;50;
0532;145490548;1;0;807;1#2;50;
0532;145490549;1;0;736;1#2;50;
0532;145490550;1;0;997;1#2;50;
0532;145490551;1;0;1183;1#2;50;
0532;145490552;1;0;2622;1#2;50;
0532;145490553;1;0;20;1#2;50;
0532;145490554;1;0;30;1#2;50;
0532;145490555;1;0;143;1#2;50;
0532;145490556;1;0;888;1#2;50;
0532;145490557;1;0;19;1#2;50;
0532;145490558;1;0;1429;1#2;50;
0532;145490559;1;0;2031;1#2;50;
0532;145490560;1;0;339;1#2;50;
0532;145490561;1;0;110;1#2;50;
0532;145490562;1;0;363;1#2;50;
0532;145490563;1;0;1448;1#2;50;
0532;145490564;1;0;902;1#2;50;
0532;145490565;1;0;11;1#2;50;
0532;145490566;1;0;1405;1#2;50;
0532;145490567;1;0;30;1#2;50;
0532;145490568;1;0;104;1#2;50;
0532;145490569;1;0;21;1#2;50;
0532;145490570;1;0;1506;1#2;50;
0532;145490571;1;0;378;1#2;50;
0532;145490572;1;0;321;1#2;50;
0532;145490573;1;0;276;1#2;50;
0532;145490574;1;0;1815;1#2;50;
0532;145490575;1;0;203;1#2;50;
0532;145490576;1;0;46;1#2;50;
0532;145490577;1;0;167;1#2;50;
0532;145490578;1;0;135;1#2;50;
0532;145490579;1;0;1165;1#2;50;
0532;145490580;1;0;285;1#2;50;
0532;145490581;1;0;62;1#2;50;
0532;145490582;1;0;290;1#2;50;
0532;145490583;1;0;344;1#2;50;
0532;145490584;1;0;588;1#2;50;
0532;145490585;1;0;1521;1#2;50;
0532;145490586;1;0;16;1#2;50;
0532;145490587;1;0;27;1#2;50;
0532;145490588;1;0;106;1#2;50;
0532;145490589;1;0;1677;1#2;50;
0532;145490590;1;0;658;1#2;50;
0532;145490591;1;0;59;1#2;50;
0532;145490592;1;0;63;1#2;50;
0532;145490593;1;0;604;1#2;50;
0532;145490594;1;0;1245;1#2;50;
0532;145490595;1;0;45;1#2;50;
0532;145490596;1;0;658;1#2;50;
0532;145490597;1;0;20;1#2;50;
0532;145490598;1;0;505;1#2;50;
0532;145490599;1;0;41;1#2;50;
0532;145490600;1;0;529;1#2;50;
0532;145490601;1;0;847;1#2;50;
0532;145490602;1;0;595;1#2;50;
0532;145490603;1;0;209;1#2;50;
0532;145490604;1;0;158;1#2;50;
0532;145490605;1;0;39;1#2;50;
0532;145490606;1;0;1246;1#2;50;
0532;145490607;1;0;37;1#2;50;
0532;145490608;1;0;1019;1#2;50;
0532;145490609;1;0;982;1#2;50;
0532;145490610;1;0;276;1#2;50;
0532;145490611;1;0;913;1#2;50;
0532;145490612;1;0;4575;1#2;50;
0532;145490613;1;0;2857;1#2;50;
0532;145490614;1;0;560;1#2;50;
0532;145490615;1;0;146;1#2;50;
0532;145490616;1;0;697;1#2;50;
0532;145490617;1;0;1927;1#2;50;
0532;145490618;1;0;838;1#2;50;
0532;145490619;1;0;2619;1#2;50;
0532;145490620;1;0;129;1#2;50;
0532;145490621;1;0;141;1#2;50;
0532;145490622;1;0;585;1#2;50;
0532;145490623;1;0;1599;1#2;50;
0532;145490624;1;0;21;1#2;50;
0532;145490625;1;0;695;1#2;50;
0532;145490626;1;0;362;1#2;50;
0532;145490627;1;0;3047;1#2;50;
0532;145490628;1;0;299;1#2;50;
0532;145490629;1;0;204;1#2;50;
0532;145490630;1;0;1216;1#2;50;
0532;145490631;1;0;748;1#2;50;
0532;145490632;1;0;352;1#2;50;
0532;145490633;1;0;1247;1#2;50;
0532;145490634;1;0;55;1#2;50;
0532;145490635;1;0;379;1#2;50;
0532;145490636;1;0;1919;1#2;50;
0532;145490637;1;0;720;1#2;50;
0532;145490638;1;0;237;1#2;50;
0532;145490639;1;0;256;1#2;50;
0532;145490640;1;0;238;1#2;50;
0532;145490641;1;0;196;1#2;50;
0532;145490642;1;0;42;1#2;50;
0532;145490643;1;0;162;1#2;50;
0532;145490644;1;0;119;1#2;50;
0532;145490645;1;0;365;1#2;50;
0532;145490646;1;0;438;1#2;50;
0532;145490647;1;0;60;1#2;50;
0532;145490648;1;0;3030;1#2;50;
0532;145490649;1;0;320;1#2;50;
0532;145490650;1;0;34;1#2;50;
0532;145490651;1;0;8;1#2;50;
0532;145490652;1;0;2795;1#2;50;
0532;145490653;1;0;918;1#2;50;
0532;145490654;1;0;1001;1#2;50;
0532;145490655;1;0;585;1#2;50;
0532;145490656;1;0;153;1#2;50;
0532;145490657;1;0;735;1#2;50;
0532;145490658;1;0;466;1#2;50;
0532;145490659;1;0;1114;1#2;50;
0532;145490660;1;0;156;1#2;50;
0532;145490661;1;0;130;1#2;50;
0532;145490662;1;0;8;1#2;50;
0532;145490663;1;0;340;1#2;50;
0532;145490664;1;0;1498;1#2;50;
0532;145490665;1;0;582;1#2;50;
0532;145490666;1;0;476;1#2;50;
0532;145490667;1;0;1019;1#2;50;
0532;145490668;1;0;1251;1#2;50;
0532;145490669;1;0;688;1#2;50;
0532;145490670;1;0;73;1#2;50;
0532;145490671;1;0;636;1#2;50;
0532;145490672;1;0;811;1#2;50;
0532;145490673;1;0;419;1#2;50;
0532;145490674;1;0;118;1#2;50;
0532;145490675;1;0;199;1#2;50;
0532;145490676;1;0;109;1#2;50;
0532;145490677;1;0;179;1#2;50;
0532;145490678;1;0;561;1#2;50;
0532;145490679;1;0;549;1#2;50;
0532;145490680;1;0;128;1#2;50;
0532;145490681;1;0;749;1#2;50;
0532;145490682;1;0;825;1#2;50;
0532;145490683;1;0;293;1#2;50;
0532;145490684;1;0;221;1#2;50;
0532;145490685;1;0;980;1#2;50;
0532;145490686;1;0;147;1#2;50;
0532;145490687;1;0;678;1#2;50;
0532;145490688;1;0;136;1#2;50;
0532;145490689;1;0;510;1#2;50;
0532;145490690;1;0;341;1#2;50;
0532;145490691;1;0;173;1#2;50;
0532;145490692;1;0;208;1#2;50;
0532;145498788;1;0;5;1#2;80;
0532;145498789;1;0;136;1#2;80;
0532;145498790;1;0;15;1#2;80;
0532;145498791;1;0;574;1#2;80;
0532;145498792;1;0;83;1#2;80;
0532;145498793;1;0;783;1#2;80;
0532;145498794;1;0;526;1#2;80;
0532;145498795;1;0;592;1#2;80;
0532;145498796;1;0;258;1#2;80;
0532;145498797;1;0;67;1#2;80;
0532;145498798;1;0;313;1#2;80;
0532;145498799;1;0;672;1#2;80;
0532;145498799;2;483;672;1#2;60;
0532;145498800;1;0;72;1#2;60;
0532;145498801;1;0;109;1#2;60;
0532;145498802;1;0;234;1#2;60;
0532;145498803;1;0;90;1#2;60;
0532;145498804;1;0;316;1#2;60;
0532;145498804;2;76;316;1#2;80;
0532;145498805;1;0;302;1#2;80;
0532;145498806;1;0;292;1#2;80;
0532;145498807;1;0;697;1#2;80;
0532;145498808;1;0;229;1#2;80;
0532;145498809;1;0;782;1#2;80;
0532;145498810;1;0;673;1#2;80;
0532;145498811;1;0;123;1#2;80;
0532;145498812;1;0;291;1#2;80;
0532;145498813;1;0;896;1#2;80;
0532;145498917;1;0;53;1#2;60;
0532;145498918;1;0;36;1#2;60;
0532;145498919;1;0;19;1#2;60;
0532;145498920;1;0;4;1#2;60;
0532;145498921;1;0;76;1#2;60;
0532;145498922;1;0;305;1#2;60;
0532;145498923;1;0;11;1#2;60;
0532;145498924;1;0;263;1#2;60;
0532;145498924;2;26;263;1#2;80;
0532;145498925;1;0;137;1#2;80;
0532;145498926;1;0;284;1#2;80;
0532;145498927;1;0;628;1#2;80;
0532;145498928;1;0;14;1#2;80;
0532;145498929;1;0;71;1#2;80;
0532;145498930;1;0;61;1#2;80;
0532;145498930;2;19;61;1#2;50;
0532;145498931;1;0;44;1#2;50;
0532;145498932;1;0;34;1#2;50;
0532;145498933;1;0;243;1#2;50;
0532;145498934;1;0;29;1#2;50;
0532;145498935;1;0;268;1#2;50;
0532;145498936;1;0;111;1#2;50;
0532;145498937;1;0;19;1#2;50;
0532;145498938;1;0;4;1#2;50;
0532;145499109;1;0;113;1#2;50;
0532;145499110;1;0;25;1#2;50;
0532;145499111;1;0;20;1#2;50;
0532;145499112;1;0;9;1#2;50;
0532;145499113;1;0;31;1#2;50;
0532;145499114;1;0;13;1#2;50;
0532;145499115;1;0;413;1#2;50;
0532;145499116;1;0;39;1#2;50;
0532;145499117;1;0;89;1#2;50;
0532;197580120;1;0;14;1#2;50;
0532;197580120;2;7;14;1#2;50;
0532;197580121;1;0;63;1#2;50;
0532;145499119;1;0;331;1#2;50;
0532;197580122;1;0;141;1#2;50;
0532;197580123;1;0;14;1#2;50;
0532;197580124;1;0;31;1#2;50;
0532;197580125;1;0;55;1#2;50;
0532;145499122;1;0;7;1#2;50;
0532;145499123;1;0;22;1#2;50;
0532;145499124;1;0;204;1#2;50;
0532;145499124;2;50;204;1#2;60;
0532;145499125;1;0;40;1#2;60;
0532;145499126;1;0;424;1#2;60;
0532;145499127;1;0;232;1#2;60;
0532;145499128;1;0;42;1#2;60;
0532;145499129;1;0;73;1#2;60;
0532;145499130;1;0;68;1#2;60;
0532;145499131;1;0;101;1#2;60;
0532;145499132;1;0;87;1#2;60;
0532;145499133;1;0;63;1#2;60;
0532;145499134;1;0;215;1#2;60;
0532;145499134;2;174;215;1#2;60;
0532;145499135;1;0;309;1#2;60;
0532;145499136;1;0;110;1#2;60;
0532;145499137;1;0;92;1#2;60;
0532;145499138;1;0;90;1#2;60;
0532;145499139;1;0;412;1#2;60;
0532;145499139;2;40;412;1#2;80;
0532;145499140;1;0;26;1#2;80;
0532;145499141;1;0;584;1#2;80;
0532;145499142;1;0;144;1#2;80;
0532;145499143;1;0;1344;1#2;80;
0532;145499143;2;1333;1344;1#2;60;
0532;145499144;1;0;65;1#2;60;
0532;145499145;1;0;43;1#2;60;
0532;145499146;1;0;161;1#2;60;
0532;145499147;1;0;114;1#2;60;
0532;145499148;1;0;285;1#2;60;
0532;145499149;1;0;118;1#2;60;
0532;145499150;1;0;62;1#2;60;
0532;145499151;1;0;328;1#2;60;
0532;145499152;1;0;136;1#2;60;
0532;145499153;1;0;126;1#2;60;
0532;145499154;1;0;117;1#2;60;
0532;145499155;1;0;117;1#2;60;
0532;145499155;2;45;117;1#2;80;
0532;145499156;1;0;66;1#2;80;
0532;145499157;1;0;1042;1#2;80;
0532;145499157;2;947;1042;1#2;60;
0532;145499158;1;0;116;1#2;60;
0532;145499159;1;0;37;1#2;60;
0532;145499160;1;0;323;1#2;60;
0532;145499161;1;0;120;1#2;60;
0532;145499162;1;0;65;1#2;60;
0532;145499163;1;0;248;1#2;60;
0532;145499163;2;196;248;1#2;80;
0532;145499164;1;0;140;1#2;80;
0532;145499165;1;0;448;1#2;80;
0532;145499166;1;0;533;1#2;80;
0532;145499167;1;0;206;1#2;80;
0532;145499168;1;0;617;1#2;80;
0532;145499168;2;518;617;1#2;60;
0532;145499169;1;0;180;1#2;60;
0532;145499170;1;0;25;1#2;60;
0532;145499171;1;0;131;1#2;60;
0532;145499172;1;0;171;1#2;60;
0532;145499173;1;0;132;1#2;60;
0532;145499174;1;0;137;1#2;60;
0532;145499175;1;0;60;1#2;60;
0532;145499176;1;0;96;1#2;60;
0532;145499177;1;0;66;1#2;60;
0532;145499178;1;0;113;1#2;60;
0532;145499179;1;0;99;1#2;60;
0532;145499180;1;0;186;1#2;60;
0532;145499181;1;0;280;1#2;60;
0532;145499181;2;90;280;1#2;80;
0532;145499182;1;0;771;1#2;80;
0532;145499183;1;0;1106;1#2;80;
0532;145499184;1;0;275;1#2;80;
0532;145499185;1;0;317;1#2;80;
0532;145499186;1;0;173;1#2;80;
0532;145499187;1;0;483;1#2;80;
0532;145499188;1;0;279;1#2;80;
0532;145500371;1;0;3;1#2;50;
0532;145500372;1;0;96;1#2;50;
0532;145500373;1;0;94;1#2;50;
0532;145500374;1;0;110;1#2;50;
0532;145500375;1;0;68;1#2;50;
0532;145500376;1;0;614;1#2;50;
0532;145500376;2;312;614;1#2;80;
0532;145500377;1;0;4;1#2;80;
0532;145500378;1;0;6;1#2;80;
0532;145500379;1;0;436;1#2;80;
0532;145500380;1;0;823;1#2;80;
0532;145500381;1;0;202;1#2;80;
0532;145500382;1;0;95;1#2;80;
0532;145500383;1;0;133;1#2;80;
0532;145500384;1;0;409;1#2;80;
0532;145500385;1;0;169;1#2;80;
0532;145500386;1;0;182;1#2;80;
0532;145500387;1;0;1060;1#2;80;
0532;145500388;1;0;110;1#2;80;
0532;145500389;1;0;350;1#2;80;
0532;145500390;1;0;127;1#2;80;
0532;145500391;1;0;437;1#2;80;
0532;145500392;1;0;3;1#2;80;
0532;145500393;1;0;22;1#2;80;
0532;145500394;1;0;3;1#2;80;
0532;145510979;1;0;5;1#2;80;
0532;145510980;1;0;195;1#2;80;
0532;145510980;2;185;195;1#2;70;
0532;145510981;1;0;146;1#2;70;
0532;145510993;1;0;88;1#2;70;
0532;145510994;1;0;7;1#2;70;
0532;145510995;1;0;19;1#2;70;
0532;145510996;1;0;70;1#2;70;
0532;145510996;2;20;70;1#2;80;
0532;145510997;1;0;486;1#2#2F;80;
0532;145510998;1;0;10;1#2#2F;80;
0532;145510999;1;0;109;1#2#2F;80;
0532;145511000;1;0;15;1#2;80;
0532;197580126;1;0;143;1#2;80;
0532;197580127;1;0;57;1#2;80;
0532;145511014;1;0;44;1#2;80;
0532;145511015;1;0;235;1#2;80;
0532;145511016;1;0;96;1#2;80;
0532;145511023;1;0;14;1#2;80;
0532;145511024;1;0;510;1#2;80;
0532;145511024;2;396;510;1#2;50;
0532;145511025;1;0;6;1#2;50;
0532;145511026;1;0;5;1#2;50;
0532;255955009;1;0;71;1#2;50;
0532;255955010;1;0;132;1#2;50;
0532;197580129;1;0;15;1#2;50;
0532;145511028;1;0;14;1#2;50;
0532;145511029;1;0;8;1#2;50;
0532;145511030;1;0;184;1#2;50;
0532;145511031;1;0;109;1#2;50;
0532;145511032;1;0;73;1#2;50;
0532;145511033;1;0;18;1#2;50;
0532;145511034;1;0;53;1#2;50;
0532;145511035;1;0;72;1#2;50;
0532;145511036;1;0;36;1#2;50;
0532;145511037;1;0;50;1#2;50;
0532;145511038;1;0;30;1#2;50;
0532;145511039;1;0;53;1#2;50;
0532;145511040;1;0;146;1#2;50;
0532;145511041;1;0;131;1#2;50;
0532;145511042;1;0;57;1#2;50;
0532;145511043;1;0;23;1#2;50;
0532;145511044;1;0;25;1#2;50;
0532;145511045;1;0;32;1#2;50;
0532;145511046;1;0;50;1#2;50;
0532;145511047;1;0;58;1#2;50;
0532;145511048;1;0;61;1#2;50;
0532;145511049;1;0;43;1#2;50;
0532;145511050;1;0;332;1#2;50;
0532;145511051;1;0;65;1#2;50;
0532;145511052;1;0;87;1#2;50;
0532;145511053;1;0;30;1#2;50;
0532;145511054;1;0;68;1#2;50;
0532;145511055;1;0;39;1#2;50;
0532;145511056;1;0;41;1#2;50;
0532;145511057;1;0;383;1#2;80;
0532;145511057;1;0;383;1#2;50;
0532;145511057;2;72;383;1#2;80;
0532;145511058;1;0;165;1#2;80;
0532;145511059;1;0;16;1#2;80;
0532;145511060;1;0;325;1#2;80;
0532;145511061;1;0;5;1#2;80;
0532;145511062;1;0;137;1#2;80;
0532;145511063;1;0;231;1#2;80;
0532;145511063;2;131;231;1#2;60;
0532;145511064;1;0;28;1#2;60;
0532;145511065;1;0;12;1#2;60;
0532;145511066;1;0;505;1#2;60;
0532;145511066;2;338;505;1#2;60;
0532;145511067;1;0;3;1#2;60;
0532;145511068;1;0;301;1#2;60;
0532;145511069;1;0;204;1#2;60;
0532;145511069;2;129;204;1#2;80;
0532;145511070;1;0;82;1#2;80;
0532;145511071;1;0;810;1#2;80;
0532;145511072;1;0;284;1#2;80;
0532;145511073;1;0;148;1#2;80;
0532;145511073;2;9;148;1#2;60;
0532;145511074;1;0;111;1#2;60;
0532;145511075;1;0;92;1#2;60;
0532;145511076;1;0;86;1#2;60;
0532;145511077;1;0;23;1#2;60;
0532;145511078;1;0;294;1#2;60;
0532;145511079;1;0;94;1#2;60;
0532;145511080;1;0;262;1#2;60;
0532;145511081;1;0;73;1#2;60;
0532;145511082;1;0;249;1#2;60;
0532;145511083;1;0;356;1#2;60;
0532;145511083;1;0;356;1#2;80;
0532;145511083;2;67;356;1#2;50;
0532;145511084;1;0;127;1#2;50;
0532;145511085;1;0;111;1#2;50;
0532;145511086;1;0;23;1#2;50;
0532;145511087;1;0;26;1#2;50;
0532;145511088;1;0;31;1#2;50;
0532;145511089;1;0;39;1#2;50;
0532;145511090;1;0;12;1#2;50;
0532;145511091;1;0;74;1#2;50;
0532;145511091;2;52;74;1#2;50;
0532;145511092;1;0;8;1#2;50;
0532;145511093;1;0;20;1#2;50;
0532;145511094;1;0;55;1#2;50;
0532;145511095;1;0;133;1#2;50;
0532;145511096;1;0;239;1#1F#2;80;
0532;145511096;1;0;239;1#1F#2;50;
0532;145511096;1;0;239;1#1F#2;50;
0532;145511096;2;108;239;1#1F#2;80;
0532;145511097;1;0;238;1#2;80;
0532;145511098;1;0;40;1#2;80;
0532;145511099;1;0;1118;1#2;80;
0532;145511100;1;0;134;1#2;80;
0532;145511101;1;0;57;1#2;80;
0532;145511102;1;0;6;1#2;80;
0532;145511103;1;0;432;1#2;80;
0532;145511104;1;0;6;1#2;80;
0532;145511105;1;0;14;1#2;80;
0532;145512009;1;0;4;1#2;80;
0532;145512010;1;0;24;1#2;80;
0532;145512011;1;0;31;1#2;80;
0532;145512012;1;0;410;1#2;80;
0532;145512013;1;0;342;1#2;80;
0532;145512014;1;0;42;1#2;80;
0532;145512015;1;0;74;1#2;80;
0532;145512016;1;0;1383;1#2;80;
0532;145512017;1;0;509;1#2;80;
0532;145512018;1;0;39;1#2;80;
0532;145512019;1;0;245;1#2;80;
0532;145512020;1;0;283;1#2;80;
0532;145512021;1;0;135;1#2;80;
0532;145512022;1;0;302;1#2;80;
0532;145512023;1;0;85;1#2;80;
0532;145512024;1;0;387;1#2;80;
0532;145512025;1;0;232;1#2;80;
0532;145512026;1;0;21;1#2;80;
0532;145512027;1;0;79;1#2;80;
0532;145512028;1;0;521;1#2;80;
0532;145512029;1;0;78;1#2;80;
0532;145512030;1;0;26;1#2;80;
0532;145512031;1;0;9;1#2;80;
0532;145512032;1;0;188;1#2;80;
0532;145512033;1;0;55;1#2;80;
0532;145512040;1;0;3;1#2;80;
0532;145512041;1;0;25;1#2;80;
0532;145512042;1;0;592;1#2;80;
0532;145512085;1;0;4;1#2;60;
0532;145512086;1;0;252;1#2;60;
0532;145512087;1;0;161;1#2;60;
0532;145512088;1;0;65;1#2;60;
0532;145512089;1;0;96;1#2;60;
0532;145512089;2;22;96;1#2;50;
0532;145512090;1;0;107;1#2;50;
0532;145512091;1;0;34;1#2;50;
0532;145512092;1;0;156;1#2;50;
0532;145512093;1;0;55;1#2;50;
0532;145512094;1;0;157;1#2;50;
0532;145512095;1;0;41;1#2;50;
0532;145512096;1;0;229;1#2;50;
0532;145512097;1;0;235;1#2;50;
0532;145512098;1;0;42;1#2;50;
0532;145512099;1;0;397;1#2;50;
0532;145512100;1;0;64;1#2;50;
0532;145512101;1;0;118;1#2;50;
0532;145512102;1;0;18;1#2;50;
0532;145512103;1;0;218;1#2;50;
0532;145512103;2;23;218;1#2;60;
0532;145512104;1;0;22;1#2;60;
0532;145512105;1;0;120;1#2;60;
0532;145512106;1;0;45;1#2;60;
0532;145514711;1;0;66;1;70;
0532;145514712;1;0;76;1#1V1;70;
0532;145514713;1;0;10;1;70;
0532;145514714;1;0;5;1;70;
0532;145514715;1;0;3;1;70;
0532;145514716;1;0;3;1;70;
0532;145514717;1;0;49;1;70;
0532;145514718;1;0;40;1#1H1;70;
0532;145514719;1;0;53;1#1H1;70;
0532;145514720;1;0;6;1;70;
0532;145514721;1;0;4;1;70;
0532;145514722;1;0;3;1;70;
0532;145514723;1;0;5;1;70;
0532;145514724;1;0;75;1;70;
0532;145514725;1;0;42;1;70;
0532;145514726;1;0;93;1;80;
0532;145514727;1;0;34;1#1H1;80;
0532;145514728;1;0;3;1#1H1;80;
0532;145514729;1;0;6;1;80;
0532;145514730;1;0;11;1;80;
0532;145514731;1;0;75;1;80;
0532;145514732;1;0;79;1;80;
0532;145514733;1;0;69;1#1V1;80;
0532;145514734;1;0;3;1;80;
0532;145514735;1;0;7;1;80;
0532;145514736;1;0;6;1;80;
0532;145514737;1;0;9;1;80;
0532;145514738;1;0;24;1;80;
0532;145514739;1;0;8;1;80;
0532;145514740;1;0;44;1;80;
0532;145514741;1;0;60;1#1V1;80;
0532;145514742;1;0;6;1;80;
0532;145514743;1;0;5;1;80;
0532;145514744;1;0;5;1;80;
0532;145514745;1;0;30;1;80;
0532;145514746;1;0;3;1;80;
0532;145514787;1;0;7;1;50;
0532;145514788;1;0;2;1;50;
0532;197580130;1;0;6;1;50;
0532;197580131;1;0;24;1;50;
0532;145515301;1;0;34;1;30;
0532;197580132;1;0;11;1;50;
0532;197580133;1;0;18;1;50;
0532;145515303;1;0;8;1;50;
0532;145515304;1;0;9;1#2;80;
0532;145515305;1;0;4;1#2;80;
0532;145515306;1;0;9;1;30;
0532;145515307;1;0;32;1;30;
0532;145515308;1;0;13;1;30;
0532;145515309;1;0;22;1;30;
0532;145515310;1;0;8;1;80;
0532;145515311;1;0;30;1;80;
0532;145515690;1;0;66;2;70;
0532;145515691;1;0;76;2;70;
0532;145515692;1;0;9;2;70;
0532;145515693;1;0;6;2;70;
0532;145515694;1;0;3;2;70;
0532;145515695;1;0;2;2#2H1;70;
0532;145515696;1;0;50;2#2H1;70;
0532;145515697;1;0;40;2#2H1;70;
0532;145515698;1;0;53;2;70;
0532;145515699;1;0;6;2;70;
0532;145515700;1;0;4;2;70;
0532;145515701;1;0;3;2;70;
0532;145515702;1;0;5;2;70;
0532;145515703;1;0;75;2#2V1;70;
0532;145515704;1;0;42;2;70;
0532;145515705;1;0;93;2;80;
0532;145515706;1;0;34;2;80;
0532;145515707;1;0;3;2;80;
0532;145515708;1;0;6;2;80;
0532;145515709;1;0;11;2;80;
0532;145515710;1;0;75;2#2V1;80;
0532;145515711;1;0;79;2;80;
0532;145515712;1;0;69;2;80;
0532;145515713;1;0;3;2;80;
0532;145515714;1;0;7;2;80;
0532;145515715;1;0;6;2;80;
0532;145515716;1;0;9;2#2H1;80;
0532;145515717;1;0;24;2#2H1;80;
0532;145515718;1;0;8;2;80;
0532;145515719;1;0;44;2;80;
0532;145515720;1;0;60;2;80;
0532;145515721;1;0;5;2;80;
0532;145515722;1;0;6;2;80;
0532;145515723;1;0;4;2;80;
0532;145515724;1;0;31;2#2F;80;
0532;145515725;1;0;3;2;80;
0532;145515769;1;0;7;2;50;
0532;145515770;1;0;2;2;50;
0532;197580134;1;0;6;2;50;
0532;197580135;1;0;24;2;50;
0532;145516264;1;0;34;2;30;
0532;197580136;1;0;10;2;50;
0532;197580137;1;0;19;2;50;
0532;145516266;1;0;8;2;50;
0532;145516267;1;0;9;2;30;
0532;145516268;1;0;32;2;30;
0532;145516269;1;0;13;2;30;
0532;145516270;1;0;10;2;30;
0532;145516271;1;0;12;2;30;
0532;145516272;1;0;8;2;80;
0532;145516273;1;0;30;2;80;
0532;255380922;1;0;10;1#2;30;
0532;255955013;1;0;315;1#2;30;
0532;255955014;1;0;197;1#2;30;
0532;255955015;1;0;130;1#2;30;
0532;255955016;1;0;170;1#2;30;
0532;255955017;1;0;9;1#2;30;
0532;255955018;1;0;17;1#2;30;
0532;255955019;1;0;83;1#2;30;
0532;255955020;1;0;272;1#2;30;
0532;255955021;1;0;77;1#2;30;
0532;255955022;1;0;416;1#2;30;
0532;255955023;1;0;168;1#2;30;
0532;255955024;1;0;128;1#2;30;
0532;255955025;1;0;205;1#2;30;
0532;276906458;1;0;239;1#2;30;
0532;276906459;1;0;274;1#2;30;
0532;276906460;1;0;212;1#2;30;
0532;276906461;1;0;196;1#2;30;
