*0127*2011 VEGNETT*20110511*FART*20110511*VDB SVNT*AHT
..Eksport-dato 20110511
50;

Komm; TransID;kode;Fra;   Til;felt; Fart;
0127;145112896;1;0;56;1#2;30;
0127;145112897;1;0;44;1#2;30;
0127;145112898;1;0;35;1#2;30;
0127;145112899;1;0;74;1#2;30;
0127;145112900;1;0;43;1#2;30;
0127;145112901;1;0;54;1#2;30;
0127;145112902;1;0;146;1#2;30;
0127;145112903;1;0;102;1#2;30;
0127;145112904;1;0;73;1#2;30;
0127;145112905;1;0;11;1#2;30;
0127;145112906;1;0;113;1#2;30;
0127;145112907;1;0;186;1#2;30;
0127;145112908;1;0;26;1#2;30;
0127;145112909;1;0;5;1#2;30;
0127;145112910;1;0;40;1#2;30;
0127;145112911;1;0;15;1#2;30;
0127;145112912;1;0;17;1#2;30;
0127;145112913;1;0;51;1#2;30;
0127;145112914;1;0;198;1#2;30;
0127;145112915;1;0;29;1#2;30;
0127;145112916;1;0;26;1#2;30;
0127;145112917;1;0;34;1#2;30;
0127;145112918;1;0;71;1#2;30;
0127;145112919;1;0;46;1#2;30;
0127;145112920;1;0;28;1#2;30;
0127;145112921;1;0;109;1#2;30;
0127;145112922;1;0;40;1#2;30;
0127;145112923;1;0;26;1#2;30;
0127;145112924;1;0;500;1#2;50;
0127;145112925;1;0;64;1#2;30;
0127;145112926;1;0;47;1#2;30;
0127;145112927;1;0;114;1#2;30;
0127;145112928;1;0;45;1#2;30;
0127;145112929;1;0;56;1#2;30;
0127;145112930;1;0;42;1#2;30;
0127;145112931;1;0;54;1#2;30;
0127;145112932;1;0;47;1#2;30;
0127;145112933;1;0;4;1#2;30;
0127;145112934;1;0;26;1#2;30;
0127;145112935;1;0;56;1#2;30;
0127;145112936;1;0;10;1#2;30;
0127;145112937;1;0;20;1#2;30;
0127;145112938;1;0;48;1#2;50;
0127;145112939;1;0;193;1#2;50;
0127;145112940;1;0;76;1#2;30;
0127;145112941;1;0;12;1#2;30;
0127;145112942;1;0;14;1#2;30;
0127;145112943;1;0;33;1#2;30;
0127;145112944;1;0;72;1#2;30;
0127;145112945;1;0;31;1#2;30;
0127;145112946;1;0;137;1#2;50;
0127;145112947;1;0;30;1#2;50;
0127;145112948;1;0;31;1#2;30;
0127;145112949;1;0;54;1#2;30;
0127;145112950;1;0;29;1#2;50;
0127;145112951;1;0;50;1#2;50;
0127;145112952;1;0;67;1#2;50;
0127;145112953;1;0;196;1#2;50;
0127;145112954;1;0;169;1#2;50;
0127;145112955;1;0;456;1#2;50;
0127;145112956;1;0;85;1#2;50;
0127;145112957;1;0;6;1#2;50;
0127;145112958;1;0;154;1#2;50;
0127;145112959;1;0;115;1#2;50;
0127;145112960;1;0;45;1#2;50;
0127;145112961;1;0;195;1#2;50;
0127;145112962;1;0;319;1#2;50;
0127;145112963;1;0;180;1#2;50;
0127;145112964;1;0;26;1#2;30;
0127;145112965;1;0;86;1#2;30;
0127;145112966;1;0;95;1#2;30;
0127;145112967;1;0;72;1#2;30;
0127;145112968;1;0;38;1#2;30;
0127;145112969;1;0;34;1#2;30;
0127;145112970;1;0;34;1#2;30;
0127;145112971;1;0;149;1#2;30;
0127;145112972;1;0;19;1#2;30;
0127;145112973;1;0;10;1#2;30;
0127;145112974;1;0;78;1#2;30;
0127;145112975;1;0;30;1#2;30;
0127;145112976;1;0;9;1#2;30;
0127;145112977;1;0;29;1#2;30;
0127;145112978;1;0;79;1#2;30;
0127;145112979;1;0;159;1#2;30;
0127;145112980;1;0;56;1#2;30;
0127;145112981;1;0;37;1#2;30;
0127;145112982;1;0;48;1#2;30;
0127;145112983;1;0;92;1#2;50;
0127;145112984;1;0;183;1#2;50;
0127;145112985;1;0;125;1#2;50;
0127;145112986;1;0;275;1#2;50;
0127;145112987;1;0;775;1#2;50;
0127;145112988;1;0;138;1#2;50;
0127;145112989;1;0;811;1#2;50;
0127;145112990;1;0;294;1#2;50;
0127;145112991;1;0;300;1#2;50;
0127;145112992;1;0;459;1#2;50;
0127;145112993;1;0;313;1#2;50;
0127;145112994;1;0;188;1#2;50;
0127;145112995;1;0;140;1#2;50;
0127;145112996;1;0;54;1#2;50;
0127;145112997;1;0;60;1#2;50;
0127;145112998;1;0;476;1#2;50;
0127;145112999;1;0;32;1#2;50;
0127;145113000;1;0;291;1#2;50;
0127;145113001;1;0;48;1#2;50;
0127;145113002;1;0;135;1#2;50;
0127;145113003;1;0;392;1#2;50;
0127;145113004;1;0;378;1#2;50;
0127;145113005;1;0;766;1#2;50;
0127;145113006;1;0;424;1#2;50;
0127;145113007;1;0;85;1#2;50;
0127;145113008;1;0;120;1#2;30;
0127;145113009;1;0;22;1#2;30;
0127;163302079;1;0;9;1#2;30;
0127;163302080;1;0;274;1#2;30;
0127;145113011;1;0;42;1#2;30;
0127;145113012;1;0;27;1#2;30;
0127;145113013;1;0;92;1#2;30;
0127;145113014;1;0;59;1#2;30;
0127;145113015;1;0;197;1#2;50;
0127;145113016;1;0;324;1#2;50;
0127;145113017;1;0;242;1#2;50;
0127;145113018;1;0;187;1#2;50;
0127;145113019;1;0;134;1#2;30;
0127;145113020;1;0;87;1#2;30;
0127;145113021;1;0;389;1#2;50;
0127;145113022;1;0;26;1#2;50;
0127;145113023;1;0;44;1#2;50;
0127;145113024;1;0;433;1#2;50;
0127;145113025;1;0;356;1#2;50;
0127;145113026;1;0;262;1#2;50;
0127;145113027;1;0;142;1#2;30;
0127;163302081;1;0;12;1#2;30;
0127;163302082;1;0;61;1#2;30;
0127;145113029;1;0;15;1#2;30;
0127;145113030;1;0;59;1#2;30;
0127;145113031;1;0;50;1#2;30;
0127;145113032;1;0;32;1#2;30;
0127;145113033;1;0;47;1#2;30;
0127;145113034;1;0;32;1#2;30;
0127;145113035;1;0;15;1#2;30;
0127;145113036;1;0;129;1#2;30;
0127;145113037;1;0;40;1#2;30;
0127;145113038;1;0;58;1#2;30;
0127;145113039;1;0;34;1#2;30;
0127;145113040;1;0;81;1#2;30;
0127;145113041;1;0;34;1#2;30;
0127;145113042;1;0;108;1#2;30;
0127;145113043;1;0;31;1#2;30;
0127;145113044;1;0;157;1#2;30;
0127;145113045;1;0;79;1#2;30;
0127;145113046;1;0;47;1#2;30;
0127;145113047;1;0;40;1#2;30;
0127;145113048;1;0;33;1#2;30;
0127;145113049;1;0;55;1#2;30;
0127;145113050;1;0;16;1#2;30;
0127;145113051;1;0;72;1#2;30;
0127;145113052;1;0;36;1#2;30;
0127;145113053;1;0;97;1#2;30;
0127;145113054;1;0;140;1#2;30;
0127;145113055;1;0;63;1#2;30;
0127;145113056;1;0;33;1#2;30;
0127;145113057;1;0;49;1#2;30;
0127;145113058;1;0;47;1#2;30;
0127;145113059;1;0;44;1#2;30;
0127;145113060;1;0;43;1#2;30;
0127;145113061;1;0;36;1#2;30;
0127;145113062;1;0;38;1#2;30;
0127;145113063;1;0;223;1#2;30;
0127;145113064;1;0;71;1#2;50;
0127;145113065;1;0;47;1#2;30;
0127;145113066;1;0;37;1#2;30;
0127;145113067;1;0;36;1#2;30;
0127;145113068;1;0;37;1#2;30;
0127;145113069;1;0;56;1#2;30;
0127;163302083;1;0;9;1#2;50;
0127;163302084;1;0;20;1#2;50;
0127;145113071;1;0;108;1#2;50;
0127;145113072;1;0;75;1#2;50;
0127;145113073;1;0;144;1#2;30;
0127;145113074;1;0;107;1#2;50;
0127;145113075;1;0;298;1#2;50;
0127;145113077;1;0;105;1#2;30;
0127;145113078;1;0;39;1#2;30;
0127;145113079;1;0;122;1#2;30;
0127;145113080;1;0;28;1#2;30;
0127;145113081;1;0;87;1#2;30;
0127;145113082;1;0;193;1#2;30;
0127;145113083;1;0;33;1#2;30;
0127;145113084;1;0;55;1#2;30;
0127;145113085;1;0;82;1#2;30;
0127;145113086;1;0;70;1#2;30;
0127;145113087;1;0;7;1#2;30;
0127;145113088;1;0;46;1#2;30;
0127;145113089;1;0;32;1#2;30;
0127;145113090;1;0;51;1#2;30;
0127;145113091;1;0;79;1#2;30;
0127;145113092;1;0;164;1#2;30;
0127;145113093;1;0;142;1#2;30;
0127;145113094;1;0;90;1#2;50;
0127;145113095;1;0;138;1#2;50;
0127;145113096;1;0;51;1#2;50;
0127;145113097;1;0;105;1#2;50;
0127;145133766;1;0;319;1#2;30;
0127;145133767;1;0;111;1#2;30;
0127;145133768;1;0;23;1#2;30;
0127;145133769;1;0;98;1#2;30;
0127;145133770;1;0;230;1#2;30;
0127;145133771;1;0;158;1#2;30;
0127;145133772;1;0;62;1#2;30;
0127;145133773;1;0;71;1#2;30;
0127;145133774;1;0;22;1#2;30;
0127;145133775;1;0;131;1#2;30;
0127;145133776;1;0;150;1#2;30;
0127;145133777;1;0;186;1#2;30;
0127;145133778;1;0;345;1#2;30;
0127;145133779;1;0;5;1#2;30;
0127;145133780;1;0;382;1#2;30;
0127;145133781;1;0;6;1#2;30;
0127;145133782;1;0;118;1#2;30;
0127;145133783;1;0;294;1#2;30;
0127;145133784;1;0;364;1#2;30;
0127;145133785;1;0;95;1#2;30;
0127;145133786;1;0;23;1#2;30;
0127;145133787;1;0;351;1#2;30;
0127;145133788;1;0;357;1#2;30;
0127;145133789;1;0;314;1#2;30;
0127;145133790;1;0;226;1#2;30;
0127;145133791;1;0;150;1#2;30;
0127;145133792;1;0;432;1#2;30;
0127;145133793;1;0;349;1#2;30;
0127;145133794;1;0;141;1#2;30;
0127;145133795;1;0;240;1#2;30;
0127;145133796;1;0;345;1#2;30;
0127;145133797;1;0;180;1#2;30;
0127;145133798;1;0;126;1#2;30;
0127;145133799;1;0;193;1#2;30;
0127;145133800;1;0;95;1#2;30;
0127;145133801;1;0;148;1#2;30;
0127;145133802;1;0;133;1#2;30;
0127;145133803;1;0;565;1#2;30;
0127;145133804;1;0;4;1#2;30;
0127;145133805;1;0;350;1#2;30;
0127;145133806;1;0;5;1#2;30;
0127;145133807;1;0;189;1#2;30;
0127;145133808;1;0;33;1#2;30;
0127;145133809;1;0;196;1#2;30;
0127;145133810;1;0;20;1#2;30;
0127;145133811;1;0;253;1#2;30;
0127;145133812;1;0;123;1#2;30;
0127;145133813;1;0;3;1#2;30;
0127;145133814;1;0;33;1#2;30;
0127;145133815;1;0;3;1#2;30;
0127;145133816;1;0;165;1#2;30;
0127;145133817;1;0;189;1#2;30;
0127;145133818;1;0;3;1#2;30;
0127;145133819;1;0;28;1#2;30;
0127;145133820;1;0;85;1#2;30;
0127;145133821;1;0;426;1#2;30;
0127;145133822;1;0;156;1#2;30;
0127;145133823;1;0;115;1#2;30;
0127;145133824;1;0;488;1#2;30;
0127;145133825;1;0;161;1#2;30;
0127;145133826;1;0;9;1#2;30;
0127;145133827;1;0;38;1#2;30;
0127;145133828;1;0;26;1#2;30;
0127;145133829;1;0;111;1#2;30;
0127;145133830;1;0;190;1#2;30;
0127;145133831;1;0;161;1#2;30;
0127;145133832;1;0;42;1#2;30;
0127;145133833;1;0;37;1#2;30;
0127;145133834;1;0;60;1#2;30;
0127;145133835;1;0;387;1#2;30;
0127;145133836;1;0;74;1#2;30;
0127;145133837;1;0;111;1#2;30;
0127;145133838;1;0;304;1#2;30;
0127;145133839;1;0;636;1#2;30;
0127;145133840;1;0;56;1#2;30;
0127;145133841;1;0;612;1#2;30;
0127;145133842;1;0;126;1#2;30;
0127;145133843;1;0;440;1#2;30;
0127;145133844;1;0;275;1#2;30;
0127;145133845;1;0;9;1#2;30;
0127;145133846;1;0;7;1#2;30;
0127;145133847;1;0;95;1#2;30;
0127;145133848;1;0;260;1#2;30;
0127;145133849;1;0;200;1#2;30;
0127;145133850;1;0;539;1#2;30;
0127;145133851;1;0;77;1#2;30;
0127;145133852;1;0;35;1#2;30;
0127;145133853;1;0;32;1#2;30;
0127;145133854;1;0;280;1#2;30;
0127;145133855;1;0;51;1#2;30;
0127;145133856;1;0;60;1#2;30;
0127;145133857;1;0;423;1#2;30;
0127;145133858;1;0;7;1#2;30;
0127;145133859;1;0;316;1#2;30;
0127;145133860;1;0;94;1#2;30;
0127;145133861;1;0;556;1#2;30;
0127;145133862;1;0;609;1#2;30;
0127;145133863;1;0;361;1#2;30;
0127;145133864;1;0;142;1#2;30;
0127;145133865;1;0;38;1#2;30;
0127;145133866;1;0;74;1#2;30;
0127;145133867;1;0;118;1#2;30;
0127;145133868;1;0;536;1#2;30;
0127;145133869;1;0;397;1#2;30;
0127;145133870;1;0;266;1#2;30;
0127;145133871;1;0;18;1#2;30;
0127;145133872;1;0;290;1#2;30;
0127;145133873;1;0;81;1#2;30;
0127;145133874;1;0;556;1#2;30;
0127;145133875;1;0;663;1#2;30;
0127;145133876;1;0;70;1#2;30;
0127;145133877;1;0;135;1#2;30;
0127;145133878;1;0;103;1#2;30;
0127;145133879;1;0;10;1#2;30;
0127;145133880;1;0;194;1#2;30;
0127;145133881;1;0;93;1#2;30;
0127;145133882;1;0;458;1#2;30;
0127;145133883;1;0;353;1#2;30;
0127;145133884;1;0;44;1#2;30;
0127;145133885;1;0;150;1#2;30;
0127;145133886;1;0;51;1#2;30;
0127;145133887;1;0;286;1#2;30;
0127;145133888;1;0;324;1#2;30;
0127;145133889;1;0;384;1#2;30;
0127;145133890;1;0;483;1#2;30;
0127;145133891;1;0;88;1#2;30;
0127;145133892;1;0;319;1#2;30;
0127;145133893;1;0;36;1#2;30;
0127;145133894;1;0;76;1#2;30;
0127;145133895;1;0;39;1#2;30;
0127;145133896;1;0;48;1#2;30;
0127;145133897;1;0;124;1#2;30;
0127;145133898;1;0;48;1#2;30;
0127;145133899;1;0;79;1#2;30;
0127;145133900;1;0;22;1#2;30;
0127;145133901;1;0;61;1#2;30;
0127;145133902;1;0;130;1#2;30;
0127;145133903;1;0;93;1#2;30;
0127;145133904;1;0;113;1#2;30;
0127;145133905;1;0;57;1#2;30;
0127;145133906;1;0;748;1#2;30;
0127;145133907;1;0;149;1#2;30;
0127;145133908;1;0;254;1#2;30;
0127;145133909;1;0;98;1#2;30;
0127;145133910;1;0;216;1#2;30;
0127;145133911;1;0;407;1#2;30;
0127;145133912;1;0;243;1#2;30;
0127;145133913;1;0;406;1#2;30;
0127;145133914;1;0;490;1#2;30;
0127;145133915;1;0;697;1#2;30;
0127;145133916;1;0;374;1#2;30;
0127;145133917;1;0;48;1#2;30;
0127;145133918;1;0;338;1#2;30;
0127;145133919;1;0;97;1#2;30;
0127;145133920;1;0;429;1#2;30;
0127;145133921;1;0;164;1#2;30;
0127;145133922;1;0;371;1#2;30;
0127;145133923;1;0;537;1#2;30;
0127;145133924;1;0;285;1#2;30;
0127;145133925;1;0;244;1#2;30;
0127;145133926;1;0;239;1#2;30;
0127;145133927;1;0;26;1#2;30;
0127;145133928;1;0;19;1#2;30;
0127;145133929;1;0;84;1#2;30;
0127;145133930;1;0;32;1#2;30;
0127;145133931;1;0;375;1#2;30;
0127;145133932;1;0;353;1#2;30;
0127;145133933;1;0;238;1#2;30;
0127;145133934;1;0;500;1#2;30;
0127;145133935;1;0;64;1#2;30;
0127;145133936;1;0;95;1#2;30;
0127;145133937;1;0;91;1#2;30;
0127;145133938;1;0;419;1#2;30;
0127;145133939;1;0;550;1#2;30;
0127;145133940;1;0;629;1#2;30;
0127;145133941;1;0;560;1#2;30;
0127;145133942;1;0;306;1#2;30;
0127;145133943;1;0;480;1#2;30;
0127;145133944;1;0;6;1#2;30;
0127;145133945;1;0;6;1#2;30;
0127;145133946;1;0;78;1#2;30;
0127;145133947;1;0;82;1#2;30;
0127;145133948;1;0;3;1#2;30;
0127;145133949;1;0;195;1#2;30;
0127;145133950;1;0;100;1#2;30;
0127;145133951;1;0;150;1#2;30;
0127;145133952;1;0;531;1#2;30;
0127;145133953;1;0;429;1#2;30;
0127;145133954;1;0;47;1#2;30;
0127;145133955;1;0;8;1#2;30;
0127;145133956;1;0;120;1#2;30;
0127;145133957;1;0;52;1#2;30;
0127;145133958;1;0;55;1#2;30;
0127;145133959;1;0;33;1#2;30;
0127;145133960;1;0;20;1#2;30;
0127;145133961;1;0;72;1#2;30;
0127;145133962;1;0;20;1#2;30;
0127;163302085;1;0;8;1#2;30;
0127;163302086;1;0;116;1#2;30;
0127;145133964;1;0;16;1#2;30;
0127;145133965;1;0;290;1#2;30;
0127;145133966;1;0;124;1#2;30;
0127;145133967;1;0;479;1#2;30;
0127;145133968;1;0;295;1#2;30;
0127;145133969;1;0;120;1#2;30;
0127;145133970;1;0;49;1#2;30;
0127;145133971;1;0;226;1#2;30;
0127;145133972;1;0;386;1#2;30;
0127;145133973;1;0;357;1#2;30;
0127;145133974;1;0;171;1#2;30;
0127;145133975;1;0;181;1#2;30;
0127;145133976;1;0;107;1#2;30;
0127;145133977;1;0;145;1#2;30;
0127;145133978;1;0;394;1#2;30;
0127;145133979;1;0;124;1#2;30;
0127;145133980;1;0;88;1#2;30;
0127;145133981;1;0;205;1#2;30;
0127;145133982;1;0;170;1#2;30;
0127;145133983;1;0;98;1#2;30;
0127;145133984;1;0;62;1#2;30;
0127;145133985;1;0;4;1#2;30;
0127;145133986;1;0;63;1#2;30;
0127;145133987;1;0;450;1#2;30;
0127;145133988;1;0;163;1#2;30;
0127;145133989;1;0;117;1#2;30;
0127;145133990;1;0;130;1#2;30;
0127;145133991;1;0;150;1#2;30;
0127;145133992;1;0;358;1#2;30;
0127;145133993;1;0;23;1#2;30;
0127;145133994;1;0;172;1#2;30;
0127;145133995;1;0;76;1#2;30;
0127;145133996;1;0;53;1#2;30;
0127;145133997;1;0;2;1#2;30;
0127;145133998;1;0;23;1#2;30;
0127;145133999;1;0;13;1#2;30;
0127;145134000;1;0;20;1#2;30;
0127;145134001;1;0;12;1#2;30;
0127;145134002;1;0;45;1#2;30;
0127;145134003;1;0;195;1#2;30;
0127;145134004;1;0;4;1#2;30;
0127;145134005;1;0;44;1#2;30;
0127;145134006;1;0;163;1#2;30;
0127;145134007;1;0;289;1#2;30;
0127;145134008;1;0;336;1#2;30;
0127;145134009;1;0;144;1#2;30;
0127;145134010;1;0;61;1#2;30;
0127;145134011;1;0;69;1#2;30;
0127;145134012;1;0;38;1#2;30;
0127;145134013;1;0;36;1#2;30;
0127;145134014;1;0;58;1#2;30;
0127;145134015;1;0;176;1#2;30;
0127;145134016;1;0;57;1#2;30;
0127;145134017;1;0;92;1#2;30;
0127;145134018;1;0;50;1#2;30;
0127;145134019;1;0;35;1#2;30;
0127;145134020;1;0;36;1#2;30;
0127;145134021;1;0;36;1#2;30;
0127;145134022;1;0;126;1#2;30;
0127;145134023;1;0;170;1#2;30;
0127;145134024;1;0;231;1#2;30;
0127;145134025;1;0;315;1#2;30;
0127;145134026;1;0;124;1#2;30;
0127;145134027;1;0;12;1#2;30;
0127;145134028;1;0;434;1#2;30;
0127;145134029;1;0;12;1#2;30;
0127;145134030;1;0;89;1#2;30;
0127;145134031;1;0;53;1#2;30;
0127;145134032;1;0;8;1#2;30;
0127;145134033;1;0;94;1#2;30;
0127;145134034;1;0;859;1#2;30;
0127;145134035;1;0;41;1#2;30;
0127;145134036;1;0;60;1#2;30;
0127;145134037;1;0;35;1#2;30;
0127;145134038;1;0;721;1#2;30;
0127;145134039;1;0;881;1#2;30;
0127;163302087;1;0;30;1#2;30;
0127;163302088;1;0;9;1#2;30;
0127;145134041;1;0;86;1#2;30;
0127;145134042;1;0;54;1#2;30;
0127;163302089;1;0;8;1#2;30;
0127;163302090;1;0;53;1#2;30;
0127;145134044;1;0;24;1#2;30;
0127;145134045;1;0;51;1#2;30;
0127;145134046;1;0;6;1#2;30;
0127;145134047;1;0;189;1#2;30;
0127;145134048;1;0;22;1#2;30;
0127;145134049;1;0;729;1#2;30;
0127;145134050;1;0;43;1#2;30;
0127;145134051;1;0;85;1#2;30;
0127;145134052;1;0;10;1#2;30;
0127;145134053;1;0;423;1#2;30;
0127;145134054;1;0;51;1#2;30;
0127;145134055;1;0;525;1#2;30;
0127;145134056;1;0;51;1#2;30;
0127;145134057;1;0;86;1#2;30;
0127;145134058;1;0;1469;1#2;30;
0127;145134059;1;0;437;1#2;30;
0127;145134060;1;0;162;1#2;30;
0127;145134061;1;0;38;1#2;30;
0127;145134062;1;0;472;1#2;30;
0127;145134063;1;0;28;1#2;30;
0127;145134064;1;0;34;1#2;30;
0127;145134065;1;0;7;1#2;30;
0127;145134066;1;0;79;1#2;30;
0127;145134067;1;0;36;1#2;30;
0127;145134068;1;0;28;1#2;30;
0127;145134069;1;0;58;1#2;30;
0127;145134070;1;0;102;1#2;30;
0127;145134071;1;0;597;1#2;30;
0127;145134072;1;0;53;1#2;30;
0127;145134073;1;0;139;1#2;30;
0127;145134074;1;0;76;1#2;30;
0127;145134075;1;0;79;1#2;30;
0127;145134076;1;0;168;1#2;30;
0127;145134077;1;0;103;1#2;30;
0127;145134078;1;0;84;1#2;30;
0127;145134079;1;0;297;1#2;30;
0127;145134080;1;0;273;1#2;30;
0127;145134081;1;0;37;1#2;30;
0127;145134082;1;0;139;1#2;30;
0127;145134083;1;0;76;1#2;30;
0127;145134084;1;0;198;1#2;30;
0127;145134085;1;0;67;1#2;30;
0127;145134086;1;0;421;1#2;30;
0127;145134087;1;0;152;1#2;30;
0127;145134088;1;0;86;1#2;30;
0127;145134089;1;0;362;1#2;30;
0127;145134090;1;0;34;1#2;30;
0127;145134091;1;0;53;1#2;30;
0127;145134092;1;0;39;1#2;30;
0127;145134093;1;0;89;1#2;30;
0127;145134094;1;0;145;1#2;30;
0127;145134095;1;0;115;1#2;30;
0127;145134096;1;0;105;1#2;30;
0127;145134097;1;0;218;1#2;30;
0127;145134098;1;0;29;1#2;30;
0127;145134099;1;0;186;1#2;30;
0127;145134100;1;0;39;1#2;30;
0127;145134101;1;0;74;1#2;30;
0127;145134102;1;0;65;1#2;30;
0127;145134103;1;0;41;1#2;30;
0127;145134104;1;0;345;1#2;30;
0127;145134105;1;0;143;1#2;30;
0127;145134106;1;0;92;1#2;30;
0127;145134107;1;0;61;1#2;30;
0127;145134108;1;0;19;1#2;30;
0127;145134109;1;0;36;1#2;30;
0127;145134110;1;0;84;1#2;30;
0127;145134111;1;0;122;1#2;30;
0127;145134112;1;0;79;1#2;30;
0127;145134113;1;0;92;1#2;30;
0127;145134114;1;0;283;1#2;30;
0127;145134115;1;0;78;1#2;30;
0127;145134116;1;0;78;1#2;30;
0127;145134117;1;0;60;1#2;30;
0127;145134118;1;0;106;1#2;30;
0127;145134119;1;0;29;1#2;30;
0127;145134120;1;0;205;1#2;30;
0127;145134121;1;0;19;1#2;30;
0127;145134122;1;0;85;1#2;30;
0127;145134123;1;0;69;1#2;30;
0127;145134124;1;0;278;1#2;30;
0127;145134125;1;0;7;1#2;30;
0127;145134126;1;0;248;1#2;30;
0127;145134127;1;0;328;1#2;30;
0127;145134128;1;0;95;1#2;30;
0127;145134129;1;0;24;1#2;30;
0127;145134130;1;0;44;1#2;30;
0127;145134131;1;0;416;1#2;30;
0127;145134132;1;0;57;1#2;30;
0127;145134133;1;0;45;1#2;30;
0127;145134134;1;0;54;1#2;30;
0127;145134135;1;0;295;1#2;30;
0127;145134136;1;0;72;1#2;30;
0127;145134137;1;0;35;1#2;30;
0127;145134138;1;0;86;1#2;30;
0127;145134139;1;0;136;1#2;30;
0127;145134140;1;0;19;1#2;30;
0127;145134141;1;0;506;1#2;30;
0127;145134142;1;0;47;1#2;30;
0127;145134143;1;0;94;1#2;30;
0127;145134144;1;0;50;1#2;30;
0127;145134145;1;0;30;1#2;30;
0127;145134146;1;0;377;1#2;30;
0127;145134147;1;0;19;1#2;30;
0127;145134148;1;0;39;1#2;30;
0127;145134149;1;0;52;1#2;30;
0127;145134150;1;0;42;1#2;30;
0127;145134151;1;0;23;1#2;30;
0127;145134152;1;0;31;1#2;30;
0127;145134153;1;0;73;1#2;30;
0127;145134154;1;0;18;1#2;30;
0127;145134155;1;0;38;1#2;30;
0127;145134156;1;0;81;1#2;30;
0127;145134157;1;0;46;1#2;30;
0127;163302091;1;0;7;1#2;30;
0127;163302092;1;0;28;1#2;30;
0127;145134159;1;0;31;1#2;30;
0127;145134160;1;0;48;1#2;30;
0127;145134161;1;0;50;1#2;30;
0127;145134162;1;0;48;1#2;30;
0127;145134163;1;0;31;1#2;30;
0127;145134164;1;0;33;1#2;30;
0127;145134165;1;0;66;1#2;30;
0127;145134166;1;0;39;1#2;30;
0127;145134167;1;0;61;1#2;30;
0127;145134168;1;0;59;1#2;30;
0127;145134169;1;0;25;1#2;30;
0127;145134170;1;0;45;1#2;30;
0127;145134171;1;0;64;1#2;30;
0127;145134172;1;0;65;1#2;30;
0127;145134173;1;0;64;1#2;30;
0127;145134174;1;0;39;1#2;30;
0127;145134175;1;0;51;1#2;30;
0127;145134176;1;0;46;1#2;30;
0127;145134177;1;0;102;1#2;30;
0127;145134178;1;0;37;1#2;30;
0127;145134179;1;0;105;1#2;30;
0127;145134180;1;0;62;1#2;30;
0127;145134181;1;0;118;1#2;30;
0127;145134182;1;0;49;1#2;30;
0127;145134183;1;0;78;1#2;30;
0127;145134184;1;0;95;1#2;30;
0127;145134185;1;0;56;1#2;30;
0127;145134186;1;0;40;1#2;30;
0127;145134187;1;0;41;1#2;30;
0127;145134188;1;0;60;1#2;30;
0127;145134189;1;0;62;1#2;30;
0127;145134190;1;0;55;1#2;30;
0127;145134191;1;0;51;1#2;30;
0127;145134192;1;0;118;1#2;30;
0127;145134193;1;0;81;1#2;30;
0127;145134194;1;0;50;1#2;30;
0127;145134195;1;0;35;1#2;30;
0127;145134196;1;0;90;1#2;30;
0127;145134197;1;0;35;1#2;30;
0127;145134198;1;0;48;1#2;30;
0127;145134199;1;0;64;1#2;30;
0127;145134200;1;0;71;1#2;30;
0127;145134201;1;0;48;1#2;30;
0127;145134202;1;0;38;1#2;30;
0127;145134203;1;0;93;1#2;30;
0127;145134204;1;0;70;1#2;30;
0127;145134205;1;0;148;1#2;30;
0127;145134206;1;0;61;1#2;30;
0127;145134207;1;0;18;1#2;30;
0127;145134208;1;0;49;1#2;30;
0127;145134209;1;0;22;1#2;30;
0127;145134210;1;0;43;1#2;30;
0127;145134211;1;0;60;1#2;30;
0127;145134212;1;0;62;1#2;30;
0127;145134213;1;0;42;1#2;30;
0127;145134214;1;0;75;1#2;30;
0127;145134215;1;0;62;1#2;30;
0127;145134216;1;0;100;1#2;30;
0127;145134217;1;0;52;1#2;30;
0127;145134218;1;0;92;1#2;30;
0127;145134219;1;0;109;1#2;30;
0127;145134220;1;0;142;1#2;30;
0127;145134221;1;0;55;1#2;30;
0127;145134222;1;0;66;1#2;30;
0127;145134223;1;0;842;1#2;30;
0127;145134224;1;0;56;1#2;30;
0127;145134225;1;0;475;1#2;30;
0127;145134226;1;0;210;1#2;30;
0127;145134227;1;0;202;1#2;30;
0127;145134228;1;0;93;1#2;30;
0127;145134229;1;0;62;1#2;30;
0127;145134230;1;0;153;1#2;30;
0127;145134231;1;0;156;1#2;30;
0127;145134232;1;0;167;1#2;30;
0127;145134233;1;0;17;1#2;30;
0127;145134234;1;0;15;1#2;30;
0127;145134235;1;0;9;1#2;30;
0127;145134236;1;0;96;1#2;30;
0127;145134237;1;0;55;1#2;30;
0127;145134238;1;0;455;1#2;30;
0127;145134239;1;0;58;1#2;30;
0127;145134240;1;0;187;1#2;30;
0127;145134241;1;0;99;1#2;30;
0127;145134242;1;0;88;1#2;30;
0127;145134243;1;0;89;1#2;30;
0127;145134244;1;0;98;1#2;30;
0127;145134245;1;0;456;1#2;30;
0127;145134246;1;0;272;1#2;30;
0127;145134247;1;0;144;1#2;30;
0127;145134248;1;0;73;1#2;30;
0127;145134249;1;0;226;1#2;30;
0127;145134250;1;0;75;1#2;30;
0127;145134251;1;0;82;1#2;30;
0127;163302093;1;0;8;1#2;30;
0127;163302094;1;0;136;1#2;30;
0127;163302095;1;0;8;1#2;30;
0127;145134253;1;0;119;1#2;30;
0127;145134254;1;0;131;1#2;30;
0127;145134255;1;0;656;1#2;30;
0127;145134256;1;0;89;1#2;30;
0127;145134257;1;0;75;1#2;30;
0127;145134258;1;0;186;1#2;30;
0127;145134259;1;0;719;1#2;30;
0127;145134260;1;0;93;1#2;30;
0127;145134261;1;0;162;1#2;30;
0127;145134262;1;0;57;1#2;30;
0127;145134263;1;0;81;1#2;30;
0127;145134264;1;0;38;1#2;30;
0127;145134265;1;0;70;1#2;30;
0127;145134266;1;0;69;1#2;30;
0127;145134267;1;0;39;1#2;30;
0127;145134268;1;0;90;1#2;30;
0127;145134269;1;0;236;1#2;30;
0127;145134270;1;0;39;1#2;30;
0127;145134271;1;0;285;1#2;30;
0127;145134272;1;0;237;1#2;30;
0127;145134273;1;0;61;1#2;30;
0127;145134274;1;0;116;1#2;30;
0127;145134275;1;0;122;1#2;30;
0127;145134276;1;0;77;1#2;30;
0127;145134277;1;0;115;1#2;30;
0127;145134278;1;0;372;1#2;30;
0127;145134279;1;0;128;1#2;30;
0127;145134280;1;0;92;1#2;30;
0127;145134281;1;0;129;1#2;30;
0127;145134282;1;0;447;1#2;30;
0127;145134283;1;0;424;1#2;30;
0127;145134284;1;0;73;1#2;30;
0127;145134285;1;0;100;1#2;30;
0127;145134286;1;0;93;1#2;30;
0127;145134287;1;0;69;1#2;30;
0127;272151754;1;0;11;1#2;30;
0127;272151755;1;0;81;1#2;30;
0127;145134289;1;0;55;1#2;30;
0127;145134290;1;0;53;1#2;30;
0127;145134291;1;0;226;1#2;30;
0127;145134292;1;0;80;1#2;30;
0127;145134293;1;0;74;1#2;30;
0127;145134294;1;0;47;1#2;30;
0127;145134295;1;0;75;1#2;30;
0127;145134296;1;0;71;1#2;30;
0127;145134297;1;0;59;1#2;30;
0127;145134298;1;0;38;1#2;30;
0127;145134299;1;0;72;1#2;30;
0127;145134300;1;0;34;1#2;30;
0127;145134301;1;0;62;1#2;30;
0127;145134302;1;0;87;1#2;30;
0127;145134303;1;0;57;1#2;30;
0127;145134304;1;0;82;1#2;30;
0127;145134305;1;0;73;1#2;30;
0127;145134306;1;0;42;1#2;30;
0127;145134307;1;0;107;1#2;30;
0127;145134308;1;0;38;1#2;30;
0127;145134309;1;0;150;1#2;30;
0127;145134310;1;0;53;1#2;30;
0127;145134311;1;0;68;1#2;30;
0127;145134312;1;0;126;1#2;30;
0127;145134313;1;0;47;1#2;30;
0127;145134314;1;0;75;1#2;30;
0127;145134315;1;0;102;1#2;30;
0127;145134316;1;0;137;1#2;30;
0127;145134317;1;0;41;1#2;30;
0127;145134318;1;0;346;1#2;30;
0127;145134319;1;0;83;1#2;30;
0127;145134320;1;0;595;1#2;30;
0127;145134321;1;0;430;1#2;30;
0127;145134322;1;0;272;1#2;30;
0127;145134323;1;0;319;1#2;30;
0127;145134324;1;0;291;1#2;30;
0127;145134325;1;0;50;1#2;30;
0127;145134326;1;0;240;1#2;30;
0127;145134327;1;0;442;1#2;30;
0127;145134328;1;0;309;1#2;30;
0127;145134329;1;0;72;1#2;30;
0127;145134330;1;0;405;1#2;30;
0127;145134331;1;0;161;1#2;30;
0127;145134332;1;0;97;1#2;30;
0127;145134333;1;0;87;1#2;30;
0127;145134334;1;0;62;1#2;30;
0127;145134335;1;0;305;1#2;30;
0127;145134336;1;0;180;1#2;30;
0127;145134337;1;0;89;1#2;30;
0127;145134338;1;0;228;1#2;30;
0127;145134339;1;0;88;1#2;30;
0127;145134340;1;0;111;1#2;30;
0127;145134341;1;0;84;1#2;30;
0127;145134342;1;0;95;1#2;30;
0127;145134343;1;0;91;1#2;30;
0127;145134344;1;0;35;1#2;30;
0127;145134345;1;0;40;1#2;30;
0127;145134346;1;0;44;1#2;30;
0127;145134347;1;0;408;1#2;30;
0127;145134348;1;0;141;1#2;30;
0127;145134349;1;0;208;1#2;30;
0127;145134350;1;0;694;1#2;30;
0127;145134351;1;0;83;1#2;30;
0127;145134352;1;0;432;1#2;30;
0127;145134353;1;0;624;1#2;30;
0127;145134354;1;0;266;1#2;30;
0127;145134355;1;0;199;1#2;30;
0127;145134356;1;0;108;1#2;30;
0127;145134357;1;0;154;1#2;30;
0127;145134358;1;0;101;1#2;30;
0127;145134359;1;0;576;1#2;30;
0127;145134360;1;0;114;1#2;30;
0127;145134361;1;0;110;1#2;30;
0127;145134362;1;0;286;1#2;30;
0127;145134363;1;0;386;1#2;30;
0127;145134364;1;0;93;1#2;30;
0127;145134365;1;0;194;1#2;30;
0127;145134366;1;0;177;1#2;30;
0127;145134367;1;0;269;1#2;30;
0127;145134368;1;0;128;1#2;30;
0127;145134369;1;0;374;1#2;30;
0127;145134370;1;0;298;1#2;30;
0127;145134371;1;0;249;1#2;30;
0127;145134372;1;0;612;1#2;30;
0127;145134373;1;0;253;1#2;30;
0127;145134374;1;0;152;1#2;30;
0127;145134375;1;0;116;1#2;30;
0127;145134376;1;0;90;1#2;30;
0127;145134377;1;0;127;1#2;30;
0127;145134378;1;0;602;1#2;30;
0127;145134379;1;0;125;1#2;30;
0127;145134380;1;0;234;1#2;30;
0127;145134381;1;0;420;1#2;30;
0127;145134382;1;0;318;1#2;30;
0127;145134383;1;0;96;1#2;30;
0127;145134384;1;0;278;1#2;30;
0127;145134385;1;0;206;1#2;30;
0127;145134386;1;0;158;1#2;30;
0127;145134387;1;0;67;1#2;30;
0127;145134388;1;0;127;1#2;30;
0127;145134389;1;0;165;1#2;30;
0127;145142811;1;0;594;1#2;30;
0127;145142812;1;0;1362;1#2;50;
0127;145142813;1;0;10;1#2;30;
0127;145142814;1;0;869;1#2;50;
0127;145142815;1;0;282;1#2;50;
0127;145142816;1;0;850;1#2;30;
0127;145142817;1;0;295;1#2;50;
0127;145142818;1;0;2344;1#2;30;
0127;145142819;1;0;690;1#2;30;
0127;145142820;1;0;343;1#2;30;
0127;145142821;1;0;733;1#2;30;
0127;145142822;1;0;38;1#2;30;
0127;145142823;1;0;220;1#2;30;
0127;145142824;1;0;218;1#2;30;
0127;145142825;1;0;257;1#2;30;
0127;145142826;1;0;7;1#2;30;
0127;145142827;1;0;216;1#2;30;
0127;145142828;1;0;125;1#2;30;
0127;145142829;1;0;30;1#2;30;
0127;145142830;1;0;1290;1#2;50;
0127;145142831;1;0;514;1#2;30;
0127;145142832;1;0;188;1#2;30;
0127;145146638;1;0;85;1#2;60;
0127;145146639;1;0;207;1#2;60;
0127;145146640;1;0;43;1#2;60;
0127;145146641;1;0;116;1#2;60;
0127;145146642;1;0;48;1#2;60;
0127;145146643;1;0;32;1#2;60;
0127;145146644;1;0;344;1#2;60;
0127;145146645;1;0;47;1#2;60;
0127;145146646;1;0;142;1#2;60;
0127;145146647;1;0;230;1#2;60;
0127;145146648;1;0;222;1#2;60;
0127;145146649;1;0;403;1#2;60;
0127;145146650;1;0;115;1#2;60;
0127;145146651;1;0;56;1#2;60;
0127;145146652;1;0;32;1#2;60;
0127;145146653;1;0;87;1#2;60;
0127;145146654;1;0;43;1#2;60;
0127;145146655;1;0;48;1#2;60;
0127;145146656;1;0;183;1#2;60;
0127;145146657;1;0;5;1#2;60;
0127;145147356;1;0;4;1#2;80;
0127;145147357;1;0;489;1#2;80;
0127;145147358;1;0;51;1#2;80;
0127;145147359;1;0;150;1#2;80;
0127;145147360;1;0;139;1#2;80;
0127;145147361;1;0;148;1#2;80;
0127;145147362;1;0;183;1#2;80;
0127;145147363;1;0;181;1#2;80;
0127;145147364;1;0;188;1#2;80;
0127;145147365;1;0;414;1#2;80;
0127;145147366;1;0;637;1#2;80;
0127;145147367;1;0;469;1#2;80;
0127;145147368;1;0;481;1#2;80;
0127;145147369;1;0;117;1#2;80;
0127;145147370;1;0;160;1#2;80;
0127;145147371;1;0;58;1#2;80;
0127;145147372;1;0;30;1#2;80;
0127;145147373;1;0;269;1#2;80;
0127;145147374;1;0;62;1#2;80;
0127;145147375;1;0;258;1#2;80;
0127;145147376;1;0;32;1#2;80;
0127;145147377;1;0;398;1#2;80;
0127;145147378;1;0;261;1#2;80;
0127;145147379;1;0;80;1#2;80;
0127;145147380;1;0;604;1#2;80;
0127;145147381;1;0;52;1#2;80;
0127;145147382;1;0;9;1#2;80;
0127;145147383;1;0;4;1#2;80;
0127;145147384;1;0;6;1#2;80;
0127;145147385;1;0;191;1#2;80;
0127;145147386;1;0;235;1#2;80;
0127;145147387;1;0;64;1#2;80;
0127;145147388;1;0;97;1#2;80;
0127;145147389;1;0;616;1#2;80;
0127;145147390;1;0;866;1#2;80;
0127;145147391;1;0;139;1#2;80;
0127;145147392;1;0;54;1#2;80;
0127;145147393;1;0;37;1#2;80;
0127;145147394;1;0;5;1#2;80;
0127;145147396;1;0;233;1#2;60;
0127;145147397;1;0;22;1#2;60;
0127;145147398;1;0;76;1#2;60;
0127;145147399;1;0;5;1#2;60;
0127;145147400;1;0;82;1#2;60;
0127;145147401;1;0;217;1#2;60;
0127;145147402;1;0;43;1#2;60;
0127;145147403;1;0;86;1#2;60;
0127;145147404;1;0;90;1#2;60;
0127;145147405;1;0;87;1#2;60;
0127;145147406;1;0;32;1#2;60;
0127;145147407;1;0;98;1#2;60;
0127;145147408;1;0;142;1#2;60;
0127;145147409;1;0;387;1#2;60;
0127;145147409;2;57;387;1#2;80;
0127;145147410;1;0;123;1#2;80;
0127;145147411;1;0;108;1#2;80;
0127;145147412;1;0;453;1#2;80;
0127;145147413;1;0;52;1#2;80;
0127;145147414;1;0;236;1#2;80;
0127;145147415;1;0;157;1#2;80;
0127;145147416;1;0;207;1#2;80;
0127;145147417;1;0;576;1#2;80;
0127;145147418;1;0;5;1#2;80;
0127;145147419;1;0;130;1#2;80;
0127;145147420;1;0;349;1#2;80;
0127;145147421;1;0;61;1#2;80;
0127;145147422;1;0;221;1#2;80;
0127;145147423;1;0;595;1#2;80;
0127;145147424;1;0;82;1#2;80;
0127;145147425;1;0;65;1#2;80;
0127;145147426;1;0;16;1#2;80;
0127;145147427;1;0;310;1#2;80;
0127;145147428;1;0;10;1#2;80;
0127;145147429;1;0;200;1#2;80;
0127;145147430;1;0;48;1#2;80;
0127;145147431;1;0;142;1#2;80;
0127;145147432;1;0;358;1#2;80;
0127;145147433;1;0;138;1#2;80;
0127;145147434;1;0;171;1#2;80;
0127;145147435;1;0;146;1#2;80;
0127;145147436;1;0;94;1#2;80;
0127;145147437;1;0;151;1#2;80;
0127;145147438;1;0;42;1#2;80;
0127;145147439;1;0;83;1#2;80;
0127;145147440;1;0;104;1#2;80;
0127;145147441;1;0;273;1#2;80;
0127;145147441;2;192;273;1#2;60;
0127;145147442;1;0;84;1#2;60;
0127;145147443;1;0;153;1#2;60;
0127;145147444;1;0;61;1#2;60;
0127;145147445;1;0;416;1#2;60;
0127;145147446;1;0;352;1#2;60;
0127;145147447;1;0;181;1#2;60;
0127;145147448;1;0;54;1#2;60;
0127;145147449;1;0;470;1#2;60;
0127;145147450;1;0;16;1#2;60;
0127;145147451;1;0;242;1#2;60;
0127;145147452;1;0;137;1#2;60;
0127;145147453;1;0;43;1#2;60;
0127;145147456;1;0;5;1#2;80;
0127;145147457;1;0;184;1#2;80;
0127;145147458;1;0;439;1#2;80;
0127;145147459;1;0;96;1#2;80;
0127;145147460;1;0;930;1#2;80;
0127;145147461;1;0;334;1#2;80;
0127;145147462;1;0;132;1#2;80;
0127;145147463;1;0;5;1#2;80;
0127;145147464;1;0;108;1#2;80;
0127;145147465;1;0;318;1#2;80;
0127;145147466;1;0;260;1#2;80;
0127;145147467;1;0;328;1#2;80;
0127;145147468;1;0;90;1#2;80;
0127;145147469;1;0;593;1#2;80;
0127;145147470;1;0;543;1#2;80;
0127;145147471;1;0;179;1#2;80;
0127;145147472;1;0;7;1#2;80;
0127;145147473;1;0;224;1#2;80;
0127;145147474;1;0;492;1#2;80;
0127;145147475;1;0;94;1#2;80;
0127;145147476;1;0;59;1#2;80;
0127;145151810;1;0;124;1#2;80;
0127;275240640;1;0;408;1#2;80;
0127;275240641;1;0;104;1#2;80;
0127;145151812;1;0;376;1#2;80;
0127;145151813;1;0;264;1#2;80;
0127;145151814;1;0;220;1#2;80;
0127;145151815;1;0;77;1#2;80;
0127;145151816;1;0;132;1#2;80;
0127;145151817;1;0;269;1#2;80;
0127;145151818;1;0;186;1#2;80;
0127;145151818;2;26;186;1#2;60;
0127;145151819;1;0;116;1#2;60;
0127;145151820;1;0;159;1#2;60;
0127;145151821;1;0;30;1#2;60;
0127;145151822;1;0;36;1#2;60;
0127;145151823;1;0;42;1#2;60;
0127;145151824;1;0;179;1#2;60;
0127;145151825;1;0;56;1#2;60;
0127;145151826;1;0;55;1#2;60;
0127;145151827;1;0;68;1#2;60;
0127;145151828;1;0;111;1#2;60;
0127;145151828;2;101;111;1#2;80;
0127;145151829;1;0;37;1#2;80;
0127;145151830;1;0;202;1#2;80;
0127;145151831;1;0;69;1#2;80;
0127;145151832;1;0;34;1#2;80;
0127;275240642;1;0;186;1#2;80;
0127;275240643;1;0;213;1#2;80;
0127;145151834;1;0;264;1#2;80;
0127;145151835;1;0;11;1#2;80;
0127;145151836;1;0;190;1#2;80;
0127;145151837;1;0;5;1#2;80;
0127;145151838;1;0;5;1#2;80;
0127;145151839;1;0;225;1#2;80;
0127;145151840;1;0;160;1#2;80;
0127;145151840;2;107;160;1#2;60;
0127;145151841;1;0;80;1#2;60;
0127;145151842;1;0;100;1#2;60;
0127;145151843;1;0;25;1#2;60;
0127;145151844;1;0;90;1#2;60;
0127;145151845;1;0;85;1#2;60;
0127;272151756;1;0;88;1#2;60;
0127;272151757;1;0;32;1#2;60;
0127;272151757;2;28;32;1#2;50;
0127;145151847;1;0;48;1#2;50;
0127;145151848;1;0;90;1#2;50;
0127;145151849;1;0;32;1#2;50;
0127;145151850;1;0;45;1#2;50;
0127;145151851;1;0;35;1#2;50;
0127;145151852;1;0;65;1#2;50;
0127;145151853;1;0;31;1#2;50;
0127;163302096;1;0;14;1#2;50;
0127;163302097;1;0;115;1#2;50;
0127;145151855;1;0;24;1#2;50;
0127;145151856;1;0;68;1#2;50;
0127;145151857;1;0;37;1#2;50;
0127;145151858;1;0;38;1#2;50;
0127;145151859;1;0;26;1#2;50;
0127;145151860;1;0;41;1#2;50;
0127;145151861;1;0;5;1#2;50;
0127;163302098;1;0;38;1#2;50;
0127;163302099;1;0;30;1#2;50;
0127;145151863;1;0;27;1#2;50;
0127;145151864;1;0;12;1#2;50;
0127;145151865;1;0;18;1#2;50;
0127;145151866;1;0;74;1#2;50;
0127;145151867;1;0;50;1#2;50;
0127;145151868;1;0;7;1#2;50;
0127;145151869;1;0;339;1#2;50;
0127;145151869;2;69;339;1#2;50;
0127;145151869;2;69;339;2;70;
0127;145151870;1;0;236;1#2;50;
0127;145151870;1;0;236;2;70;
0127;145151870;2;171;236;1#2;80;
0127;275240644;1;0;154;1#2;80;
0127;275240645;1;0;419;1#2;80;
0127;145151872;1;0;55;1#2;80;
0127;145151873;1;0;214;1#2;80;
0127;145151874;1;0;395;1#2;80;
0127;145151875;1;0;168;1#2;80;
0127;145151876;1;0;122;1#2;80;
0127;145151877;1;0;92;1#2;80;
0127;275240646;1;0;70;1#2;80;
0127;275240647;1;0;70;1#2;80;
0127;145151879;1;0;148;1#2;80;
0127;145151880;1;0;104;1#2;80;
0127;145151881;1;0;285;1#2;80;
0127;145151882;1;0;250;1#2;80;
0127;145151883;1;0;46;1#2;80;
0127;145151884;1;0;177;1#2;80;
0127;145151885;1;0;46;1#2;80;
0127;145151886;1;0;207;1#2;80;
0127;145151887;1;0;613;1#2;80;
0127;275240648;1;0;19;1#2;80;
0127;275240649;1;0;72;1#2;80;
0127;145151889;1;0;26;1#2;80;
0127;145151890;1;0;215;1#2;80;
0127;145151891;1;0;141;1#2;80;
0127;145151892;1;0;5;1#2;80;
0127;145151893;1;0;99;1#2;80;
0127;145151894;1;0;90;1#2;80;
0127;145151895;1;0;193;1#2;80;
0127;275240650;1;0;158;1#2;80;
0127;275240651;1;0;283;1#2;80;
0127;275240651;2;123;283;1#2;60;
0127;145151897;1;0;69;1#2;60;
0127;275240652;1;0;4;1#2;60;
0127;275240653;1;0;513;1#2;70;
0127;275240653;1;0;513;1#2;60;
0127;275240653;2;95;513;1#2;70;
0127;145151899;1;0;174;1#2;70;
0127;145151900;1;0;142;1#2;70;
0127;145151901;1;0;7;1#2;70;
0127;145151902;1;0;5;1#2;70;
0127;145151903;1;0;21;1#2;70;
0127;145151904;1;0;260;1#2;70;
0127;145151905;1;0;210;1#2;70;
0127;145151906;1;0;116;1#2;70;
0127;145151907;1;0;138;1#2;70;
0127;145152761;1;0;187;1#2;50;
0127;145152762;1;0;59;1#2;50;
0127;145152763;1;0;249;1#2;50;
0127;145152763;2;89;249;1#2;70;
0127;145152764;1;0;87;1#2;70;
0127;145152765;1;0;125;1#2;70;
0127;145152766;1;0;104;1#2;70;
0127;145152767;1;0;161;1#2;70;
0127;145152768;1;0;407;1#2;70;
0127;145152768;2;25;407;1#2;80;
0127;145152769;1;0;234;1#2;80;
0127;145152770;1;0;368;1#2;80;
0127;145152771;1;0;154;1#2;80;
0127;145152772;1;0;422;1#2;80;
0127;145152773;1;0;55;1#2;80;
0127;145152774;1;0;173;1#2;80;
0127;145152775;1;0;208;1#2;80;
0127;145152776;1;0;332;1#2;80;
0127;145152777;1;0;18;1#2;80;
0127;145152778;1;0;219;1#2;80;
0127;145152779;1;0;93;1#2;80;
0127;145152780;1;0;332;1#2;80;
0127;145152781;1;0;128;1#2;80;
0127;145152782;1;0;80;1#2;80;
0127;145152783;1;0;878;1#2;80;
0127;145152784;1;0;616;1#2;80;
0127;145152785;1;0;273;1#2;80;
0127;145152786;1;0;171;1#2;80;
0127;145152787;1;0;1018;1#2;80;
0127;145152788;1;0;193;1#2;80;
0127;145152789;1;0;85;1#2;80;
0127;145152790;1;0;92;1#2;80;
0127;145152829;1;0;163;1#2;60;
0127;145152830;1;0;122;1#2;60;
0127;145152831;1;0;44;1#2;60;
0127;145152832;1;0;253;1#2;60;
0127;145152833;1;0;229;1#2;60;
0127;145152834;1;0;124;1#2;60;
0127;145152834;2;84;124;1#2;80;
0127;145152835;1;0;363;1#2;80;
0127;145152836;1;0;66;1#2;80;
0127;145152837;1;0;786;1#2;80;
0127;145152838;1;0;510;1#2;80;
0127;145152839;1;0;89;1#2;80;
0127;145152840;1;0;17;1#2;80;
0127;145152841;1;0;31;1#2;80;
0127;145152842;1;0;247;1#2;80;
0127;145152843;1;0;48;1#2;80;
0127;145152844;1;0;8;1#2;80;
0127;145152845;1;0;110;1#2;80;
0127;145152846;1;0;103;1#2;80;
0127;145152847;1;0;125;1#2;80;
0127;145152848;1;0;397;1#2;80;
0127;145152849;1;0;19;1#2;80;
0127;145152850;1;0;7;1#2;80;
0127;145152851;1;0;9;1#2;80;
0127;145152852;1;0;156;1#2;80;
0127;145152853;1;0;241;1#2;80;
0127;145152854;1;0;89;1#2;80;
0127;145152855;1;0;79;1#2;80;
0127;145152856;1;0;693;1#2;80;
0127;145152857;1;0;25;1#2;80;
0127;145152858;1;0;534;1#2;80;
0127;145152859;1;0;711;1#2;80;
0127;145152860;1;0;194;1#2;80;
0127;145152861;1;0;245;1#2;80;
0127;145152862;1;0;4;1#2;80;
0127;145152863;1;0;220;1#2;80;
0127;145152864;1;0;1105;1#2;80;
0127;145152865;1;0;218;1#2;80;
0127;145152866;1;0;622;1#2;80;
0127;145152867;1;0;819;1#2;80;
0127;145152868;1;0;88;1#2;80;
0127;145152869;1;0;22;1#2;80;
0127;145155019;1;0;18;1;60;
0127;145155644;1;0;26;1;30;
0127;145156481;1;0;18;2;60;
0127;145156962;1;0;26;2;30;
0127;145157262;1;0;235;1#2;30;
0127;145157263;1;0;43;1#2;30;
0127;145157264;1;0;117;1#2;30;
0127;145157265;1;0;43;1#2;30;
0127;145157266;1;0;36;1#2;30;
0127;145157267;1;0;69;1#2;30;
0127;145157268;1;0;43;1#2;30;
0127;145157269;1;0;74;1#2;30;
0127;145157270;1;0;47;1#2;30;
0127;145157271;1;0;26;1#2;30;
0127;145157272;1;0;4;1#2;30;
0127;145157273;1;0;112;1#2;30;
0127;145157274;1;0;279;1#2;30;
0127;145157275;1;0;244;1#2;30;
0127;145157276;1;0;231;1#2;30;
0127;145157277;1;0;313;1#2;30;
0127;145157278;1;0;243;1#2;30;
0127;145157279;1;0;36;1#2;30;
0127;145157280;1;0;47;1#2;30;
0127;145157281;1;0;6;1#2;30;
0127;145157282;1;0;558;1#2;30;
0127;145157283;1;0;927;1#2;30;
0127;145157284;1;0;16;1#2;30;
0127;145157285;1;0;188;1#2;50;
0127;145157286;1;0;11;1#2;30;
0127;145157287;1;0;82;1#2;30;
0127;145157288;1;0;180;1#2;30;
0127;145157289;1;0;241;1#2;30;
0127;145157290;1;0;176;1#2;30;
0127;145157291;1;0;193;1#2;30;
0127;145157292;1;0;66;1#2;30;
0127;145157293;1;0;75;1#2;30;
0127;145157294;1;0;72;1#2;30;
0127;145157295;1;0;108;1#2;30;
0127;145157296;1;0;41;1#2;30;
0127;145157297;1;0;139;1#2;30;
0127;145157298;1;0;70;1#2;30;
0127;145157299;1;0;93;1#2;30;
0127;145157300;1;0;237;1#2;30;
0127;145157301;1;0;91;1#2;30;
0127;145157302;1;0;267;1#2;30;
0127;145157303;1;0;45;1#2;30;
0127;145157304;1;0;68;1#2;30;
0127;145157305;1;0;49;1#2;30;
0127;145157306;1;0;41;1#2;30;
0127;145157307;1;0;218;1#2;30;
0127;145157308;1;0;61;1#2;30;
0127;145157309;1;0;65;1#2;30;
0127;145157310;1;0;133;1#2;30;
0127;145157311;1;0;45;1#2;30;
0127;145157312;1;0;159;1#2;30;
0127;145157313;1;0;253;1#2;30;
0127;145157314;1;0;686;1#2;30;
0127;145157315;1;0;491;1#2;30;
0127;145157316;1;0;25;1#2;30;
0127;145157317;1;0;65;1#2;30;
0127;145157318;1;0;294;1#2;30;
0127;145157319;1;0;73;1#2;30;
0127;145157320;1;0;108;1#2;30;
0127;145157321;1;0;31;1#2;30;
0127;145157322;1;0;75;1#2;30;
0127;145157323;1;0;212;1#2;30;
0127;145157324;1;0;40;1#2;30;
0127;145157325;1;0;110;1#2;30;
0127;145157326;1;0;47;1#2;30;
0127;145157327;1;0;37;1#2;30;
0127;145157328;1;0;58;1#2;30;
0127;145157329;1;0;45;1#2;30;
0127;145157330;1;0;63;1#2;30;
0127;145157331;1;0;78;1#2;30;
0127;145157332;1;0;48;1#2;30;
0127;145157333;1;0;35;1#2;30;
0127;145157334;1;0;175;1#2;30;
0127;145157335;1;0;79;1#2;30;
0127;145157336;1;0;77;1#2;30;
0127;145157337;1;0;63;1#2;30;
0127;145157338;1;0;49;1#2;30;
0127;145157339;1;0;116;1#2;30;
0127;145157340;1;0;92;1#2;30;
0127;145157341;1;0;144;1#2;30;
0127;145157342;1;0;322;1#2;30;
0127;145157343;1;0;85;1#2;30;
0127;145157344;1;0;28;1#2;30;
0127;145157345;1;0;54;1#2;30;
0127;145157346;1;0;22;1#2;30;
0127;145157347;1;0;44;1#2;30;
0127;145157348;1;0;67;1#2;30;
0127;145157349;1;0;93;1#2;30;
0127;145157350;1;0;62;1#2;30;
0127;145157351;1;0;673;1#2;30;
0127;145157352;1;0;34;1#2;30;
0127;145157353;1;0;36;1#2;30;
0127;145157354;1;0;212;1#2;30;
0127;145157355;1;0;39;1#2;30;
0127;145157356;1;0;69;1#2;30;
0127;145157357;1;0;76;1#2;30;
0127;145157358;1;0;483;1#2;30;
0127;145157359;1;0;33;1#2;30;
0127;145157360;1;0;453;1#2;30;
0127;145157361;1;0;57;1#2;30;
0127;145157362;1;0;170;1#2;30;
0127;145157363;1;0;12;1#2;30;
0127;145157364;1;0;444;1#2;30;
0127;145157365;1;0;198;1#2;30;
0127;145157366;1;0;307;1#2;30;
0127;145157367;1;0;75;1#2;30;
0127;145157368;1;0;244;1#2;30;
0127;145157369;1;0;574;1#2;30;
0127;145157370;1;0;76;1#2;30;
0127;145157371;1;0;123;1#2;30;
0127;145157372;1;0;67;1#2;30;
0127;145157373;1;0;92;1#2;30;
0127;145157374;1;0;36;1#2;30;
0127;145157375;1;0;136;1#2;30;
0127;145157376;1;0;155;1#2;30;
0127;145157377;1;0;164;1#2;30;
0127;145157378;1;0;127;1#2;30;
0127;145157379;1;0;356;1#2;30;
0127;145157380;1;0;79;1#2;30;
0127;145157381;1;0;108;1#2;30;
0127;145157382;1;0;172;1#2;30;
0127;145157383;1;0;91;1#2;30;
0127;145157384;1;0;47;1#2;30;
0127;145157385;1;0;110;1#2;30;
0127;145157386;1;0;269;1#2;30;
0127;145157387;1;0;32;1#2;30;
0127;145157388;1;0;62;1#2;30;
0127;145157389;1;0;34;1#2;30;
0127;145157390;1;0;33;1#2;30;
0127;145157391;1;0;60;1#2;30;
0127;145157392;1;0;40;1#2;30;
0127;145157393;1;0;31;1#2;30;
0127;145157394;1;0;69;1#2;30;
0127;145157395;1;0;31;1#2;30;
0127;145157396;1;0;50;1#2;30;
0127;145157397;1;0;24;1#2;30;
0127;145157398;1;0;54;1#2;30;
0127;145157399;1;0;54;1#2;30;
0127;145157400;1;0;48;1#2;30;
0127;145157401;1;0;123;1#2;30;
0127;145157402;1;0;1103;1#2;30;
0127;145157403;1;0;18;1#2;30;
0127;145157404;1;0;63;1#2;30;
0127;145157405;1;0;46;1#2;30;
0127;145157406;1;0;84;1#2;30;
0127;145157407;1;0;20;1#2;30;
0127;145157408;1;0;134;1#2;30;
0127;145157409;1;0;167;1#2;30;
0127;145157410;1;0;51;1#2;30;
0127;145157411;1;0;43;1#2;30;
0127;145157412;1;0;65;1#2;30;
0127;145157413;1;0;76;1#2;30;
0127;145157414;1;0;214;1#2;30;
0127;145157415;1;0;527;1#2;30;
0127;145157416;1;0;41;1#2;30;
0127;145157417;1;0;68;1#2;30;
0127;145157418;1;0;65;1#2;30;
0127;145157419;1;0;53;1#2;30;
0127;145157420;1;0;57;1#2;30;
0127;145157421;1;0;11;1#2;30;
0127;145157422;1;0;10;1#2;30;
0127;145157423;1;0;97;1#2;30;
0127;145157424;1;0;865;1#2;30;
0127;145157425;1;0;684;1#2;30;
0127;145157426;1;0;133;1#2;30;
0127;145157427;1;0;150;1#2;30;
0127;145157428;1;0;82;1#2;30;
0127;145157429;1;0;106;1#2;30;
0127;145157430;1;0;76;1#2;30;
0127;145157431;1;0;72;1#2;30;
0127;145157432;1;0;78;1#2;30;
0127;145157433;1;0;62;1#2;30;
0127;145157434;1;0;36;1#2;30;
0127;145157435;1;0;64;1#2;30;
0127;145157436;1;0;63;1#2;30;
0127;145157437;1;0;61;1#2;30;
0127;145157438;1;0;102;1#2;30;
0127;145157439;1;0;21;1#2;30;
0127;145157440;1;0;40;1#2;30;
0127;145157441;1;0;24;1#2;50;
0127;145157442;1;0;11;1#2;30;
0127;145157443;1;0;29;1#2;30;
0127;145157444;1;0;220;1#2;30;
0127;145157445;1;0;61;1#2;30;
0127;145157446;1;0;25;1#2;30;
0127;145157447;1;0;26;1#2;30;
0127;145157448;1;0;40;1#2;30;
0127;145157449;1;0;17;1#2;30;
0127;145157450;1;0;24;1#2;30;
0127;145157451;1;0;166;1#2;30;
0127;145157452;1;0;74;1#2;30;
0127;145157453;1;0;31;1#2;30;
0127;145157454;1;0;77;1#2;30;
0127;145157455;1;0;21;1#2;30;
0127;145157456;1;0;88;1#2;30;
0127;145157457;1;0;72;1#2;30;
0127;145157458;1;0;25;1#2;30;
0127;145157459;1;0;32;1#2;30;
0127;145157460;1;0;148;1#2;30;
0127;145157461;1;0;61;1#2;30;
0127;145157462;1;0;48;1#2;30;
0127;145157463;1;0;31;1#2;30;
0127;145157464;1;0;13;1#2;30;
0127;145157465;1;0;37;1#2;50;
0127;145157466;1;0;160;1#2;30;
0127;145157467;1;0;77;1#2;30;
0127;145157468;1;0;47;1#2;30;
0127;145157469;1;0;43;1#2;30;
0127;145157470;1;0;11;1#2;50;
0127;145157471;1;0;210;1#2;30;
0127;145157472;1;0;320;1#2;50;
0127;145157473;1;0;240;1#2;30;
0127;145157474;1;0;73;1#2;30;
0127;145157475;1;0;62;1#2;30;
0127;145157476;1;0;30;1#2;30;
0127;145157477;1;0;597;1#2;30;
0127;145157478;1;0;953;1#2;30;
0127;145157479;1;0;436;1#2;30;
0127;145157480;1;0;192;1#2;30;
0127;145157481;1;0;87;1#2;30;
0127;145157482;1;0;648;1#2;30;
0127;145157483;1;0;309;1#2;30;
0127;145157484;1;0;71;1#2;50;
0127;145157485;1;0;52;1#2;30;
0127;145157486;1;0;17;1#2;50;
0127;145157487;1;0;232;1#2;30;
0127;145157488;1;0;134;1#2;30;
0127;145157489;1;0;17;1#2;30;
0127;145157490;1;0;36;1#2;30;
0127;145157491;1;0;867;1#2;30;
0127;145157492;1;0;144;1#2;30;
0127;145157493;1;0;96;1#2;30;
0127;145157494;1;0;394;1#2;50;
0127;145157495;1;0;87;1#2;30;
0127;145157496;1;0;199;1#2;30;
0127;145157497;1;0;135;1#2;30;
0127;145157498;1;0;58;1#2;30;
0127;145157499;1;0;242;1#2;50;
0127;145157500;1;0;12;1#2;30;
0127;145157501;1;0;109;1#2;30;
0127;145157502;1;0;210;1#2;30;
0127;145157503;1;0;23;1#2;30;
0127;145157504;1;0;273;1#2;30;
0127;145157505;1;0;524;1#2;30;
0127;145157506;1;0;728;1#2;30;
0127;145157507;1;0;66;1#2;30;
0127;145157508;1;0;491;1#2;30;
0127;145157509;1;0;142;1#2;30;
0127;145157510;1;0;52;1#2;30;
0127;145157511;1;0;240;1#2;30;
0127;272151758;1;0;13;1#2;30;
0127;272151759;1;0;2;1#2;30;
