*0511*2011 VEGNETT*20110511*INNF*20110511*VDB SVNT*AHT
..Eksport-dato 20110511


Komm; TransID;kode;Fra;   Til;felt;Retning;
0511;145514444;1;0;17;1;2;
0511;145514445;1;0;4;1;2;
0511;145514446;1;0;4;1;2;
0511;145514447;1;0;12;1;2;
0511;145514448;1;0;10;1;2;
0511;145514449;1;0;11;1;2;
0511;145514450;1;0;64;1;2;
0511;145514451;1;0;32;1;2;
0511;145514452;1;0;3;1;2;
0511;145514453;1;0;61;1#1H1;2;
0511;145514454;1;0;9;1;2;
0511;145514455;1;0;8;1;2;
0511;145514456;1;0;163;1;2;
0511;145514459;1;0;128;1;2;
0511;145514633;1;0;38;1;2;
0511;145514634;1;0;4;1;2;
0511;145515164;1;0;4;1;2;
0511;145515165;1;0;16;1;2;
0511;145515166;1;0;15;1;2;
0511;145515167;1;0;22;1;2;
0511;145515168;1;0;6;1;2;
0511;145515169;1;0;46;1;2;
0511;145515170;1;0;4;1;2;
0511;145515171;1;0;8;1;2;
0511;145515172;1;0;5;1;2;
0511;145515173;1;0;3;1;2;
0511;145515174;1;0;5;1;2;
0511;145515175;1;0;29;1;2;
0511;145515176;1;0;4;1;2;
0511;145515177;1;0;32;1;2;
0511;145515178;1;0;5;1;2;
0511;145515179;1;0;26;1;2;
0511;145515255;1;0;23;1;2;
0511;145515256;1;0;17;1;2;
0511;145515257;1;0;9;1;2;
0511;145515346;1;0;25;1;2;
0511;145515439;1;0;17;2;1;
0511;145515440;1;0;4;2;1;
0511;145515441;1;0;4;2;1;
0511;145515442;1;0;12;2#2H1;1;
0511;145515443;1;0;10;2#2H1;1;
0511;145515444;1;0;11;2#2H1;1;
0511;145515445;1;0;63;2#2H1;1;
0511;145515446;1;0;36;2;1;
0511;145515447;1;0;61;2;1;
0511;145515448;1;0;9;2;1;
0511;145515449;1;0;8;2;1;
0511;145515450;1;0;163;2;1;
0511;145515453;1;0;128;2;1;
0511;145515610;1;0;17;2;1;
0511;145515611;1;0;21;2;1;
0511;145515612;1;0;4;2;1;
0511;145516152;1;0;4;2;1;
0511;145516153;1;0;31;2;1;
0511;145516154;1;0;22;2;1;
0511;145516155;1;0;6;2;1;
0511;145516156;1;0;29;2;1;
0511;145516157;1;0;17;2;1;
0511;145516158;1;0;4;2;1;
0511;145516159;1;0;8;2;1;
0511;145516160;1;0;5;2;1;
0511;145516161;1;0;3;2;1;
0511;145516162;1;0;34;2;1;
0511;145516163;1;0;4;2;1;
0511;145516164;1;0;32;2;1;
0511;145516165;1;0;5;2;1;
0511;145516166;1;0;26;2;1;
0511;145516227;1;0;23;2;1;
0511;145516228;1;0;26;2;1;
0511;145516306;1;0;25;2;1;
0511;145516333;1;0;126;1H1;2;
0511;145516334;1;0;92;2H1;1;
0511;145516335;1;0;12;2H1;1;
0511;145516336;1;0;10;2H1;1;
0511;145516337;1;0;11;2H1;1;
0511;145516338;1;0;64;2H1;1;
0511;145516339;1;0;61;1H1;2;
0511;145516340;1;0;33;1H1;2;
0511;157198103;1;0;33;2;1;
0511;157198106;1;0;33;1;2;
0511;272015989;1;0;12;1;2;
0511;272015990;1;0;7;1;2;
0511;272015991;1;0;7;1;2;
0511;272015992;1;0;12;1;2;
0511;272015993;1;0;8;1;2;
0511;272015994;1;0;8;1;2;
0511;272015995;1;0;17;1;2;
0511;272015996;1;0;18;1;2;
0511;272015997;1;0;8;1;2;
0511;272015998;1;0;7;1;2;
0511;272016004;1;0;22;1;2;
0511;272016005;1;0;33;1;2;
0511;272016006;1;0;28;1;2;
0511;272016007;1;0;28;2;1;
0511;272016014;1;0;27;1;2;
0511;272016015;1;0;27;2;1;
0511;272016020;1;0;34;1;2;
0511;272016021;1;0;34;2;1;
0511;272016035;1;0;20;2;1;
0511;272016036;1;0;35;2;1;
