*0226*2011 VEGNETT*20110511*FART*20110511*VDB SVNT*AHT
..Eksport-dato 20110511
50;

Komm; TransID;kode;Fra;   Til;felt; Fart;
0226;145179379;1;0;37;1#2;50;
0226;145179380;1;0;164;1#2;50;
0226;145179381;1;0;40;1#2;50;
0226;145179382;1;0;249;1#2;50;
0226;145179383;1;0;115;1#2;30;
0226;145179384;1;0;255;1#2;50;
0226;145179385;1;0;81;1#2;30;
0226;145179386;1;0;56;1#2;50;
0226;157062619;1;0;11;1#2;30;
0226;157062620;1;0;93;1#2;30;
0226;145179388;1;0;41;1#2;30;
0226;145179389;1;0;40;1#2;30;
0226;145179390;1;0;103;1#2;30;
0226;145179391;1;0;108;1#2;50;
0226;145179392;1;0;33;1#2;30;
0226;145179393;1;0;33;1#2;30;
0226;145179394;1;0;107;1#2;30;
0226;145179395;1;0;94;1#2;30;
0226;211914562;1;0;11;1#2;50;
0226;211914563;1;0;60;1#2;50;
0226;145179397;1;0;467;1#2;50;
0226;145179398;1;0;295;1#2;50;
0226;145179399;1;0;150;1#2;30;
0226;145179400;1;0;128;1#2;30;
0226;145179401;1;0;139;1#2;50;
0226;145179402;1;0;52;1#2;30;
0226;145179403;1;0;49;1#2;30;
0226;145179404;1;0;44;1#2;30;
0226;145179405;1;0;132;1#2;30;
0226;145179406;1;0;35;1#2;30;
0226;145179407;1;0;48;1#2;30;
0226;145179408;1;0;34;1#2;30;
0226;145179409;1;0;111;1#2;30;
0226;145179410;1;0;196;1#2;30;
0226;145179411;1;0;39;1#2;30;
0226;145179412;1;0;74;1#2;30;
0226;145179413;1;0;76;1#2;50;
0226;145179414;1;0;109;1#2;30;
0226;145179415;1;0;193;1#2;30;
0226;145179416;1;0;231;1#2;50;
0226;145179417;1;0;32;1#2;50;
0226;145179418;1;0;101;1#2;50;
0226;145179419;1;0;211;1#2;50;
0226;157062621;1;0;9;1#2;50;
0226;211914564;1;0;50;1#2;50;
0226;211914565;1;0;66;1#2;50;
0226;145179421;1;0;44;1#2;30;
0226;145179422;1;0;30;1#2;50;
0226;145179423;1;0;36;1#2;50;
0226;145179424;1;0;63;1#2;50;
0226;145179425;1;0;46;1#2;50;
0226;145179426;1;0;82;1#2;50;
0226;145179427;1;0;230;1#2;50;
0226;157062623;1;0;9;1#2;50;
0226;157062624;1;0;50;1#2;50;
0226;145179429;1;0;38;1#2;50;
0226;145179430;1;0;76;1#2;50;
0226;145179431;1;0;93;1#2;50;
0226;145179432;1;0;40;1#2;50;
0226;145179433;1;0;157;1#2;50;
0226;198125452;1;0;49;1#2;50;
0226;198125453;1;0;52;1#2;50;
0226;145179435;1;0;85;1#2;50;
0226;145179436;1;0;32;1#2;50;
0226;145179437;1;0;30;1#2;50;
0226;145179438;1;0;20;1#2;50;
0226;145179439;1;0;21;1#2;50;
0226;145179440;1;0;30;1#2;50;
0226;145179441;1;0;47;1#2;50;
0226;145179442;1;0;29;1#2;50;
0226;145179443;1;0;49;1#2;50;
0226;145179444;1;0;48;1#2;50;
0226;145179445;1;0;68;1#2;50;
0226;145179446;1;0;59;1#2;50;
0226;145179448;1;0;42;1#2;50;
0226;145179449;1;0;42;1#2;30;
0226;145179450;1;0;69;1#2;30;
0226;211914566;1;0;8;1#2;30;
0226;211914567;1;0;8;1#2;30;
0226;145179452;1;0;131;1#2;30;
0226;145179453;1;0;62;1#2;30;
0226;145179454;1;0;384;1#2;30;
0226;145179455;1;0;16;1#2;30;
0226;211914568;1;0;5;1#2;30;
0226;211914569;1;0;16;1#2;30;
0226;145179458;1;0;171;1#2;30;
0226;145179459;1;0;55;1#2;30;
0226;145179460;1;0;257;1#2;30;
0226;145179461;1;0;96;1#2;30;
0226;145179462;1;0;42;1#2;30;
0226;145179463;1;0;53;1#2;30;
0226;145179464;1;0;121;1#2;50;
0226;145179465;1;0;108;1#2;50;
0226;145179466;1;0;58;1#2;30;
0226;145179467;1;0;49;1#2;50;
0226;145179468;1;0;218;1#2;30;
0226;145179469;1;0;141;1#2;50;
0226;145179470;1;0;98;1#2;50;
0226;145179471;1;0;147;1#2;50;
0226;145179472;1;0;40;1#2;50;
0226;145179473;1;0;43;1#2;30;
0226;145179474;1;0;30;1#2;30;
0226;145179475;1;0;129;1#2;30;
0226;145179476;1;0;94;1#2;30;
0226;145179477;1;0;43;1#2;30;
0226;145179478;1;0;54;1#2;30;
0226;145179479;1;0;112;1#2;30;
0226;145179480;1;0;10;1#2;50;
0226;145179481;1;0;71;1#2;30;
0226;145179482;1;0;150;1#2;50;
0226;145179483;1;0;82;1#2;30;
0226;145179484;1;0;37;1#2;30;
0226;145179485;1;0;47;1#2;30;
0226;145179486;1;0;118;1#2;30;
0226;145179487;1;0;130;1#2;30;
0226;145179488;1;0;37;1#2;30;
0226;145179489;1;0;104;1#2;30;
0226;145179490;1;0;16;1#2;30;
0226;145179491;1;0;50;1#2;30;
0226;145179492;1;0;139;1#2;30;
0226;145179493;1;0;225;1#2;50;
0226;145179494;1;0;67;1#2;50;
0226;145179495;1;0;80;1#2;30;
0226;145179496;1;0;31;1#2;30;
0226;145179497;1;0;27;1#2;30;
0226;145179498;1;0;115;1#2;30;
0226;145179499;1;0;116;1#2;50;
0226;145179500;1;0;158;1#2;30;
0226;145179501;1;0;49;1#2;30;
0226;145179502;1;0;71;1#2;30;
0226;145179503;1;0;14;1#2;30;
0226;145179504;1;0;121;1#2;30;
0226;145179505;1;0;57;1#2;50;
0226;145179507;1;0;29;1#2;50;
0226;145179508;1;0;62;1#2;50;
0226;145179509;1;0;47;1#2;50;
0226;145179510;1;0;71;1#2;50;
0226;145179511;1;0;112;1#2;50;
0226;145179512;1;0;32;1#2;50;
0226;145179513;1;0;95;1#2;50;
0226;145179514;1;0;19;1#2;50;
0226;145179515;1;0;41;1#2;50;
0226;145179516;1;0;34;1#2;50;
0226;145179517;1;0;74;1#2;50;
0226;145179518;1;0;214;1#2;50;
0226;145179519;1;0;105;1#2;50;
0226;145179520;1;0;40;1#2;30;
0226;145179521;1;0;71;1#2;30;
0226;145179522;1;0;18;1#2;30;
0226;145179523;1;0;48;1#2;50;
0226;232289853;1;0;85;1#2;30;
0226;232289854;1;0;85;1#2;30;
0226;276908989;1;0;95;1#2;30;
0226;276908990;1;0;77;1#2;30;
0226;145179526;1;0;58;1#2;30;
0226;145179527;1;0;38;1#2;30;
0226;145179528;1;0;72;1#2;30;
0226;145179529;1;0;19;1#2;50;
0226;145179530;1;0;125;1#2;30;
0226;145179531;1;0;52;1#2;30;
0226;145179532;1;0;70;1#2;30;
0226;145179533;1;0;86;1#2;30;
0226;145179534;1;0;36;1#2;30;
0226;145179535;1;0;24;1#2;30;
0226;145179536;1;0;23;1#2;30;
0226;145179537;1;0;24;1#2;30;
0226;145179538;1;0;103;1#2;50;
0226;145179539;1;0;5;1#2;30;
0226;145179540;1;0;352;1#2;30;
0226;145179541;1;0;61;1#2;30;
0226;145179542;1;0;78;1#2;50;
0226;145179543;1;0;34;1#2;50;
0226;145179544;1;0;44;1#2;30;
0226;145179545;1;0;45;1#2;30;
0226;145179546;1;0;33;1#2;50;
0226;145179547;1;0;166;1#2;50;
0226;145179548;1;0;141;1#2;50;
0226;145179549;1;0;325;1#2;30;
0226;145179550;1;0;69;1#2;30;
0226;145179551;1;0;69;1#2;30;
0226;145179552;1;0;285;1#2;30;
0226;145179553;1;0;101;1#2;30;
0226;145179554;1;0;55;1#2;50;
0226;145179555;1;0;108;1#2;30;
0226;145179556;1;0;30;1#2;30;
0226;211914570;1;0;165;1#2;30;
0226;211914571;1;0;50;1#2;30;
0226;145179558;1;0;14;1#2;50;
0226;145179559;1;0;123;1#2;50;
0226;145179560;1;0;49;1#2;50;
0226;145179561;1;0;31;1#2;50;
0226;211914572;1;0;61;1#2;50;
0226;211914573;1;0;40;1#2;50;
0226;211914574;1;0;52;1#2;50;
0226;145179563;1;0;18;1#2;50;
0226;198125454;1;0;9;1#2;50;
0226;198125455;1;0;34;1#2;50;
0226;145179565;1;0;69;1#2;50;
0226;145179566;1;0;36;1#2;50;
0226;145179567;1;0;47;1#2;50;
0226;145179568;1;0;118;1#2;50;
0226;145179569;1;0;101;1#2;30;
0226;145179570;1;0;155;1#2;30;
0226;145179571;1;0;73;1#2;30;
0226;145179572;1;0;123;1#2;30;
0226;145179573;1;0;13;1#2;30;
0226;145179574;1;0;143;1#2;30;
0226;145179575;1;0;62;1#2;50;
0226;157062627;1;0;9;1#2;50;
0226;157062628;1;0;53;1#2;50;
0226;145179577;1;0;63;1#2;30;
0226;211914575;1;0;6;1#2;30;
0226;211914576;1;0;164;1#2;30;
0226;145179579;1;0;195;1#2;30;
0226;145179580;1;0;176;1#2;30;
0226;211914577;1;0;6;1#2;30;
0226;211914578;1;0;197;1#2;30;
0226;145179582;1;0;448;1#2;30;
0226;145179584;1;0;36;1#2;50;
0226;145179585;1;0;52;1#2;30;
0226;145179586;1;0;32;1#2;30;
0226;145179587;1;0;43;1#2;30;
0226;145179588;1;0;25;1#2;30;
0226;145179589;1;0;65;1#2;30;
0226;145179590;1;0;147;1#2;30;
0226;145179591;1;0;154;1#2;30;
0226;145179592;1;0;100;1#2;30;
0226;145179593;1;0;9;1#2;50;
0226;145179594;1;0;289;1#2;50;
0226;145179595;1;0;14;1#2;50;
0226;198125456;1;0;7;1#2;50;
0226;198125457;1;0;90;1#2;50;
0226;145179597;1;0;126;1#2;30;
0226;145179598;1;0;153;1#2;30;
0226;159593207;1;0;25;1#2;50;
0226;145179600;1;0;98;1#2;50;
0226;145179601;1;0;100;1#2;50;
0226;145179602;1;0;113;1#2;50;
0226;145179603;1;0;124;1#2;50;
0226;145179604;1;0;46;1#2;30;
0226;145179605;1;0;22;1#2;30;
0226;145179606;1;0;70;1#2;30;
0226;145179607;1;0;147;1#2;30;
0226;211914579;1;0;91;1#2;30;
0226;145179609;1;0;108;1#2;30;
0226;145179610;1;0;78;1#2;30;
0226;145179611;1;0;111;1#2;30;
0226;145179612;1;0;53;1#2;30;
0226;145179613;1;0;36;1#2;30;
0226;145179614;1;0;36;1#2;50;
0226;145179615;1;0;52;1#2;30;
0226;145179616;1;0;159;1#2;30;
0226;198125458;1;0;7;1#2;50;
0226;198125459;1;0;21;1#2;50;
0226;247563965;1;0;91;1#2;30;
0226;247563966;1;0;39;1#2;30;
0226;198125460;1;0;102;1#2;30;
0226;198125461;1;0;45;1#2;30;
0226;145179620;1;0;91;1#2;30;
0226;159593208;1;0;76;1#2;30;
0226;159593209;1;0;83;1#2;30;
0226;145179622;1;0;48;1#2;30;
0226;145179623;1;0;51;1#2;30;
0226;145179624;1;0;41;1#2;30;
0226;145179625;1;0;67;1#2;30;
0226;145179626;1;0;158;1#2;30;
0226;145179627;1;0;91;1#2;30;
0226;145179628;1;0;99;1#2;30;
0226;211914580;1;0;24;1#2;30;
0226;211914581;1;0;45;1#2;30;
0226;145179630;1;0;58;1#2;30;
0226;145179631;1;0;86;1#2;30;
0226;145179632;1;0;2;1#2;30;
0226;145179633;1;0;42;1#2;30;
0226;145179634;1;0;34;1#2;30;
0226;145179635;1;0;53;1#2;30;
0226;145179636;1;0;23;1#2;30;
0226;145179637;1;0;117;1#2;30;
0226;145179638;1;0;256;1#2;30;
0226;211914582;1;0;32;1#2;30;
0226;211914583;1;0;76;1#2;30;
0226;145179640;1;0;62;1#2;30;
0226;145179641;1;0;35;1#2;30;
0226;145179642;1;0;53;1#2;30;
0226;145179643;1;0;32;1#2;50;
0226;145179644;1;0;52;1#2;30;
0226;145179645;1;0;41;1#2;30;
0226;145179646;1;0;40;1#2;30;
0226;157062629;1;0;8;1#2;50;
0226;157062630;1;0;143;1#2;50;
0226;145179648;1;0;27;1#2;30;
0226;145179649;1;0;85;1#2;30;
0226;157062631;1;0;10;1#2;50;
0226;157062632;1;0;61;1#2;50;
0226;145179651;1;0;207;1#2;30;
0226;145179652;1;0;68;1#2;30;
0226;145179653;1;0;284;1#2;30;
0226;145179654;1;0;96;1#2;30;
0226;145179655;1;0;81;1#2;30;
0226;145179656;1;0;40;1#2;30;
0226;145179657;1;0;20;1#2;30;
0226;145179662;1;0;10;1#2;30;
0226;237409570;1;0;35;1#2;30;
0226;237409571;1;0;20;1#2;30;
0226;145179664;1;0;39;1#2;30;
0226;145179665;1;0;320;1#2;30;
0226;145179666;1;0;30;1#2;50;
0226;145179667;1;0;101;1#2;50;
0226;145179668;1;0;5;1#2;50;
0226;145179669;1;0;73;1#2;50;
0226;145179670;1;0;94;1#2;50;
0226;145179671;1;0;106;1#2;50;
0226;145179672;1;0;28;1#2;50;
0226;145179673;1;0;85;1#2;50;
0226;145179674;1;0;47;1#2;50;
0226;157062635;1;0;7;1#2;50;
0226;157062636;1;0;66;1#2;50;
0226;145179676;1;0;208;1#2;30;
0226;145179677;1;0;56;1#2;30;
0226;145179678;1;0;164;1#2;30;
0226;145179679;1;0;24;1#2;30;
0226;211914584;1;0;64;1#2;30;
0226;211914585;1;0;82;1#2;30;
0226;145179681;1;0;5;1#2;30;
0226;145179682;1;0;24;1#2;30;
0226;145179683;1;0;50;1#2;30;
0226;198125462;1;0;264;1#2;50;
0226;198125463;1;0;62;1#2;50;
0226;145179685;1;0;137;1#2;30;
0226;145179686;1;0;84;1#2;50;
0226;145179687;1;0;85;1#2;50;
0226;145179688;1;0;105;1#2;50;
0226;145179689;1;0;139;1#2;50;
0226;145179690;1;0;74;1#2;30;
0226;145179691;1;0;20;1#2;50;
0226;145179692;1;0;76;1#2;50;
0226;157062637;1;0;9;1#2;50;
0226;157062638;1;0;102;1#2;50;
0226;145179694;1;0;77;1#2;30;
0226;145179695;1;0;35;1#2;30;
0226;145179696;1;0;39;1#2;50;
0226;145179697;1;0;26;1#2;50;
0226;145179698;1;0;36;1#2;50;
0226;145179699;1;0;32;1#2;50;
0226;145179700;1;0;58;1#2;50;
0226;145179701;1;0;71;1#2;50;
0226;145179702;1;0;69;1#2;50;
0226;145179703;1;0;67;1#2;50;
0226;145179704;1;0;30;1#2;50;
0226;145179705;1;0;29;1#2;50;
0226;145179706;1;0;28;1#2;50;
0226;157062639;1;0;8;1#2;50;
0226;157062640;1;0;41;1#2;50;
0226;145179708;1;0;234;1#2;30;
0226;145179709;1;0;153;1#2;30;
0226;145179710;1;0;44;1#2;30;
0226;145179711;1;0;177;1#2;30;
0226;145179712;1;0;190;1#2;30;
0226;145179714;1;0;41;1#2;30;
0226;157062641;1;0;5;1#2;50;
0226;157062642;1;0;12;1#2;50;
0226;145179716;1;0;15;1#2;50;
0226;145179717;1;0;57;1#2;50;
0226;145179718;1;0;10;1#2;50;
0226;145179719;1;0;59;1#2;50;
0226;145179720;1;0;21;1#2;30;
0226;145179721;1;0;84;1#2;30;
0226;145179722;1;0;25;1#2;30;
0226;145179723;1;0;11;1#2;30;
0226;145179724;1;0;63;1#2;30;
0226;145179725;1;0;42;1#2;30;
0226;145179726;1;0;91;1#2;30;
0226;159566999;1;0;32;1#2;50;
0226;159567000;1;0;191;1#2;50;
0226;145179728;1;0;96;1#2;50;
0226;145179729;1;0;28;1#2;30;
0226;145179730;1;0;212;1#2;30;
0226;145179731;1;0;79;1#2;30;
0226;145179732;1;0;124;1#2;30;
0226;145179733;1;0;77;1#2;30;
0226;145179734;1;0;121;1#2;30;
0226;211914586;1;0;531;1#2;30;
0226;211914587;1;0;37;1#2;30;
0226;157062643;1;0;11;1#2;50;
0226;157062644;1;0;92;1#2;50;
0226;145179737;1;0;88;1#2;50;
0226;145179738;1;0;375;1#2;30;
0226;145179739;1;0;46;1#2;50;
0226;145179740;1;0;25;1#2;50;
0226;145179741;1;0;27;1#2;50;
0226;145179742;1;0;162;1#2;50;
0226;145179743;1;0;49;1#2;50;
0226;145179744;1;0;164;1#2;50;
0226;145179745;1;0;88;1#2;50;
0226;145179746;1;0;205;1#2;50;
0226;145179747;1;0;49;1#2;30;
0226;145179748;1;0;25;1#2;30;
0226;145179749;1;0;44;1#2;30;
0226;145179750;1;0;62;1#2;30;
0226;145179751;1;0;71;1#2;30;
0226;145179752;1;0;168;1#2;50;
0226;145179753;1;0;33;1#2;50;
0226;145179754;1;0;88;1#2;50;
0226;145179755;1;0;49;1#2;50;
0226;145179756;1;0;35;1#2;50;
0226;145179757;1;0;82;1#2;50;
0226;145179758;1;0;44;1#2;50;
0226;145179759;1;0;35;1#2;50;
0226;145179760;1;0;45;1#2;50;
0226;145179761;1;0;245;1#2;50;
0226;145179762;1;0;69;1#2;30;
0226;145179763;1;0;55;1#2;30;
0226;145179764;1;0;84;1#2;30;
0226;145179765;1;0;68;1#2;30;
0226;145179766;1;0;60;1#2;50;
0226;145179767;1;0;214;1#2;30;
0226;145179768;1;0;152;1#2;50;
0226;145179769;1;0;48;1#2;50;
0226;145179770;1;0;204;1#2;50;
0226;145179771;1;0;192;1#2;50;
0226;145179772;1;0;60;1#2;50;
0226;145179773;1;0;53;1#2;50;
0226;145179774;1;0;32;1#2;50;
0226;145179775;1;0;65;1#2;50;
0226;145179776;1;0;215;1#2;50;
0226;145179777;1;0;250;1#2;50;
0226;145179778;1;0;56;1#2;50;
0226;145179779;1;0;34;1#2;50;
0226;145179780;1;0;108;1#2;50;
0226;145179781;1;0;64;1#2;50;
0226;145179782;1;0;19;1#2;50;
0226;145179783;1;0;35;1#2;50;
0226;145179784;1;0;33;1#2;50;
0226;145179785;1;0;81;1#2;50;
0226;145179786;1;0;37;1#2;50;
0226;145179787;1;0;178;1#2;50;
0226;145179788;1;0;243;1#2;50;
0226;145179789;1;0;154;1#2;30;
0226;145179790;1;0;82;1#2;30;
0226;145179791;1;0;31;1#2;30;
0226;145179792;1;0;84;1#2;30;
0226;145179793;1;0;72;1#2;50;
0226;145179794;1;0;57;1#2;50;
0226;145179795;1;0;13;1#2;50;
0226;145179796;1;0;139;1#2;30;
0226;145179797;1;0;212;1#2;50;
0226;145179798;1;0;80;1#2;50;
0226;145179799;1;0;44;1#2;50;
0226;145179800;1;0;62;1#2;50;
0226;145179801;1;0;41;1#2;50;
0226;145179802;1;0;76;1#2;50;
0226;145179803;1;0;25;1#2;50;
0226;145179804;1;0;107;1#2;50;
0226;145179805;1;0;23;1#2;50;
0226;145179806;1;0;46;1#2;50;
0226;145179807;1;0;25;1#2;50;
0226;145179808;1;0;6;1#2;50;
0226;145179809;1;0;61;1#2;50;
0226;145179810;1;0;18;1#2;50;
0226;145179811;1;0;163;1#2;50;
0226;145179812;1;0;54;1#2;30;
0226;145179813;1;0;45;1#2;30;
0226;145179814;1;0;46;1#2;30;
0226;145179815;1;0;37;1#2;30;
0226;145179816;1;0;185;1#2;50;
0226;145179817;1;0;31;1#2;50;
0226;145179818;1;0;292;1#2;50;
0226;145179819;1;0;65;1#2;50;
0226;145179820;1;0;217;1#2;50;
0226;145179821;1;0;35;1#2;50;
0226;145179822;1;0;25;1#2;50;
0226;145179823;1;0;41;1#2;50;
0226;198125464;1;0;30;1#2;50;
0226;198125465;1;0;30;1#2;50;
0226;145179825;1;0;107;1#2;50;
0226;145179826;1;0;115;1#2;50;
0226;145179827;1;0;77;1#2;50;
0226;145179828;1;0;48;1#2;50;
0226;145179829;1;0;75;1#2;50;
0226;145179830;1;0;8;1#2;30;
0226;145179831;1;0;104;1#2;50;
0226;145179832;1;0;110;1#2;50;
0226;145179833;1;0;214;1#2;50;
0226;145179834;1;0;32;1#2;50;
0226;145179835;1;0;121;1#2;50;
0226;145179836;1;0;111;1#2;50;
0226;145179837;1;0;28;1#2;50;
0226;145179838;1;0;22;1#2;50;
0226;145179839;1;0;21;1#2;50;
0226;145179840;1;0;44;1#2;50;
0226;145179841;1;0;65;1#2;50;
0226;145179842;1;0;46;1#2;50;
0226;145179843;1;0;63;1#2;50;
0226;145179844;1;0;55;1#2;50;
0226;145179845;1;0;60;1#2;50;
0226;145179846;1;0;75;1#2;50;
0226;145179847;1;0;88;1#2;50;
0226;145179848;1;0;14;1#2;50;
0226;198125466;1;0;7;1#2;50;
0226;198125467;1;0;21;1#2;50;
0226;145179850;1;0;83;1#2;50;
0226;145179851;1;0;49;1#2;50;
0226;145179852;1;0;19;1#2;50;
0226;145179853;1;0;30;1#2;50;
0226;145179854;1;0;43;1#2;50;
0226;145179855;1;0;63;1#2;50;
0226;145179857;1;0;39;1#2;50;
0226;145179858;1;0;45;1#2;50;
0226;145179859;1;0;31;1#2;50;
0226;145179860;1;0;58;1#2;50;
0226;145179861;1;0;55;1#2;50;
0226;145179862;1;0;63;1#2;50;
0226;145179863;1;0;120;1#2;50;
0226;145179864;1;0;58;1#2;50;
0226;145179865;1;0;13;1#2;50;
0226;145179866;1;0;26;1#2;50;
0226;145179867;1;0;40;1#2;50;
0226;145179868;1;0;63;1#2;50;
0226;145179869;1;0;25;1#2;50;
0226;145179870;1;0;14;1#2;50;
0226;145179871;1;0;255;1#2;50;
0226;145179872;1;0;24;1#2;50;
0226;145179873;1;0;40;1#2;50;
0226;145179874;1;0;53;1#2;50;
0226;157062645;1;0;13;1#2;50;
0226;211914588;1;0;89;1#2;50;
0226;211914589;1;0;6;1#2;50;
0226;145179876;1;0;52;1#2;50;
0226;211914590;1;0;7;1#2;50;
0226;211914591;1;0;106;1#2;50;
0226;145179878;1;0;99;1#2;50;
0226;145179879;1;0;237;1#2;50;
0226;145179880;1;0;108;1#2;50;
0226;145179881;1;0;108;1#2;50;
0226;145179882;1;0;49;1#2;50;
0226;211914592;1;0;80;1#2;50;
0226;211914593;1;0;40;1#2;50;
0226;145179884;1;0;79;1#2;50;
0226;145179885;1;0;75;1#2;50;
0226;145179886;1;0;157;1#2;50;
0226;145179887;1;0;224;1#2;50;
0226;157062647;1;0;9;1#2;50;
0226;157062648;1;0;125;1#2;50;
0226;145179889;1;0;82;1#2;50;
0226;145179890;1;0;64;1#2;50;
0226;145179891;1;0;201;1#2;50;
0226;145179892;1;0;30;1#2;30;
0226;145179893;1;0;47;1#2;50;
0226;145179894;1;0;62;1#2;30;
0226;145179895;1;0;510;1#2;50;
0226;145179896;1;0;113;1#2;50;
0226;145179897;1;0;88;1#2;50;
0226;145179898;1;0;565;1#2;50;
0226;145179899;1;0;30;1#2;50;
0226;145179900;1;0;15;1#2;50;
0226;145179901;1;0;386;1#2;50;
0226;145179902;1;0;131;1#2;50;
0226;145179903;1;0;130;1#2;50;
0226;145179904;1;0;114;1#2;50;
0226;145179905;1;0;99;1#2;50;
0226;145179906;1;0;562;1#2;50;
0226;145179907;1;0;195;1#2;50;
0226;145179908;1;0;52;1#2;50;
0226;145179909;1;0;20;1#2;50;
0226;145179910;1;0;392;1#2;50;
0226;145179911;1;0;130;1#2;50;
0226;145179912;1;0;295;1#2;50;
0226;145179913;1;0;70;1#2;50;
0226;145179914;1;0;233;1#2;50;
0226;145179915;1;0;19;1#2;50;
0226;145179916;1;0;81;1#2;50;
0226;145179917;1;0;220;1#2;50;
0226;145179918;1;0;265;1#2;50;
0226;145179919;1;0;341;1#2;50;
0226;145179920;1;0;282;1#2;50;
0226;145179921;1;0;33;1#2;50;
0226;145179922;1;0;84;1#2;50;
0226;145179923;1;0;380;1#2;50;
0226;145179924;1;0;61;1#2;50;
0226;145179925;1;0;245;1#2;50;
0226;145179926;1;0;325;1#2;30;
0226;145179927;1;0;67;1#2;50;
0226;145179928;1;0;322;1#2;50;
0226;145179929;1;0;22;1#2;50;
0226;145179930;1;0;361;1#2;50;
0226;145179931;1;0;88;1#2;50;
0226;145179932;1;0;1100;1#2;50;
0226;145179933;1;0;101;1#2;50;
0226;145179934;1;0;101;1#2;50;
0226;145179935;1;0;316;1#2;50;
0226;145179936;1;0;323;1#2;50;
0226;145179937;1;0;108;1#2;50;
0226;145179938;1;0;641;1#2;50;
0226;145179939;1;0;301;1#2;50;
0226;145179940;1;0;189;1#2;50;
0226;145179941;1;0;114;1#2;50;
0226;145179942;1;0;362;1#2;50;
0226;145179943;1;0;526;1#2;50;
0226;145179944;1;0;52;1#2;50;
0226;157062649;1;0;12;1#2;50;
0226;157062650;1;0;3;1#2;50;
0226;211914594;1;0;14;1#2;50;
0226;211914595;1;0;12;1#2;50;
0226;145179947;1;0;94;1#2;50;
0226;211914596;1;0;89;1#2;50;
0226;211914597;1;0;38;1#2;50;
0226;211914598;1;0;48;1#2;50;
0226;211914599;1;0;455;1#2;50;
0226;145179949;1;0;190;1#2;50;
0226;145179950;1;0;243;1#2;50;
0226;145179951;1;0;139;1#2;50;
0226;145179952;1;0;195;1#2;50;
0226;145179953;1;0;65;1#2;50;
0226;211914600;1;0;320;1#2;50;
0226;145179955;1;0;360;1#2;50;
0226;145179956;1;0;26;1#2;50;
0226;145179957;1;0;55;1#2;50;
0226;157062651;1;0;569;1#2;50;
0226;157062652;1;0;11;1#2;50;
0226;145179959;1;0;57;1#2;50;
0226;145179960;1;0;602;1#2;50;
0226;145179961;1;0;232;1#2;30;
0226;145179962;1;0;234;1#2;50;
0226;145179963;1;0;302;1#2;50;
0226;145179964;1;0;589;1#2;50;
0226;145179965;1;0;147;1#2;50;
0226;145179966;1;0;796;1#2;50;
0226;145179967;1;0;130;1#2;50;
0226;145179968;1;0;37;1#2;50;
0226;145179969;1;0;93;1#2;50;
0226;145179970;1;0;30;1#2;50;
0226;145179971;1;0;1847;1#2;50;
0226;145179972;1;0;23;1#2;50;
0226;212474630;1;0;10;1#2;50;
0226;212474631;1;0;188;1#2;50;
0226;145179974;1;0;921;1#2;50;
0226;145179975;1;0;378;1#2;50;
0226;145179976;1;0;162;1#2;50;
0226;145179977;1;0;551;1#2;50;
0226;212474632;1;0;11;1#2;50;
0226;212474633;1;0;425;1#2;50;
0226;145179979;1;0;30;1#2;50;
0226;145179980;1;0;805;1#2;50;
0226;145179981;1;0;984;1#2;50;
0226;145179983;1;0;76;1#2;50;
0226;145179984;1;0;55;1#2;50;
0226;145179985;1;0;143;1#2;50;
0226;145179986;1;0;250;1#2;50;
0226;145179987;1;0;131;1#2;50;
0226;159591215;1;0;247;1#2;50;
0226;247563967;1;0;105;1#2;50;
0226;247563968;1;0;46;1#2;50;
0226;145179989;1;0;119;1#2;50;
0226;145179990;1;0;275;1#2;50;
0226;211914601;1;0;21;1#2;50;
0226;211914602;1;0;68;1#2;50;
0226;145179992;1;0;684;1#2;50;
0226;211914603;1;0;100;1#2;50;
0226;211914604;1;0;17;1#2;50;
0226;145179994;1;0;116;1#2;30;
0226;145179995;1;0;1600;1#2;50;
0226;145179996;1;0;393;1#2;50;
0226;145179997;1;0;94;1#2;50;
0226;145179998;1;0;781;1#2;50;
0226;145179999;1;0;538;1#2;50;
0226;145180000;1;0;940;1#2;60;
0226;145180001;1;0;294;1#2;60;
0226;145180002;1;0;384;1#2;60;
0226;145180003;1;0;45;1#2;50;
0226;159594142;1;0;446;1#2;50;
0226;159594143;1;0;54;1#2;50;
0226;145180005;1;0;110;1#2;50;
0226;145180006;1;0;49;1#2;50;
0226;212474636;1;0;433;1#2;50;
0226;212474637;1;0;14;1#2;50;
0226;145180008;1;0;38;1;50;
0226;145180009;1;0;74;1#2;50;
0226;158545032;1;0;23;1#2;50;
0226;159831614;1;0;20;1#2;50;
0226;159831615;1;0;172;1#2;50;
0226;145180011;1;0;139;1#2;50;
0226;145180012;1;0;39;1;50;
0226;145180014;1;0;24;1#2;50;
0226;145180015;1;0;95;1#2;50;
0226;145180016;1;0;213;1#2;50;
0226;145180017;1;0;104;1#2;50;
0226;145180018;1;0;304;1#2;50;
0226;145180019;1;0;66;1#2;50;
0226;145180020;1;0;238;1#2;50;
0226;145180021;1;0;182;1#2;50;
0226;145180022;1;0;57;1#2;50;
0226;145180023;1;0;159;1#2;50;
0226;145180024;1;0;252;1#2;30;
0226;145180025;1;0;82;1#2;30;
0226;145180026;1;0;132;1#2;30;
0226;145180027;1;0;44;1#2;30;
0226;145180028;1;0;275;1#2;30;
0226;145180029;1;0;87;1#2;30;
0226;145180030;1;0;52;1#2;30;
0226;145180031;1;0;49;1#2;30;
0226;145180032;1;0;47;1#2;30;
0226;145180033;1;0;128;1#2;30;
0226;145180034;1;0;57;1#2;30;
0226;145180035;1;0;65;1#2;30;
0226;145180036;1;0;51;1#2;30;
0226;145180037;1;0;222;1#2;30;
0226;145180038;1;0;127;1#2;30;
0226;145180039;1;0;157;1#2;30;
0226;145180040;1;0;225;1#2;50;
0226;145180041;1;0;249;1#2;30;
0226;145180042;1;0;648;1#2;50;
0226;145180043;1;0;85;1#2;50;
0226;145180044;1;0;453;1#2;50;
0226;145180045;1;0;445;1#2;50;
0226;145180046;1;0;225;1#2;50;
0226;145180047;1;0;111;1#2;50;
0226;145180048;1;0;355;1#2;50;
0226;211914605;1;0;7;1#2;50;
0226;211914606;1;0;96;1#2;50;
0226;145180050;1;0;65;1#2;50;
0226;145180051;1;0;55;1#2;50;
0226;145180052;1;0;221;1#2;50;
0226;145180053;1;0;494;1#2;50;
0226;145180054;1;0;222;1#2;50;
0226;145180055;1;0;132;1#2;50;
0226;145180056;1;0;126;1#2;50;
0226;145180057;1;0;29;1#2;50;
0226;145180058;1;0;45;1#2;50;
0226;145180059;1;0;139;1#2;50;
0226;145180060;1;0;83;1#2;50;
0226;145180061;1;0;3;1#2;50;
0226;145180062;1;0;99;1#2;50;
0226;145180063;1;0;171;1#2;50;
0226;145180064;1;0;34;1#2;50;
0226;145180065;1;0;30;1#2;50;
0226;145180066;1;0;18;1#2;50;
0226;145180067;1;0;1029;1#2;50;
0226;145180068;1;0;261;1#2;50;
0226;145180069;1;0;146;1#2;50;
0226;145180070;1;0;614;1#2;50;
0226;145180071;1;0;264;1#2;50;
0226;145180072;1;0;284;1#2;50;
0226;145180073;1;0;183;1#2;50;
0226;145180074;1;0;355;1#2;50;
0226;145180075;1;0;447;1#2;50;
0226;145180076;1;0;963;1#2;50;
0226;211914607;1;0;7;1#2;50;
0226;211914608;1;0;70;1#2;50;
0226;211914609;1;0;170;1#2;50;
0226;145180079;1;0;69;1#2;50;
0226;145180080;1;0;30;1#2;50;
0226;145180081;1;0;209;1#2;50;
0226;145180082;1;0;20;1#2;50;
0226;211914610;1;0;12;1#2;30;
0226;211914611;1;0;122;1#2;30;
0226;145180084;1;0;46;1#2;30;
0226;145180085;1;0;87;1#2;30;
0226;145180086;1;0;4;1#2;30;
0226;145180087;1;0;31;1#2;30;
0226;198125468;1;0;105;1#2;30;
0226;145180089;1;0;87;1#2;30;
0226;145180090;1;0;53;1#2;50;
0226;145180091;1;0;46;1#2;50;
0226;145180092;1;0;20;1#2;50;
0226;145180093;1;0;120;1#2;50;
0226;145180094;1;0;332;1#2;50;
0226;145180095;1;0;11;1#2;50;
0226;145180096;1;0;26;1#2;50;
0226;145180097;1;0;32;1#2;50;
0226;145180098;1;0;114;1#2;50;
0226;145180100;1;0;21;1#2;50;
0226;145180101;1;0;92;1#2;30;
0226;247563969;1;0;176;1#2;30;
0226;247563970;1;0;17;1#2;30;
0226;198125469;1;0;207;1#2;50;
0226;198125470;1;0;75;1#2;50;
0226;145180104;1;0;59;1#2;50;
0226;145180105;1;0;46;1#2;30;
0226;145180106;1;0;59;1#2;30;
0226;145180107;1;0;97;1#2;30;
0226;145180108;1;0;137;1#2;30;
0226;159593210;1;0;42;1#2;50;
0226;159593211;1;0;15;1#2;50;
0226;159593212;1;0;71;1#2;50;
0226;159593213;1;0;14;1#2;50;
0226;145180112;1;0;183;1#2;30;
0226;145180113;1;0;34;1#2;30;
0226;145180114;1;0;62;1#2;50;
0226;211914612;1;0;9;1#2;30;
0226;211914613;1;0;38;1#2;30;
0226;250319254;1;0;253;1#2;30;
0226;250319255;1;0;107;1#2;30;
0226;145180117;1;0;70;1#2;50;
0226;145180118;1;0;109;1#2;30;
0226;145180119;1;0;279;1#2;30;
0226;145180120;1;0;134;1#2;30;
0226;145180121;1;0;21;1#2;30;
0226;145180122;1;0;128;1#2;30;
0226;145180123;1;0;84;1#2;50;
0226;145180124;1;0;161;1#2;30;
0226;145180125;1;0;39;1#2;30;
0226;145180126;1;0;66;1#2;30;
0226;145180127;1;0;68;1#2;30;
0226;145180128;1;0;70;1#2;30;
0226;145180129;1;0;62;1#2;30;
0226;145180130;1;0;71;1#2;50;
0226;145180131;1;0;77;1#2;50;
0226;145180132;1;0;20;1#2;30;
0226;145180133;1;0;8;1#2;30;
0226;145180134;1;0;42;1#2;30;
0226;145180135;1;0;55;1#2;30;
0226;145180136;1;0;205;1#2;30;
0226;145180137;1;0;187;1#2;30;
0226;145180138;1;0;346;1#2;50;
0226;145180139;1;0;102;1#2;30;
0226;145180140;1;0;142;1#2;30;
0226;145180141;1;0;57;1#2;30;
0226;145206969;1;0;49;1#2;30;
0226;145206970;1;0;103;1#2;30;
0226;145206971;1;0;41;1#2;30;
0226;145206972;1;0;125;1#2;30;
0226;145206973;1;0;20;1#2;30;
0226;145206974;1;0;97;1#2;30;
0226;145206975;1;0;47;1#2;30;
0226;145206976;1;0;138;1#2;30;
0226;145206977;1;0;85;1#2;30;
0226;145206978;1;0;63;1#2;30;
0226;145206979;1;0;43;1#2;30;
0226;145206980;1;0;54;1#2;30;
0226;145206981;1;0;52;1#2;30;
0226;145206982;1;0;39;1#2;30;
0226;145206984;1;0;46;1#2;30;
0226;145206985;1;0;41;1#2;30;
0226;145206986;1;0;59;1#2;50;
0226;145206987;1;0;84;1#2;30;
0226;145206988;1;0;352;1#2;30;
0226;145206989;1;0;39;1#2;30;
0226;145206990;1;0;77;1#2;30;
0226;198125471;1;0;123;1#2;30;
0226;198125472;1;0;226;1#2;30;
0226;145206992;1;0;99;1#2;30;
0226;145206993;1;0;233;1#2;30;
0226;145206994;1;0;88;1#2;30;
0226;145206995;1;0;60;1#2;30;
0226;145206996;1;0;85;1#2;30;
0226;145206997;1;0;121;1#2;30;
0226;145206998;1;0;94;1#2;30;
0226;145206999;1;0;56;1#2;30;
0226;145207000;1;0;445;1#2;30;
0226;145207001;1;0;37;1#2;30;
0226;145207002;1;0;108;1#2;30;
0226;145207003;1;0;169;1#2;30;
0226;145207004;1;0;97;1#2;30;
0226;145207005;1;0;158;1#2;30;
0226;145207006;1;0;31;1#2;30;
0226;145207007;1;0;62;1#2;30;
0226;145207008;1;0;218;1#2;30;
0226;145207009;1;0;176;1#2;30;
0226;145207010;1;0;126;1#2;30;
0226;145207011;1;0;43;1#2;30;
0226;145207012;1;0;97;1#2;30;
0226;145207013;1;0;107;1#2;30;
0226;157062655;1;0;8;1#2;30;
0226;157062656;1;0;191;1#2;30;
0226;145207015;1;0;99;1#2;30;
0226;145207016;1;0;72;1#2;30;
0226;145207017;1;0;158;1#2;30;
0226;145207018;1;0;27;1#2;30;
0226;145207019;1;0;25;1#2;30;
0226;145207020;1;0;149;1#2;30;
0226;145207021;1;0;117;1#2;30;
0226;145207022;1;0;44;1#2;30;
0226;145207023;1;0;183;1#2;30;
0226;145207024;1;0;75;1#2;30;
0226;145207026;1;0;75;1#2;30;
0226;145207027;1;0;71;1#2;30;
0226;145207028;1;0;62;1#2;30;
0226;198125473;1;0;44;1#2;30;
0226;198125474;1;0;35;1#2;30;
0226;145207030;1;0;75;1#2;30;
0226;145207031;1;0;256;1#2;30;
0226;145207032;1;0;55;1#2;30;
0226;145207033;1;0;97;1#2;30;
0226;145207034;1;0;65;1#2;30;
0226;145207035;1;0;15;1#2;30;
0226;145207036;1;0;91;1#2;30;
0226;145207037;1;0;57;1#2;30;
0226;145207038;1;0;52;1#2;30;
0226;145207039;1;0;68;1#2;30;
0226;145207040;1;0;48;1#2;30;
0226;145207041;1;0;24;1#2;30;
0226;145207042;1;0;87;1#2;30;
0226;157062657;1;0;8;1#2;30;
0226;157062658;1;0;115;1#2;30;
0226;145207044;1;0;151;1#2;30;
0226;145207045;1;0;140;1#2;30;
0226;145207046;1;0;78;1#2;50;
0226;145207047;1;0;142;1#2;30;
0226;145207048;1;0;32;1#2;30;
0226;145207049;1;0;70;1#2;30;
0226;145207050;1;0;26;1#2;30;
0226;145207051;1;0;33;1#2;30;
0226;145207052;1;0;169;1#2;30;
0226;145207053;1;0;98;1#2;50;
0226;145207054;1;0;36;1#2;30;
0226;157062659;1;0;7;1#2;30;
0226;157062660;1;0;102;1#2;30;
0226;145207056;1;0;81;1#2;30;
0226;145207057;1;0;91;1#2;50;
0226;145207058;1;0;240;1#2;30;
0226;145207059;1;0;26;1#2;30;
0226;145207060;1;0;51;1#2;30;
0226;145207061;1;0;39;1#2;30;
0226;145207062;1;0;42;1#2;30;
0226;145207063;1;0;587;1#2;30;
0226;157062661;1;0;6;1#2;30;
0226;157062662;1;0;61;1#2;30;
0226;145207065;1;0;216;1#2;30;
0226;145207066;1;0;90;1#2;30;
0226;145207067;1;0;70;1#2;30;
0226;145207068;1;0;24;1#2;30;
0226;145207069;1;0;40;1#2;30;
0226;145207070;1;0;25;1#2;30;
0226;145207071;1;0;197;1#2;30;
0226;145207072;1;0;10;1#2;30;
0226;145207073;1;0;50;1#2;30;
0226;145207074;1;0;90;1#2;30;
0226;145207075;1;0;66;1#2;30;
0226;145207076;1;0;223;1#2;30;
0226;145207077;1;0;70;1#2;30;
0226;145207078;1;0;527;1#2;30;
0226;159597526;1;0;128;1#2;50;
0226;145207080;1;0;170;1#2;30;
0226;145207081;1;0;430;1#2;30;
0226;145207082;1;0;84;1#2;30;
0226;145207083;1;0;210;1#2;30;
0226;145207084;1;0;51;1#2;30;
0226;145207085;1;0;416;1#2;50;
0226;211914614;1;0;41;1#2;30;
0226;211914615;1;0;113;1#2;30;
0226;145207087;1;0;81;1#2;30;
0226;145207088;1;0;99;1#2;30;
0226;198125475;1;0;403;1#2;30;
0226;198125476;1;0;176;1#2;30;
0226;145207090;1;0;76;1#2;30;
0226;145207091;1;0;242;1#2;30;
0226;145207092;1;0;131;1#2;30;
0226;145207093;1;0;59;1#2;30;
0226;145207094;1;0;38;1#2;30;
0226;145207095;1;0;112;1#2;30;
0226;145207096;1;0;42;1#2;30;
0226;145207097;1;0;128;1#2;30;
0226;145207098;1;0;65;1#2;30;
0226;145207099;1;0;82;1#2;30;
0226;145207100;1;0;82;1#2;30;
0226;145207102;1;0;6;1#2;50;
0226;145207103;1;0;264;1#2;30;
0226;145207104;1;0;351;1#2;30;
0226;145207105;1;0;73;1#2;30;
0226;145207106;1;0;235;1#2;30;
0226;145207107;1;0;46;1#2;30;
0226;145207108;1;0;108;1#2;30;
0226;145207109;1;0;192;1#2;30;
0226;145207110;1;0;29;1#2;30;
0226;145207111;1;0;33;1#2;30;
0226;145207112;1;0;176;1#2;30;
0226;145207113;1;0;116;1#2;30;
0226;145207114;1;0;37;1#2;30;
0226;145207115;1;0;70;1#2;30;
0226;145207116;1;0;38;1#2;30;
0226;145207117;1;0;94;1#2;30;
0226;145207118;1;0;17;1#2;30;
0226;211914616;1;0;22;1#2;30;
0226;212474638;1;0;86;1#2;30;
0226;212474639;1;0;203;1#2;30;
0226;159591218;1;0;46;1#2;30;
0226;145207120;1;0;156;1#2;30;
0226;145207121;1;0;63;1#2;50;
0226;145207122;1;0;44;1#2;50;
0226;145207123;1;0;18;1#2;50;
0226;145207124;1;0;148;1#2;30;
0226;159591219;1;0;185;1#2;30;
0226;159591220;1;0;22;1#2;30;
0226;250320060;1;0;74;1#2;30;
0226;250320061;1;0;12;1#2;30;
0226;145207127;1;0;117;1#2;50;
0226;159591222;1;0;133;1#2;50;
0226;145207129;1;0;35;1#2;50;
0226;145207130;1;0;92;1#2;30;
0226;211914618;1;0;7;1#2;30;
0226;211914619;1;0;75;1#2;30;
0226;159591224;1;0;55;1#2;30;
0226;145207132;1;0;34;1#2;30;
0226;145207133;1;0;52;1#2;30;
0226;145207134;1;0;61;1#2;30;
0226;145207136;1;0;62;1#2;30;
0226;145207137;1;0;63;1#2;30;
0226;145207138;1;0;49;1#2;30;
0226;145207139;1;0;52;1#2;30;
0226;145207140;1;0;50;1#2;30;
0226;145207141;1;0;50;1#2;30;
0226;145207143;1;0;33;1#2;30;
0226;145207144;1;0;56;1#2;30;
0226;145207145;1;0;40;1#2;30;
0226;145207146;1;0;43;1#2;30;
0226;145207147;1;0;222;1#2;30;
0226;145207148;1;0;29;1#2;30;
0226;145207149;1;0;18;1#2;30;
0226;145207150;1;0;8;1#2;30;
0226;145207151;1;0;4;1#2;30;
0226;145207152;1;0;164;1#2;30;
0226;145207153;1;0;7;1#2;30;
0226;211914620;1;0;18;1#2;30;
0226;211914621;1;0;99;1#2;30;
0226;145207155;1;0;195;1#2;30;
0226;145207156;1;0;33;1#2;30;
0226;145207157;1;0;197;1#2;30;
0226;145207158;1;0;114;1#2;30;
0226;145207159;1;0;58;1#2;30;
0226;145207160;1;0;7;1#2;30;
0226;211914622;1;0;8;1#2;30;
0226;211914623;1;0;31;1#2;30;
0226;145207162;1;0;23;1#2;30;
0226;145207163;1;0;27;1#2;30;
0226;145207164;1;0;27;1#2;30;
0226;145207165;1;0;49;1#2;30;
0226;145207166;1;0;35;1#2;30;
0226;145207167;1;0;69;1#2;30;
0226;145207168;1;0;7;1#2;30;
0226;145207169;1;0;51;1#2;30;
0226;145207170;1;0;34;1#2;30;
0226;145207171;1;0;110;1#2;30;
0226;145207172;1;0;16;1#2;30;
0226;145207173;1;0;116;1#2;30;
0226;145207174;1;0;151;1#2;30;
0226;145207175;1;0;79;1#2;30;
0226;145207176;1;0;58;1#2;30;
0226;198125477;1;0;11;1#2;30;
0226;198125478;1;0;96;1#2;30;
0226;145207178;1;0;204;1#2;30;
0226;145207179;1;0;37;1#2;30;
0226;145207180;1;0;13;1#2;30;
0226;145207181;1;0;34;1#2;30;
0226;145207182;1;0;65;1#2;30;
0226;145207183;1;0;24;1#2;30;
0226;145207184;1;0;965;1#2;30;
0226;145207185;1;0;92;1#2;30;
0226;145207186;1;0;77;1#2;30;
0226;145207187;1;0;68;1#2;30;
0226;145207188;1;0;50;1#2;30;
0226;145207189;1;0;265;1#2;30;
0226;145207190;1;0;12;1#2;30;
0226;145207191;1;0;76;1#2;30;
0226;145207192;1;0;49;1#2;30;
0226;157062663;1;0;7;1#2;30;
0226;157062664;1;0;5;1#2;30;
0226;145207194;1;0;16;1#2;30;
0226;145207195;1;0;53;1#2;30;
0226;145207196;1;0;8;1#2;30;
0226;145207197;1;0;27;1#2;30;
0226;145207198;1;0;43;1#2;30;
0226;145207199;1;0;11;1#2;30;
0226;145207200;1;0;17;1#2;30;
0226;145207201;1;0;6;1#2;30;
0226;145207202;1;0;9;1#2;30;
0226;145207203;1;0;30;1#2;30;
0226;145207204;1;0;19;1#2;30;
0226;145207205;1;0;38;1#2;30;
0226;145207206;1;0;26;1#2;30;
0226;145207207;1;0;36;1#2;30;
0226;145207208;1;0;8;1#2;30;
0226;145207209;1;0;9;1#2;30;
0226;145207210;1;0;14;1#2;30;
0226;145207211;1;0;37;1#2;30;
0226;145207212;1;0;31;1#2;30;
0226;145207213;1;0;18;1#2;30;
0226;145207214;1;0;19;1#2;30;
0226;145207216;1;0;77;1#2;30;
0226;145207217;1;0;2456;1#2;30;
0226;145207218;1;0;203;1#2;60;
0226;145207219;1;0;65;1#2;30;
0226;145207220;1;0;62;1#2;30;
0226;145207221;1;0;43;1#2;30;
0226;145207222;1;0;56;1#2;30;
0226;145207223;1;0;84;1#2;30;
0226;145207224;1;0;115;1#2;30;
0226;145207225;1;0;139;1#2;30;
0226;145207226;1;0;76;1#2;30;
0226;145207227;1;0;63;1#2;30;
0226;145207228;1;0;117;1#2;30;
0226;145207229;1;0;47;1#2;30;
0226;145207230;1;0;16;1#2;30;
0226;145207231;1;0;71;1#2;30;
0226;145207232;1;0;169;1#2;30;
0226;145207233;1;0;62;1#2;30;
0226;145207234;1;0;84;1#2;30;
0226;145207235;1;0;132;1#2;30;
0226;145207236;1;0;121;1#2;30;
0226;145207237;1;0;116;1#2;30;
0226;145207238;1;0;46;1#2;30;
0226;145207239;1;0;99;1#2;30;
0226;145207240;1;0;260;1#2;30;
0226;145207241;1;0;260;1#2;30;
0226;145207242;1;0;168;1#2;30;
0226;145207243;1;0;231;1#2;30;
0226;145207244;1;0;151;1#2;30;
0226;145207245;1;0;239;1#2;30;
0226;145207246;1;0;155;1#2;30;
0226;145207248;1;0;45;1#2;30;
0226;145207249;1;0;40;1#2;30;
0226;145207250;1;0;41;1#2;30;
0226;145207252;1;0;152;1#2;30;
0226;145207253;1;0;58;1#2;30;
0226;145207254;1;0;36;1#2;30;
0226;145207255;1;0;32;1#2;30;
0226;145207256;1;0;228;1#2;30;
0226;145207257;1;0;115;1#2;30;
0226;145207258;1;0;137;1#2;30;
0226;145207259;1;0;110;1#2;30;
0226;145207260;1;0;266;1#2;30;
0226;145207261;1;0;54;1#2;30;
0226;145207262;1;0;100;1#2;30;
0226;145207263;1;0;42;1#2;30;
0226;145207264;1;0;139;1#2;30;
0226;145207265;1;0;32;1#2;30;
0226;145207266;1;0;45;1#2;30;
0226;145207267;1;0;125;1#2;30;
0226;145207268;1;0;179;1#2;30;
0226;145207269;1;0;118;1#2;30;
0226;145207270;1;0;158;1#2;30;
0226;145207271;1;0;67;1#2;30;
0226;145207272;1;0;69;1#2;30;
0226;145207273;1;0;71;1#2;30;
0226;145207274;1;0;11;1#2;30;
0226;145207275;1;0;314;1#2;30;
0226;145207276;1;0;27;1#2;30;
0226;145207277;1;0;100;1#2;30;
0226;145207278;1;0;66;1#2;30;
0226;145207279;1;0;116;1#2;30;
0226;145207280;1;0;92;1#2;30;
0226;145207281;1;0;113;1#2;30;
0226;145207282;1;0;93;1#2;30;
0226;157062665;1;0;9;1#2;30;
0226;157062666;1;0;71;1#2;30;
0226;212474640;1;0;9;1#2;30;
0226;212474641;1;0;77;1#2;30;
0226;145207285;1;0;94;1#2;30;
0226;145207286;1;0;123;1#2;30;
0226;145207287;1;0;59;1#2;30;
0226;145207288;1;0;107;1#2;30;
0226;145207289;1;0;88;1#2;30;
0226;145207290;1;0;88;1#2;30;
0226;145207291;1;0;66;1#2;30;
0226;145207292;1;0;43;1#2;30;
0226;145207293;1;0;75;1#2;30;
0226;145207294;1;0;93;1#2;30;
0226;145207295;1;0;297;1#2;30;
0226;145207296;1;0;251;1#2;30;
0226;145207297;1;0;15;1#2;30;
0226;145207298;1;0;188;1#2;30;
0226;145207299;1;0;96;1#2;30;
0226;145207300;1;0;29;1#2;30;
0226;145207301;1;0;55;1#2;30;
0226;145207302;1;0;95;1#2;30;
0226;145207303;1;0;40;1#2;30;
0226;145207304;1;0;39;1#2;30;
0226;145207306;1;0;291;1#2;30;
0226;145207307;1;0;105;1#2;30;
0226;145207308;1;0;37;1#2;30;
0226;145207309;1;0;43;1#2;30;
0226;145207310;1;0;135;1#2;30;
0226;145207311;1;0;49;1#2;30;
0226;145207312;1;0;130;1#2;30;
0226;145207313;1;0;62;1#2;30;
0226;145207314;1;0;66;1#2;30;
0226;145207315;1;0;55;1#2;30;
0226;145207316;1;0;48;1#2;30;
0226;145207317;1;0;24;1#2;30;
0226;145207318;1;0;15;1#2;30;
0226;145207319;1;0;31;1#2;30;
0226;145207320;1;0;27;1#2;30;
0226;145207321;1;0;50;1#2;30;
0226;145207322;1;0;96;1#2;30;
0226;145207323;1;0;381;1#2;30;
0226;145207324;1;0;75;1#2;30;
0226;159597528;1;0;36;1#2;50;
0226;145207326;1;0;80;1#2;30;
0226;232289855;1;0;1371;1#2;30;
0226;145207329;1;0;164;1#2;30;
0226;145207330;1;0;53;1#2;30;
0226;145207331;1;0;144;1#2;30;
0226;145207332;1;0;41;1#2;30;
0226;145207333;1;0;70;1#2;30;
0226;145207334;1;0;52;1#2;30;
0226;145207335;1;0;31;1#2;30;
0226;145207336;1;0;51;1#2;30;
0226;198125479;1;0;8;1#2;30;
0226;198125480;1;0;24;1#2;30;
0226;145207338;1;0;49;1#2;30;
0226;276901024;1;0;7;1#2;30;
0226;276901025;1;0;100;1#2;30;
0226;145207340;1;0;17;1#2;30;
0226;145207341;1;0;46;1#2;30;
0226;145207342;1;0;18;1#2;30;
0226;145207343;1;0;44;1#2;30;
0226;145207345;1;0;56;1#2;30;
0226;145207346;1;0;148;1#2;30;
0226;145207347;1;0;231;1#2;30;
0226;145207348;1;0;39;1#2;30;
0226;145207349;1;0;90;1#2;30;
0226;145207350;1;0;74;1#2;30;
0226;145207351;1;0;50;1#2;30;
0226;145207352;1;0;88;1#2;30;
0226;159594144;1;0;198;1#2;30;
0226;145207354;1;0;60;1#2;30;
0226;145207355;1;0;403;1#2;30;
0226;145207356;1;0;143;1#2;30;
0226;145207357;1;0;31;1#2;30;
0226;145207358;1;0;61;1#2;30;
0226;145207359;1;0;134;1#2;30;
0226;145207360;1;0;81;1#2;30;
0226;145207361;1;0;68;1#2;30;
0226;145207362;1;0;55;1#2;30;
0226;145207363;1;0;111;1#2;30;
0226;145207364;1;0;474;1#2;30;
0226;145207365;1;0;214;1#2;30;
0226;145207366;1;0;786;1#2;30;
0226;145207369;1;0;88;1#2;30;
0226;145207370;1;0;121;1#2;30;
0226;145207371;1;0;129;1#2;30;
0226;145207372;1;0;77;1#2;30;
0226;145207373;1;0;132;1#2;30;
0226;145207374;1;0;55;1#2;30;
0226;145207375;1;0;57;1#2;30;
0226;145207376;1;0;139;1#2;30;
0226;145207377;1;0;86;1#2;30;
0226;145207378;1;0;170;1#2;30;
0226;145207379;1;0;74;1#2;30;
0226;145207380;1;0;41;1#2;30;
0226;145207381;1;0;209;1#2;30;
0226;145207382;1;0;81;1#2;30;
0226;145207383;1;0;66;1#2;30;
0226;145207384;1;0;72;1#2;30;
0226;145207385;1;0;116;1#2;30;
0226;145207386;1;0;538;1#2;30;
0226;145207387;1;0;353;1#2;30;
0226;145207388;1;0;182;1#2;30;
0226;145207389;1;0;86;1#2;30;
0226;145207390;1;0;187;1#2;30;
0226;145207391;1;0;275;1#2;30;
0226;145207392;1;0;85;1#2;30;
0226;157062667;1;0;8;1#2;30;
0226;157062668;1;0;62;1#2;30;
0226;145207394;1;0;87;1#2;30;
0226;145207395;1;0;69;1#2;30;
0226;145207396;1;0;36;1#2;30;
0226;145207397;1;0;76;1#2;30;
0226;145207398;1;0;48;1#2;30;
0226;145207399;1;0;59;1#2;30;
0226;145207400;1;0;42;1#2;30;
0226;145207401;1;0;100;1#2;30;
0226;145207402;1;0;77;1#2;30;
0226;145207403;1;0;11;1#2;30;
0226;145207404;1;0;62;1#2;30;
0226;145207405;1;0;17;1#2;30;
0226;145207406;1;0;31;1#2;30;
0226;145207407;1;0;29;1#2;30;
0226;145207408;1;0;53;1#2;30;
0226;145207409;1;0;51;1#2;30;
0226;145207410;1;0;63;1#2;30;
0226;145207411;1;0;54;1#2;30;
0226;145207412;1;0;43;1#2;30;
0226;145207413;1;0;61;1#2;30;
0226;145207414;1;0;286;1#2;30;
0226;145207415;1;0;222;1#2;30;
0226;237409572;1;0;819;1#2;30;
0226;237409573;1;0;367;1#2;30;
0226;145207418;1;0;80;1#2;30;
0226;145207419;1;0;60;1#2;30;
0226;145207420;1;0;73;1#2;30;
0226;145207421;1;0;95;1#2;30;
0226;145207422;1;0;142;1#2;30;
0226;145207423;1;0;39;1#2;30;
0226;145207424;1;0;106;1#2;30;
0226;145207425;1;0;46;1#2;30;
0226;145207426;1;0;94;1#2;30;
0226;145207427;1;0;142;1#2;30;
0226;145207428;1;0;63;1#2;30;
0226;145207429;1;0;63;1#2;30;
0226;145207430;1;0;190;1#2;30;
0226;145207431;1;0;86;1#2;30;
0226;145207432;1;0;65;1#2;30;
0226;145207433;1;0;132;1#2;30;
0226;145207434;1;0;111;1#2;30;
0226;145207435;1;0;156;1#2;30;
0226;145207436;1;0;112;1#2;30;
0226;145207437;1;0;85;1#2;30;
0226;145207438;1;0;54;1#2;30;
0226;145207439;1;0;154;1#2;30;
0226;145207440;1;0;87;1#2;30;
0226;145207441;1;0;39;1#2;30;
0226;145207443;1;0;196;1#2;30;
0226;145207444;1;0;93;1#2;30;
0226;145207445;1;0;289;1#2;30;
0226;145207446;1;0;115;1#2;30;
0226;145207447;1;0;84;1#2;30;
0226;145207448;1;0;42;1#2;30;
0226;145207449;1;0;136;1#2;30;
0226;145207450;1;0;109;1#2;30;
0226;145207451;1;0;254;1#2;30;
0226;145207452;1;0;216;1#2;30;
0226;145207453;1;0;222;1#2;30;
0226;145207454;1;0;94;1#2;30;
0226;145207455;1;0;95;1#2;30;
0226;145207456;1;0;104;1#2;30;
0226;145207457;1;0;89;1#2;30;
0226;145207458;1;0;354;1#2;30;
0226;145207459;1;0;102;1#2;30;
0226;145207460;1;0;47;1#2;30;
0226;145207461;1;0;118;1#2;30;
0226;145207462;1;0;88;1#2;30;
0226;211914624;1;0;28;1#2;30;
0226;211914625;1;0;10;1#2;30;
0226;145207464;1;0;111;1#2;30;
0226;157062669;1;0;152;1#2;30;
0226;157062670;1;0;18;1#2;30;
0226;145207466;1;0;416;1#2;30;
0226;145207467;1;0;222;1#2;30;
0226;145207468;1;0;40;1#2;30;
0226;157062671;1;0;8;1#2;30;
0226;157062672;1;0;133;1#2;30;
0226;145207470;1;0;119;1#2;30;
0226;145207471;1;0;284;1#2;30;
0226;145207472;1;0;250;1#2;30;
0226;145207473;1;0;51;1#2;30;
0226;145207474;1;0;89;1#2;30;
0226;145207475;1;0;53;1#2;30;
0226;145207476;1;0;135;1#2;30;
0226;145207477;1;0;44;1#2;30;
0226;145207478;1;0;180;1#2;30;
0226;145207479;1;0;100;1#2;30;
0226;157062673;1;0;8;1#2;30;
0226;157062674;1;0;96;1#2;30;
0226;145207481;1;0;88;1#2;30;
0226;145207482;1;0;58;1#2;30;
0226;145207483;1;0;105;1#2;30;
0226;145207484;1;0;64;1#2;30;
0226;145207485;1;0;54;1#2;30;
0226;145207486;1;0;245;1#2;30;
0226;145207487;1;0;96;1#2;30;
0226;145207488;1;0;125;1#2;30;
0226;145207489;1;0;78;1#2;30;
0226;145207490;1;0;130;1#2;30;
0226;145207491;1;0;99;1#2;30;
0226;145207492;1;0;164;1#2;30;
0226;145207493;1;0;63;1#2;30;
0226;145207494;1;0;69;1#2;30;
0226;212474642;1;0;8;1#2;30;
0226;212474643;1;0;53;1#2;30;
0226;145207496;1;0;126;1#2;30;
0226;145207497;1;0;177;1#2;30;
0226;145207498;1;0;150;1#2;30;
0226;145207499;1;0;53;1#2;30;
0226;145207500;1;0;190;1#2;30;
0226;145207501;1;0;35;1#2;30;
0226;145207502;1;0;143;1#2;30;
0226;145207503;1;0;112;1#2;30;
0226;145207504;1;0;136;1#2;30;
0226;145207505;1;0;23;1#2;30;
0226;145207506;1;0;351;1#2;30;
0226;159567425;1;0;16;1#2;50;
0226;145207508;1;0;223;1#2;30;
0226;145207509;1;0;177;1#2;30;
0226;145207510;1;0;129;1#2;30;
0226;145207511;1;0;66;1#2;30;
0226;145207512;1;0;161;1#2;30;
0226;145207513;1;0;70;1#2;30;
0226;145207514;1;0;269;1#2;30;
0226;145207515;1;0;12;1#2;30;
0226;145207516;1;0;90;1#2;30;
0226;145207517;1;0;137;1#2;30;
0226;145207518;1;0;133;1#2;30;
0226;145207519;1;0;69;1#2;30;
0226;145207520;1;0;90;1#2;30;
0226;145207521;1;0;141;1#2;30;
0226;145207522;1;0;97;1#2;30;
0226;212474644;1;0;13;1#2;30;
0226;212474645;1;0;192;1#2;30;
0226;145207524;1;0;99;1#2;30;
0226;145207525;1;0;58;1#2;30;
0226;145207526;1;0;121;1#2;30;
0226;145207527;1;0;92;1#2;30;
0226;145207528;1;0;111;1#2;30;
0226;159604929;1;0;163;1#2;30;
0226;145207530;1;0;123;1#2;30;
0226;145207531;1;0;89;1#2;30;
0226;145207532;1;0;104;1#2;30;
0226;145207533;1;0;99;1#2;30;
0226;145207534;1;0;81;1#2;30;
0226;145207535;1;0;172;1#2;30;
0226;145207536;1;0;81;1#2;30;
0226;145207537;1;0;197;1#2;30;
0226;145207538;1;0;161;1#2;30;
0226;145207539;1;0;82;1#2;30;
0226;145207540;1;0;126;1#2;30;
0226;145207541;1;0;68;1#2;30;
0226;145207542;1;0;80;1#2;30;
0226;145207543;1;0;153;1#2;30;
0226;145207544;1;0;31;1#2;30;
0226;145207545;1;0;93;1#2;30;
0226;145207546;1;0;49;1#2;30;
0226;145207547;1;0;929;1#2;30;
0226;211914626;1;0;256;1#2;30;
0226;145207549;1;0;74;1#2;30;
0226;145207550;1;0;28;1#2;30;
0226;145207551;1;0;557;1#2;30;
0226;145207552;1;0;53;1#2;30;
0226;145207553;1;0;148;1#2;30;
0226;145207554;1;0;100;1#2;30;
0226;145207555;1;0;246;1#2;30;
0226;145207556;1;0;216;1#2;30;
0226;145207557;1;0;148;1#2;30;
0226;157062675;1;0;9;1#2;30;
0226;157062676;1;0;175;1#2;30;
0226;145207559;1;0;347;1#2;30;
0226;145207560;1;0;32;1#2;30;
0226;145207561;1;0;99;1#2;30;
0226;145207562;1;0;151;1#2;30;
0226;198125481;1;0;16;1#2;30;
0226;198125482;1;0;156;1#2;30;
0226;145207564;1;0;45;1#2;30;
0226;145207565;1;0;48;1#2;30;
0226;145207566;1;0;28;1#2;30;
0226;145207567;1;0;49;1#2;30;
0226;145207568;1;0;137;1#2;30;
0226;145207569;1;0;34;1#2;30;
0226;145207570;1;0;95;1#2;30;
0226;145207572;1;0;385;1#2;30;
0226;145207573;1;0;147;1#2;30;
0226;145207574;1;0;123;1#2;30;
0226;145207575;1;0;47;1#2;30;
0226;145207576;1;0;125;1#2;30;
0226;145207577;1;0;65;1#2;30;
0226;145207578;1;0;42;1#2;30;
0226;145207579;1;0;50;1#2;30;
0226;145207580;1;0;31;1#2;30;
0226;145207581;1;0;35;1#2;30;
0226;145207582;1;0;42;1#2;30;
0226;145207583;1;0;157;1#2;30;
0226;145207584;1;0;58;1#2;30;
0226;145207585;1;0;100;1#2;30;
0226;145207586;1;0;66;1#2;30;
0226;145207587;1;0;79;1#2;30;
0226;157062677;1;0;8;1#2;30;
0226;157062678;1;0;84;1#2;30;
0226;145207589;1;0;66;1#2;30;
0226;145207590;1;0;87;1#2;30;
0226;145207591;1;0;58;1#2;30;
0226;145207592;1;0;150;1#2;30;
0226;145207593;1;0;139;1#2;30;
0226;145207594;1;0;171;1#2;30;
0226;145207595;1;0;74;1#2;30;
0226;145207596;1;0;59;1#2;30;
0226;145207597;1;0;52;1#2;30;
0226;145207598;1;0;44;1#2;30;
0226;145207599;1;0;260;1#2;30;
0226;145207600;1;0;168;1#2;30;
0226;145207601;1;0;125;1#2;30;
0226;145207602;1;0;49;1#2;30;
0226;145207603;1;0;40;1#2;30;
0226;145207604;1;0;93;1#2;30;
0226;145207605;1;0;302;1#2;30;
0226;145207606;1;0;103;1#2;30;
0226;145207607;1;0;76;1#2;30;
0226;145207608;1;0;389;1#2;30;
0226;145207609;1;0;47;1#2;30;
0226;145207610;1;0;61;1#2;30;
0226;145207611;1;0;154;1#2;30;
0226;145207612;1;0;54;1#2;30;
0226;145207613;1;0;252;1#2;30;
0226;145207614;1;0;98;1#2;30;
0226;145207615;1;0;86;1#2;30;
0226;145207616;1;0;73;1#2;30;
0226;145207617;1;0;51;1#2;30;
0226;145207618;1;0;228;1#2;30;
0226;145207619;1;0;99;1#2;30;
0226;145207620;1;0;56;1#2;30;
0226;145207621;1;0;41;1#2;30;
0226;145207622;1;0;118;1#2;30;
0226;145207623;1;0;44;1#2;30;
0226;145207624;1;0;173;1#2;30;
0226;145207625;1;0;59;1#2;30;
0226;145207626;1;0;80;1#2;30;
0226;145207627;1;0;65;1#2;30;
0226;145207628;1;0;178;1#2;30;
0226;145207629;1;0;46;1#2;30;
0226;145207630;1;0;129;1#2;30;
0226;145207631;1;0;63;1#2;30;
0226;145207632;1;0;30;1#2;30;
0226;145207633;1;0;32;1#2;30;
0226;145207634;1;0;47;1#2;30;
0226;145207635;1;0;55;1#2;30;
0226;145207636;1;0;33;1#2;30;
0226;145207637;1;0;43;1#2;30;
0226;145207639;1;0;83;1#2;30;
0226;145207640;1;0;68;1#2;30;
0226;145207641;1;0;41;1#2;30;
0226;145207642;1;0;91;1#2;30;
0226;157062679;1;0;7;1#2;30;
0226;157062680;1;0;101;1#2;30;
0226;145207644;1;0;98;1#2;30;
0226;145207645;1;0;719;1#2;30;
0226;145207646;1;0;276;1#2;30;
0226;145207647;1;0;63;1#2;30;
0226;145207648;1;0;212;1#2;30;
0226;145207649;1;0;149;1#2;30;
0226;145207650;1;0;86;1#2;30;
0226;145207651;1;0;180;1#2;30;
0226;145207652;1;0;541;1#2;30;
0226;145207653;1;0;60;1#2;30;
0226;145207654;1;0;16;1#2;30;
0226;145207655;1;0;29;1#2;30;
0226;145207656;1;0;64;1#2;30;
0226;159593214;1;0;83;1#2;50;
0226;145207658;1;0;34;1#2;30;
0226;145207659;1;0;58;1#2;30;
0226;145207660;1;0;87;1#2;30;
0226;145207661;1;0;27;1#2;30;
0226;145207662;1;0;103;1#2;30;
0226;145207663;1;0;80;1#2;30;
0226;145207664;1;0;15;1#2;30;
0226;145207665;1;0;55;1#2;30;
0226;145207666;1;0;52;1#2;30;
0226;145207667;1;0;434;1#2;30;
0226;145207668;1;0;86;1#2;30;
0226;145207669;1;0;36;1#2;30;
0226;145207670;1;0;51;1#2;30;
0226;145207671;1;0;32;1#2;30;
0226;145207673;1;0;78;1#2;30;
0226;145207674;1;0;21;1#2;30;
0226;145207675;1;0;181;1#2;30;
0226;145207676;1;0;776;1#2;30;
0226;145207677;1;0;68;1#2;30;
0226;145207678;1;0;37;1#2;30;
0226;145207679;1;0;157;1#2;30;
0226;145207680;1;0;194;1#2;30;
0226;145207681;1;0;60;1#2;30;
0226;145207682;1;0;103;1#2;30;
0226;145207683;1;0;40;1#2;30;
0226;145207684;1;0;40;1#2;30;
0226;145207685;1;0;35;1#2;30;
0226;145207686;1;0;39;1#2;30;
0226;145207687;1;0;58;1#2;30;
0226;145207688;1;0;59;1#2;30;
0226;145207689;1;0;46;1#2;30;
0226;198125483;1;0;9;1#2;30;
0226;198125484;1;0;256;1#2;30;
0226;198125485;1;0;6;1#2;30;
0226;145207691;1;0;67;1#2;30;
0226;145207692;1;0;81;1#2;30;
0226;145207693;1;0;117;1#2;30;
0226;145207694;1;0;53;1#2;30;
0226;145207695;1;0;52;1#2;30;
0226;198125486;1;0;10;1#2;30;
0226;198125487;1;0;45;1#2;30;
0226;145207697;1;0;69;1#2;30;
0226;145207698;1;0;107;1#2;30;
0226;212474646;1;0;11;1#2;30;
0226;212474647;1;0;50;1#2;30;
0226;145207700;1;0;74;1#2;30;
0226;145207701;1;0;60;1#2;30;
0226;198125488;1;0;7;1#2;30;
0226;198125489;1;0;225;1#2;30;
0226;145207703;1;0;60;1#2;30;
0226;145207704;1;0;47;1#2;30;
0226;145207705;1;0;48;1#2;30;
0226;159597530;1;0;36;1#2;30;
0226;159593216;1;0;15;1#2;50;
0226;159593217;1;0;33;1#2;50;
0226;145207708;1;0;43;1#2;30;
0226;145207709;1;0;60;1#2;30;
0226;145207710;1;0;48;1#2;30;
0226;145207711;1;0;132;1#2;30;
0226;145207712;1;0;74;1#2;30;
0226;145207714;1;0;128;1#2;30;
0226;145207715;1;0;45;1#2;30;
0226;157062681;1;0;8;1#2;30;
0226;157062682;1;0;67;1#2;30;
0226;145207717;1;0;90;1#2;30;
0226;145207718;1;0;307;1#2;30;
0226;145207719;1;0;118;1#2;30;
0226;145207720;1;0;56;1#2;30;
0226;145207721;1;0;82;1#2;30;
0226;145207723;1;0;102;1#2;30;
0226;145207724;1;0;25;1#2;30;
0226;145207725;1;0;32;1#2;30;
0226;145207726;1;0;116;1#2;30;
0226;145207727;1;0;52;1#2;30;
0226;145207728;1;0;63;1#2;30;
0226;145207729;1;0;75;1#2;30;
0226;145207730;1;0;155;1#2;30;
0226;145207731;1;0;87;1#2;30;
0226;145207732;1;0;70;1#2;30;
0226;145207733;1;0;190;1#2;30;
0226;145207734;1;0;72;1#2;30;
0226;145207735;1;0;87;1#2;30;
0226;212474648;1;0;8;1#2;30;
0226;212474649;1;0;91;1#2;30;
0226;145207737;1;0;247;1#2;30;
0226;145207738;1;0;43;1#2;30;
0226;145207739;1;0;125;1#2;30;
0226;145207740;1;0;143;1#2;30;
0226;145207741;1;0;352;1#2;30;
0226;145207742;1;0;55;1#2;30;
0226;145207743;1;0;174;1#2;30;
0226;211914627;1;0;31;1#2;30;
0226;211914628;1;0;49;1#2;30;
0226;145207745;1;0;352;1#2;30;
0226;145207746;1;0;67;1#2;30;
0226;145207747;1;0;82;1#2;30;
0226;145207748;1;0;215;1#2;30;
0226;145207749;1;0;305;1#2;30;
0226;145207750;1;0;303;1#2;30;
0226;145207751;1;0;74;1#2;30;
0226;145207752;1;0;101;1#2;30;
0226;145207753;1;0;56;1#2;30;
0226;145229219;1;0;34;1#2;50;
0226;145229220;1;0;232;1#2;50;
0226;145229221;1;0;342;1#2;50;
0226;237409574;1;0;207;1#2;50;
0226;145229223;1;0;33;1#2;50;
0226;145229224;1;0;530;1#2;50;
0226;145229225;1;0;47;1#2;50;
0226;145229226;1;0;2535;1#2;50;
0226;145229227;1;0;167;1#2;50;
0226;145229228;1;0;288;1#2;50;
0226;145229229;1;0;10;1#2;50;
0226;145229230;1;0;41;1#2;50;
0226;145229231;1;0;378;1#2;50;
0226;145229232;1;0;2293;1#2;50;
0226;145229233;1;0;53;1#2;50;
0226;145229234;1;0;93;1#2;50;
0226;145229235;1;0;211;1#2;50;
0226;145229236;1;0;179;1#2;50;
0226;145229237;1;0;106;1#2;50;
0226;145229238;1;0;513;1#2;50;
0226;145229239;1;0;272;1#2;30;
0226;145229240;1;0;49;1#2;30;
0226;145229241;1;0;26;1#2;50;
0226;145229242;1;0;492;1#2;30;
0226;145229243;1;0;2409;1#2;50;
0226;145229244;1;0;277;1#2;50;
0226;237409575;1;0;380;1#2;50;
0226;145229246;1;0;142;1#2;50;
0226;145229247;1;0;421;1#2;50;
0226;145229248;1;0;2041;1#2;50;
0226;145229249;1;0;253;1#2;50;
0226;145229250;1;0;410;1#2;50;
0226;145229251;1;0;163;1#2;50;
0226;145229252;1;0;593;1#2;50;
0226;145229253;1;0;108;1#2;50;
0226;145229254;1;0;99;1#2;50;
0226;145229255;1;0;160;1#2;50;
0226;145229256;1;0;383;1#2;50;
0226;145229257;1;0;619;1#2;50;
0226;145229258;1;0;138;1#2;50;
0226;211914629;1;0;185;1#2;50;
0226;211914630;1;0;1529;1#2;50;
0226;145229260;1;0;116;1#2;50;
0226;145229261;1;0;876;1#2;50;
0226;145229262;1;0;397;1#2;30;
0226;145229263;1;0;17;1#2;50;
0226;145229264;1;0;139;1#2;50;
0226;145229265;1;0;296;1#2;50;
0226;145229266;1;0;114;1#2;50;
0226;145229267;1;0;1840;1#2;50;
0226;145229268;1;0;297;1#2;50;
0226;145229269;1;0;32;1#2;50;
0226;145229270;1;0;179;1#2;50;
0226;145229271;1;0;38;1#2;50;
0226;145229272;1;0;1421;1#2;30;
0226;145229273;1;0;206;1#2;50;
0226;145229274;1;0;59;1#2;50;
0226;145229275;1;0;3801;1#2;50;
0226;145229276;1;0;386;1#2;50;
0226;145229277;1;0;361;1#2;50;
0226;145229278;1;0;370;1#2;50;
0226;145229279;1;0;99;1#2;50;
0226;145229280;1;0;63;1#2;50;
0226;145229281;1;0;89;1#2;50;
0226;145229282;1;0;1676;1#2;50;
0226;145229283;1;0;190;1#2;50;
0226;145229284;1;0;359;1#2;50;
0226;145229285;1;0;291;1#2;50;
0226;145229286;1;0;43;1#2;50;
0226;145229287;1;0;519;1#2;50;
0226;145229288;1;0;177;1#2;50;
0226;145229289;1;0;183;1#2;50;
0226;145229290;1;0;37;1#2;50;
0226;145229291;1;0;1455;1#2;50;
0226;145229292;1;0;56;1#2;50;
0226;145229293;1;0;413;1#2;50;
0226;145229294;1;0;82;1#2;50;
0226;145229295;1;0;50;1#2;50;
0226;145229296;1;0;2613;1#2;50;
0226;145229297;1;0;23;1#2;50;
0226;145229298;1;0;6;1#2;50;
0226;145229299;1;0;1184;1#2;50;
0226;145229300;1;0;76;1#2;50;
0226;145229301;1;0;628;1#2;50;
0226;145229302;1;0;254;1#2;50;
0226;145229303;1;0;1001;1#2;30;
0226;145229304;1;0;12;1#2;50;
0226;145229305;1;0;794;1#2;50;
0226;145229306;1;0;78;1#2;50;
0226;145229307;1;0;271;1#2;50;
0226;145229308;1;0;831;1#2;50;
0226;145229309;1;0;230;1#2;50;
0226;145229310;1;0;226;1#2;50;
0226;145229311;1;0;394;1#2;50;
0226;145229312;1;0;170;1#2;50;
0226;145229313;1;0;151;1#2;50;
0226;145229314;1;0;446;1#2;50;
0226;145229315;1;0;193;1#2;50;
0226;145229316;1;0;404;1#2;50;
0226;145229317;1;0;248;1#2;50;
0226;145229318;1;0;51;1#2;50;
0226;145229319;1;0;183;1#2;50;
0226;145229320;1;0;791;1#2;50;
0226;145229321;1;0;1040;1#2;50;
0226;145229322;1;0;235;1#2;50;
0226;145229323;1;0;340;1#2;50;
0226;145229324;1;0;682;1#2;50;
0226;145229325;1;0;286;1#2;50;
0226;145229326;1;0;222;1#2;50;
0226;145229327;1;0;370;1#2;50;
0226;145229328;1;0;100;1#2;50;
0226;145229329;1;0;20;1#2;50;
0226;145229330;1;0;1035;1#2;50;
0226;145229331;1;0;59;1#2;50;
0226;145229332;1;0;190;1#2;50;
0226;145229333;1;0;20;1#2;50;
0226;145229334;1;0;171;1#2;50;
0226;145229335;1;0;37;1#2;50;
0226;145229336;1;0;510;1#2;30;
0226;145229337;1;0;70;1#2;50;
0226;145229338;1;0;262;1#2;50;
0226;145229339;1;0;20;1#2;50;
0226;145229340;1;0;198;1#2;50;
0226;145229341;1;0;769;1#2;50;
0226;145229342;1;0;45;1#2;50;
0226;145229343;1;0;135;1#2;50;
0226;145229344;1;0;34;1#2;50;
0226;145229345;1;0;67;1#2;50;
0226;145229346;1;0;9;1#2;50;
0226;145229347;1;0;51;1#2;50;
0226;145229348;1;0;400;1#2;30;
0226;145229349;1;0;765;1#2;50;
0226;145229350;1;0;342;1#2;50;
0226;145229351;1;0;966;1#2;50;
0226;145229352;1;0;92;1#2;50;
0226;145229353;1;0;607;1#2;50;
0226;145229354;1;0;249;1#2;50;
0226;145229355;1;0;306;1#2;50;
0226;145229356;1;0;261;1#2;50;
0226;145229357;1;0;39;1#2;50;
0226;145229358;1;0;71;1#2;50;
0226;145229359;1;0;375;1#2;50;
0226;145229360;1;0;60;1#2;50;
0226;145229361;1;0;89;1#2;50;
0226;145229362;1;0;586;1#2;50;
0226;145229363;1;0;902;1#2;50;
0226;145229364;1;0;73;1#2;50;
0226;145229365;1;0;51;1#2;50;
0226;145229366;1;0;565;1#2;50;
0226;145229367;1;0;9;1#2;50;
0226;145229368;1;0;845;1#2;50;
0226;145229369;1;0;81;1#2;50;
0226;157062683;1;0;9;1#2;30;
0226;157062684;1;0;74;1#2;30;
0226;145229371;1;0;393;1#2;50;
0226;145229372;1;0;307;1#2;50;
0226;145229373;1;0;409;1#2;50;
0226;145229374;1;0;89;1#2;50;
0226;145229375;1;0;127;1#2;50;
0226;145229376;1;0;97;1#2;50;
0226;145229377;1;0;35;1#2;50;
0226;145229378;1;0;683;1#2;50;
0226;145229379;1;0;351;1#2;50;
0226;145229380;1;0;576;1#2;50;
0226;145229381;1;0;124;1#2;50;
0226;145229382;1;0;537;1#2;50;
0226;145229383;1;0;159;1#2;50;
0226;237409576;1;0;145;1#2;50;
0226;237409577;1;0;335;1#2;50;
0226;145229385;1;0;350;1#2;50;
0226;232289856;1;0;189;1#2;50;
0226;232289857;1;0;295;1#2;50;
0226;145229387;1;0;396;1#2;50;
0226;145229388;1;0;87;1#2;50;
0226;145229389;1;0;64;1#2;50;
0226;145229390;1;0;160;1#2;50;
0226;145229391;1;0;26;1#2;50;
0226;145229392;1;0;568;1#2;50;
0226;145229393;1;0;87;1#2;50;
0226;145229394;1;0;50;1#2;50;
0226;232289858;1;0;331;1#2;50;
0226;232289859;1;0;243;1#2;50;
0226;145229396;1;0;371;1#2;50;
0226;145229397;1;0;68;1#2;50;
0226;145229398;1;0;42;1#2;50;
0226;145229399;1;0;120;1#2;50;
0226;145229400;1;0;162;1#2;50;
0226;145229401;1;0;430;1#2;50;
0226;145229402;1;0;67;1#2;50;
0226;145229403;1;0;75;1#2;50;
0226;145229404;1;0;588;1#2;50;
0226;145229405;1;0;77;1#2;50;
0226;145229406;1;0;336;1#2;50;
0226;145229407;1;0;204;1#2;50;
0226;145229408;1;0;458;1#2;50;
0226;145229409;1;0;395;1#2;50;
0226;145229410;1;0;468;1#2;50;
0226;145229411;1;0;324;1#2;50;
0226;145229412;1;0;99;1#2;50;
0226;145229413;1;0;188;1#2;50;
0226;145229414;1;0;677;1#2;50;
0226;145229415;1;0;27;1#2;50;
0226;145229416;1;0;1353;1#2;50;
0226;145229417;1;0;63;1#2;50;
0226;145229418;1;0;188;1#2;50;
0226;145229419;1;0;387;1#2;50;
0226;145229420;1;0;851;1#2;50;
0226;145229421;1;0;349;1#2;50;
0226;145229422;1;0;238;1#2;50;
0226;145229423;1;0;9;1#2;50;
0226;145229424;1;0;136;1#2;50;
0226;145229425;1;0;209;1#2;50;
0226;145229426;1;0;349;1#2;50;
0226;145229427;1;0;231;1#2;50;
0226;145229428;1;0;12;1#2;50;
0226;145229429;1;0;830;1#2;50;
0226;145229430;1;0;15;1#2;50;
0226;145229431;1;0;161;1#2;50;
0226;145229432;1;0;365;1#2;50;
0226;145229433;1;0;101;1#2;50;
0226;145229434;1;0;183;1#2;50;
0226;145229435;1;0;541;1#2;50;
0226;145229436;1;0;55;1#2;50;
0226;145229437;1;0;72;1#2;50;
0226;145229438;1;0;57;1#2;50;
0226;145229439;1;0;83;1#2;50;
0226;145229440;1;0;63;1#2;50;
0226;145229441;1;0;274;1#2;50;
0226;145229442;1;0;105;1#2;50;
0226;145229443;1;0;537;1#2;50;
0226;145229444;1;0;276;1#2;50;
0226;145229445;1;0;707;1#2;50;
0226;145229446;1;0;257;1#2;50;
0226;145229447;1;0;752;1#2;50;
0226;145229448;1;0;262;1#2;50;
0226;145229449;1;0;146;1#2;50;
0226;145229450;1;0;710;1#2;50;
0226;145229451;1;0;23;1#2;50;
0226;145229452;1;0;912;1#2;50;
0226;145229453;1;0;147;1#2;50;
0226;145229454;1;0;888;1#2;50;
0226;145229455;1;0;241;1#2;50;
0226;145229456;1;0;290;1#2;50;
0226;145229457;1;0;1205;1#2;50;
0226;145229458;1;0;320;1#2;50;
0226;145229459;1;0;29;1#2;50;
0226;145229460;1;0;102;1#2;50;
0226;145229461;1;0;180;1#2;50;
0226;145229462;1;0;7;1#2;50;
0226;145229463;1;0;120;1#2;50;
0226;145229464;1;0;408;1#2;50;
0226;145229465;1;0;466;1#2;50;
0226;145229466;1;0;94;1#2;50;
0226;145229467;1;0;200;1#2;50;
0226;145229468;1;0;54;1#2;50;
0226;145229469;1;0;126;1#2;50;
0226;145229470;1;0;37;1#2;50;
0226;145229471;1;0;967;1#2;50;
0226;145229472;1;0;568;1#2;50;
0226;145229473;1;0;293;1#2;50;
0226;145229474;1;0;199;1#2;50;
0226;145229475;1;0;316;1#2;50;
0226;145229476;1;0;208;1#2;50;
0226;145229477;1;0;331;1#2;50;
0226;145229478;1;0;149;1#2;50;
0226;145229479;1;0;272;1#2;50;
0226;145229480;1;0;134;1#2;50;
0226;145229481;1;0;93;1#2;50;
0226;145229482;1;0;172;1#2;50;
0226;145229483;1;0;165;1#2;50;
0226;145229484;1;0;79;1#2;50;
0226;145229485;1;0;220;1#2;50;
0226;145229486;1;0;183;1#2;50;
0226;145229487;1;0;889;1#2;50;
0226;145229488;1;0;128;1#2;50;
0226;237409578;1;0;30;1#2;50;
0226;237409579;1;0;726;1#2;50;
0226;145229490;1;0;195;1#2;50;
0226;145229491;1;0;532;1#2;50;
0226;145229492;1;0;217;1#2;50;
0226;145229493;1;0;328;1#2;50;
0226;145229494;1;0;706;1#2;50;
0226;145229495;1;0;566;1#2;50;
0226;145229496;1;0;163;1#2;50;
0226;145229497;1;0;123;1#2;30;
0226;145229498;1;0;273;1#2;30;
0226;145229499;1;0;99;1#2;30;
0226;145229500;1;0;109;1#2;30;
0226;145229501;1;0;317;1#2;50;
0226;145229502;1;0;534;1#2;50;
0226;157062685;1;0;8;1#2;50;
0226;157062686;1;0;34;1#2;50;
0226;145229504;1;0;89;1#2;50;
0226;145229505;1;0;90;1#2;50;
0226;145229506;1;0;562;1#2;50;
0226;157062687;1;0;9;1#2;50;
0226;157062688;1;0;284;1#2;50;
0226;145229508;1;0;333;1#2;30;
0226;145229509;1;0;754;1#2;50;
0226;145229510;1;0;668;1#2;50;
0226;145229511;1;0;127;1#2;50;
0226;145229512;1;0;223;1#2;50;
0226;145229513;1;0;177;1#2;50;
0226;145229514;1;0;109;1#2;30;
0226;145229515;1;0;135;1#2;30;
0226;198125490;1;0;6;1#2;50;
0226;198125491;1;0;196;1#2;50;
0226;145229517;1;0;269;1#2;50;
0226;145229518;1;0;178;1#2;50;
0226;145229519;1;0;250;1#2;50;
0226;145229520;1;0;451;1#2;50;
0226;232289860;1;0;638;1#2;50;
0226;145229522;1;0;167;1#2;50;
0226;145229523;1;0;205;1#2;50;
0226;145229524;1;0;160;1#2;50;
0226;145229525;1;0;719;1#2;30;
0226;145229526;1;0;216;1#2;30;
0226;145229527;1;0;20;1#2;30;
0226;145229528;1;0;252;1#2;30;
0226;145229529;1;0;320;1#2;30;
0226;145229530;1;0;16;1#2;50;
0226;145229531;1;0;39;1#2;50;
0226;145229532;1;0;75;1#2;50;
0226;145229533;1;0;654;1#2;50;
0226;145229534;1;0;204;1#2;50;
0226;145229535;1;0;8;1#2;50;
0226;145229536;1;0;69;1#2;50;
0226;145229537;1;0;83;1#2;50;
0226;145229538;1;0;21;1#2;50;
0226;145229539;1;0;127;1#2;50;
0226;198125492;1;0;13;1#2;30;
0226;198125493;1;0;46;1#2;30;
0226;145229541;1;0;212;1#2;30;
0226;145229542;1;0;74;1#2;30;
0226;145229547;1;0;68;1#2;50;
0226;145229548;1;0;113;1#2;50;
0226;145229549;1;0;213;1#2;50;
0226;145229550;1;0;111;1#2;50;
0226;159567427;1;0;627;1#2;50;
0226;145229553;1;0;141;1#2;50;
0226;145229554;1;0;90;1#2;50;
0226;145229555;1;0;388;1#2;50;
0226;145229556;1;0;40;1#2;50;
0226;145229557;1;0;329;1#2;50;
0226;145229558;1;0;49;1#2;50;
0226;145229559;1;0;45;1#2;50;
0226;145229560;1;0;408;1#2;50;
0226;145229561;1;0;533;1#2;50;
0226;145229562;1;0;48;1#2;50;
0226;145229563;1;0;62;1#2;50;
0226;145229564;1;0;300;1#2;50;
0226;145229565;1;0;412;1#2;50;
0226;145229566;1;0;69;1#2;50;
0226;145229567;1;0;427;1#2;50;
0226;145229568;1;0;63;1#2;50;
0226;145229569;1;0;139;1#2;50;
0226;145229570;1;0;227;1#2;50;
0226;145229571;1;0;609;1#2;50;
0226;159593218;1;0;44;1#2;30;
0226;159593219;1;0;65;1#2;30;
0226;159593220;1;0;66;1#2;30;
0226;159593221;1;0;150;1#2;30;
0226;145229574;1;0;55;1#2;30;
0226;145229575;1;0;51;1#2;30;
0226;145229576;1;0;616;1#2;50;
0226;145229577;1;0;160;1#2;50;
0226;145229578;1;0;161;1#2;50;
0226;145229579;1;0;188;1#2;50;
0226;145229580;1;0;32;1#2;50;
0226;145229581;1;0;328;1#2;50;
0226;145229583;1;0;364;1#2;50;
0226;145229584;1;0;476;1#2;50;
0226;145229585;1;0;345;1#2;50;
0226;145229586;1;0;287;1#2;50;
0226;145229587;1;0;502;1#2;50;
0226;145229588;1;0;105;1#2;50;
0226;145229589;1;0;304;1#2;50;
0226;145229590;1;0;296;1#2;50;
0226;145229591;1;0;205;1#2;50;
0226;145229592;1;0;541;1#2;50;
0226;145229593;1;0;243;1#2;50;
0226;145229594;1;0;40;1#2;50;
0226;145229595;1;0;185;1#2;50;
0226;145229596;1;0;49;1#2;50;
0226;145229597;1;0;143;1#2;50;
0226;145229598;1;0;268;1#2;50;
0226;157062689;1;0;9;1#2;50;
0226;157062690;1;0;52;1#2;50;
0226;145229600;1;0;353;1#2;30;
0226;145229601;1;0;10;1#2;50;
0226;145235410;1;0;164;1;100;
0226;145235425;1;0;552;1;100;
0226;145235426;1;0;8;1;100;
0226;145235428;1;0;75;1;100;
0226;145235429;1;0;29;1;100;
0226;145235430;1;0;347;1;100;
0226;145235430;2;341;347;2;100;
0226;145235431;1;0;288;1;100;
0226;145235431;1;0;288;2;100;
0226;145235432;1;0;57;1;100;
0226;145235432;1;0;57;2;100;
0226;145235433;1;0;13;1;100;
0226;145235434;1;0;440;1;100;
0226;145235436;1;0;4;1;100;
0226;145235437;1;0;419;1;100;
0226;145235650;1;0;10;1;80;
0226;145235651;1;0;20;1;80;
0226;145235652;1;0;7;1;80;
0226;145239700;1;0;665;1#2;80;
0226;145239701;1;0;425;1#2;80;
0226;145239702;1;0;12;1#2;80;
0226;145239703;1;0;118;1#2;80;
0226;145239704;1;0;981;1#2;80;
0226;145239705;1;0;446;1#2;80;
0226;145239706;1;0;1087;1#2;80;
0226;145239707;1;0;1213;1#2;80;
0226;145239708;1;0;849;1#2;80;
0226;145239793;1;0;601;1#2;80;
0226;145239794;1;0;17;1#2;80;
0226;145239796;1;0;237;1#2;80;
0226;145239797;1;0;11;1#2;80;
0226;145239798;1;0;266;1#2;80;
0226;145239799;1;0;39;1#2;80;
0226;145239800;1;0;70;1#2;80;
0226;145239801;1;0;80;1#2;80;
0226;145239802;1;0;116;1#2;80;
0226;145239803;1;0;203;1#2;80;
0226;145239804;1;0;79;1#2;80;
0226;145239805;1;0;12;1#2;80;
0226;145239806;1;0;77;1#2;80;
0226;145239807;1;0;288;1#2;80;
0226;145239808;1;0;300;1#2;80;
0226;145239809;1;0;17;1#2;80;
0226;145239810;1;0;53;1#2;80;
0226;145239811;1;0;7;1#2;80;
0226;145239812;1;0;873;1;70;
0226;145239812;1;0;873;2;80;
0226;145239812;1;0;873;1#2;80;
0226;145239812;2;787;873;1#2;50;
0226;145239813;1;0;61;1#2;50;
0226;145239814;1;0;97;1#2;50;
0226;145239815;1;0;55;1#2;50;
0226;145239817;1;0;32;1#2;50;
0226;145239818;1;0;237;1#2;50;
0226;145239819;1;0;161;1#2;50;
0226;145239820;1;0;624;1#2;50;
0226;145239820;1;0;624;2;70;
0226;145239820;1;0;624;1;80;
0226;145239820;2;205;624;1#2;80;
0226;145239821;1;0;407;1#2;80;
0226;145239821;2;348;407;1#2;60;
0226;145239822;1;0;23;1#2;60;
0226;145239823;1;0;386;1#2;60;
0226;145239824;1;0;16;1#2;60;
0226;145239825;1;0;476;1#2;60;
0226;145239826;1;0;16;1#2;60;
0226;145239827;1;0;149;1#2;60;
0226;145239828;1;0;222;1#2;60;
0226;145239845;1;0;35;1#2;40;
0226;145239846;1;0;61;1#2;40;
0226;145239847;1;0;178;1#2;40;
0226;145239848;1;0;155;1#2;40;
0226;145239849;1;0;173;1#2;40;
0226;145239850;1;0;22;1;50;
0226;145239851;1;0;4;1;50;
0226;145239852;1;0;3;1;50;
0226;145239853;1;0;5;1;50;
0226;145239854;1;0;3;1;50;
0226;145239855;1;0;4;1;50;
0226;145239856;1;0;4;1;50;
0226;145239857;1;0;5;1;50;
0226;145239902;1;0;204;1#2;60;
0226;145239903;1;0;600;1#2;60;
0226;145239904;1;0;17;1#2;60;
0226;145239905;1;0;249;1#2;60;
0226;145239906;1;0;252;1#2;60;
0226;145239907;1;0;50;1#2;60;
0226;145239908;1;0;117;1#2;60;
0226;145239909;1;0;231;1#2;60;
0226;145239910;1;0;273;1#2;60;
0226;145239911;1;0;245;1#2;60;
0226;145239912;1;0;451;1#2;60;
0226;145239913;1;0;25;1#2;60;
0226;145239914;1;0;93;1#2;60;
0226;145239915;1;0;37;1#2;60;
0226;145239916;1;0;27;1#2;60;
0226;145239917;1;0;352;1#2;60;
0226;145239918;1;0;532;1#2;60;
0226;145239918;2;150;532;1#2;80;
0226;145239919;1;0;166;1#2;80;
0226;145239920;1;0;80;1#2;80;
0226;145244012;1;0;3;1#2;60;
0226;145244013;1;0;26;1#2;60;
0226;145244014;1;0;42;1#2;60;
0226;145244015;1;0;550;1#2;60;
0226;145244016;1;0;606;1#2;60;
0226;145244017;1;0;188;1#2;60;
0226;145244018;1;0;15;1#2;60;
0226;145244019;1;0;59;1#2;60;
0226;145244020;1;0;392;1#2;60;
0226;145244021;1;0;676;1#2;60;
0226;145244022;1;0;253;1#2;60;
0226;145244023;1;0;208;1#2;60;
0226;145244024;1;0;70;1#2;60;
0226;145244025;1;0;195;1#2;60;
0226;145244026;1;0;470;1#2;60;
0226;145244027;1;0;29;1#2;60;
0226;145244028;1;0;36;1#2;60;
0226;145244029;1;0;503;1#2;60;
0226;145244030;1;0;207;1#2;60;
0226;145244031;1;0;3;1#2;60;
0226;145244032;1;0;63;1#2;80;
0226;145244033;1;0;426;1#2;80;
0226;145244034;1;0;141;1#2;80;
0226;145244035;1;0;136;1#2;80;
0226;145244036;1;0;38;1#2;80;
0226;145244037;1;0;29;1#2;80;
0226;145244038;1;0;3;1#2;80;
0226;145244039;1;0;5;1#2;50;
0226;145244040;1;0;118;1#2;50;
0226;145244041;1;0;69;1#2;50;
0226;145244042;1;0;347;1#2;50;
0226;145244043;1;0;437;1#2;50;
0226;145244043;2;64;437;1#2;80;
0226;145244044;1;0;186;1#2;80;
0226;145244045;1;0;302;1#2;80;
0226;145244046;1;0;197;1#2;80;
0226;145244047;1;0;184;1#2;80;
0226;145244048;1;0;388;1#2;80;
0226;145244049;1;0;429;1#2;80;
0226;145244050;1;0;232;1#2;80;
0226;145244051;1;0;127;1#2;80;
0226;145244052;1;0;203;1#2;80;
0226;145244053;1;0;53;1#2;80;
0226;145244054;1;0;261;1#2;80;
0226;145244055;1;0;101;1#2;80;
0226;145244056;1;0;368;1#2;80;
0226;145244057;1;0;195;1#2;80;
0226;145244058;1;0;4;1#2;80;
0226;145244059;1;0;159;1#2;80;
0226;145244060;1;0;123;1#2;80;
0226;145244061;1;0;156;1#2;80;
0226;145244062;1;0;4;1#2;80;
0226;145244063;1;0;3;1#2;50;
0226;198125494;1;0;6;1#2;50;
0226;198125495;1;0;55;1#2;50;
0226;145244065;1;0;102;1#2;50;
0226;145244066;1;0;132;1#2;50;
0226;145244067;1;0;91;1#2;50;
0226;145244068;1;0;218;1#2;50;
0226;145244069;1;0;356;1#2;50;
0226;145244069;2;22;356;1#2;80;
0226;145244070;1;0;607;1#2;80;
0226;145244071;1;0;401;1#2;80;
0226;145244072;1;0;50;1#2;80;
0226;145244073;1;0;905;1#2;80;
0226;145244074;1;0;434;1#2;80;
0226;145244075;1;0;122;1#2;80;
0226;145244076;1;0;245;1#2;80;
0226;145244077;1;0;299;1#2;80;
0226;145244077;2;263;299;1#2;50;
0226;145244078;1;0;6;1#2;50;
0226;145244079;1;0;36;1#2;50;
0226;145244080;1;0;71;1#2;50;
0226;145244081;1;0;83;1#2;50;
0226;145244082;1;0;77;1#2;50;
0226;145244083;1;0;66;1#2;50;
0226;145244084;1;0;329;1#2;50;
0226;145244085;1;0;14;1#2;50;
0226;145244086;1;0;24;1#2;50;
0226;145244087;1;0;40;1#2;50;
0226;145244088;1;0;8;1#2;50;
0226;145244089;1;0;90;1#2;50;
0226;145244090;1;0;83;1#2;50;
0226;145244091;1;0;6;1#2;50;
0226;247563971;1;0;9;1#2;50;
0226;247563972;1;0;28;1#2;50;
0226;145244093;1;0;12;1#2;50;
0226;145244094;1;0;89;1#2;50;
0226;145244094;2;48;89;1#2;80;
0226;145244095;1;0;31;1#2;80;
0226;145244096;1;0;255;1#2;80;
0226;145244097;1;0;545;1#2;80;
0226;145244098;1;0;225;1#2;80;
0226;145244099;1;0;143;1#2;80;
0226;145244100;1;0;428;1#2;80;
0226;145244101;1;0;17;1#2;80;
0226;145244102;1;0;165;1#2;80;
0226;145244103;1;0;4;1#2;80;
0226;145244104;1;0;61;1#2;80;
0226;145244105;1;0;619;1#2;80;
0226;145244106;1;0;385;1#2;80;
0226;145244107;1;0;4;1#2;80;
0226;145244108;1;0;123;1#2;80;
0226;145244109;1;0;69;1#2;80;
0226;145244110;1;0;908;1#2;80;
0226;145244110;2;754;908;1#2;50;
0226;145244111;1;0;377;1#2;50;
0226;145244112;1;0;50;1#2;50;
0226;145244113;1;0;451;1#2;50;
0226;145244113;2;141;451;1#2;80;
0226;145244114;1;0;45;1#2;80;
0226;145244115;1;0;782;1#2;80;
0226;145244116;1;0;158;1#2;80;
0226;145244117;1;0;317;1#2;80;
0226;145244118;1;0;163;1#2;80;
0226;145244119;1;0;294;1#2;80;
0226;145244120;1;0;302;1#2;80;
0226;145244121;1;0;3;1#2;50;
0226;159597731;1;0;58;1#2;50;
0226;159597732;1;0;113;1#2;50;
0226;145244123;1;0;18;1#2;50;
0226;145244124;1;0;67;1#2;50;
0226;145244125;1;0;62;1#2;50;
0226;145244126;1;0;94;1#2;50;
0226;145244127;1;0;51;1#2;50;
0226;145244128;1;0;47;1#2;50;
0226;145244129;1;0;219;1#2;50;
0226;145244129;1;0;219;1#2;70;
0226;145244129;2;191;219;1#2;80;
0226;145244130;1;0;179;1#2;80;
0226;145244131;1;0;175;1#2;80;
0226;145244132;1;0;246;1#2;80;
0226;145244133;1;0;1061;1#2;80;
0226;145244134;1;0;111;1#2;80;
0226;145244135;1;0;68;1#2;80;
0226;145244136;1;0;1486;1#2;80;
0226;145244137;1;0;72;1#2;80;
0226;145244138;1;0;184;1#2;80;
0226;145244139;1;0;422;1#2;80;
0226;145244140;1;0;546;1#2;80;
0226;145244141;1;0;334;1#2;80;
0226;145244142;1;0;777;1#2;80;
0226;145244143;1;0;18;1#2;80;
0226;145244144;1;0;58;1#2;80;
0226;145244145;1;0;247;1#2;80;
0226;145244146;1;0;6;1#2;80;
0226;145244147;1;0;422;1#2;80;
0226;145244148;1;0;305;1#2;80;
0226;145244149;1;0;1086;1#2;80;
0226;145244150;1;0;749;1#2;80;
0226;145244151;1;0;119;1#2;80;
0226;145244152;1;0;448;1#2;80;
0226;145244153;1;0;233;1#2;80;
0226;145244154;1;0;1420;1#2;80;
0226;145244155;1;0;1157;1#2;80;
0226;145244156;1;0;79;1#2;80;
0226;145244157;1;0;80;1#2;80;
0226;145244158;1;0;37;1#2;80;
0226;145244159;1;0;43;1#2;80;
0226;145244160;1;0;428;1#2;80;
0226;145244161;1;0;47;1#2;80;
0226;145244162;1;0;4;1#2;80;
0226;145244163;1;0;178;1#2;60;
0226;145244164;1;0;456;1#2;60;
0226;145244164;2;352;456;1#2;50;
0226;145244165;1;0;180;1#2;50;
0226;145244166;1;0;193;1#2;50;
0226;145244167;1;0;28;1#2;50;
0226;145244168;1;0;77;1#2;50;
0226;145244169;1;0;698;1#2;50;
0226;145244169;2;24;698;1#2;60;
0226;145244170;1;0;3;1#2;60;
0226;145244171;1;0;75;1#2;50;
0226;145244172;1;0;43;1#2;50;
0226;145244173;1;0;19;1#2;50;
0226;145244174;1;0;95;1#2;50;
0226;145244175;1;0;67;1#2;50;
0226;145244176;1;0;636;1#2;50;
0226;145244176;1;0;636;1#2;60;
0226;145244176;2;423;636;1#2;80;
0226;145244177;1;0;253;1#2;80;
0226;145244178;1;0;49;1#2;80;
0226;198125496;1;0;17;1#2;80;
0226;198125497;1;0;329;1#2;80;
0226;198125498;1;0;237;1#2;80;
0226;198125499;1;0;120;1#2;80;
0226;198125499;2;89;120;1#2;60;
0226;145244181;1;0;437;1#2;60;
0226;145244182;1;0;20;1#2;60;
0226;211914631;1;0;15;1#2;60;
0226;211914632;1;0;60;1#2;60;
0226;145244186;1;0;25;1#2;60;
0226;145244187;1;0;79;1#2;60;
0226;145244188;1;0;7;1#2;60;
0226;145244189;1;0;9;1#2;60;
0226;145244190;1;0;10;1#2;60;
0226;145244191;1;0;46;1#2;60;
0226;145244192;1;0;69;1#2;60;
0226;145244193;1;0;18;1#2;60;
0226;145244197;1;0;49;1#2;60;
0226;145244198;1;0;14;1#2;60;
0226;145244199;1;0;84;1#2;60;
0226;145244200;1;0;104;1#2;60;
0226;145244201;1;0;149;1#2;60;
0226;145244202;1;0;374;1#2;60;
0226;145244203;1;0;227;1#2;60;
0226;145244204;1;0;182;1#2;60;
0226;145244205;1;0;68;1#2;60;
0226;145244206;1;0;97;1#2;60;
0226;145244207;1;0;203;1#2;60;
0226;145244208;1;0;39;1#2;60;
0226;145244209;1;0;120;1#2;60;
0226;145244209;2;10;120;1#2;40;
0226;145244210;1;0;57;1#2;40;
0226;145244211;1;0;43;1#2;40;
0226;145244213;1;0;65;1#2;40;
0226;145244215;1;0;243;1#2;40;
0226;198125500;1;0;22;1#2;40;
0226;198125501;1;0;434;1#2;40;
0226;198125501;2;109;434;1#2;60;
0226;145244217;1;0;184;1#2;60;
0226;145244218;1;0;49;1#2;60;
0226;145244221;1;0;28;1#2;80;
0226;145244222;1;0;14;1#2;80;
0226;198125502;1;0;265;1#2;80;
0226;198125503;1;0;34;1#2;80;
0226;145244224;1;0;445;1#2;80;
0226;145244225;1;0;85;1#2;80;
0226;145244226;1;0;99;1#2;80;
0226;145244227;1;0;167;1#2;80;
0226;145244228;1;0;27;1#2;80;
0226;145244229;1;0;15;1#2;80;
0226;145244230;1;0;39;1#2;80;
0226;145244231;1;0;36;1#2;80;
0226;145244232;1;0;61;1#2;80;
0226;145244233;1;0;284;1#2;80;
0226;145244234;1;0;152;1#2;80;
0226;145244235;1;0;141;1#2;80;
0226;145244236;1;0;495;1#2;80;
0226;145244237;1;0;724;1#2;80;
0226;145244238;1;0;21;1#2;80;
0226;145250587;1;0;322;1#2;80;
0226;145250588;1;0;661;1#2;80;
0226;145250589;1;0;900;1#2;80;
0226;145250657;1;0;16;1#2;80;
0226;145250658;1;0;329;1#2;80;
0226;145250659;1;0;107;1#2;80;
0226;145250660;1;0;9;1#2;80;
0226;145250661;1;0;395;1#2;80;
0226;145250661;2;340;395;1#2;80;
0226;145250662;1;0;11;1#2;80;
0226;145250663;1;0;9;1#2;80;
0226;145250664;1;0;124;1#2;80;
0226;145250665;1;0;137;1#2;80;
0226;145250666;1;0;76;1#2;80;
0226;145250667;1;0;305;1#2;80;
0226;145250668;1;0;28;1#2;80;
0226;145250669;1;0;370;1#2;80;
0226;145250670;1;0;32;1#2;80;
0226;145250671;1;0;5;1#2;80;
0226;145250672;1;0;346;1#2;80;
0226;145250673;1;0;85;1#2;80;
0226;145250673;2;29;85;1#2;60;
0226;145250674;1;0;91;1#2;60;
0226;145250675;1;0;10;1#2;60;
0226;145250680;1;0;151;1#2;60;
0226;145250681;1;0;134;1#2;60;
0226;145250682;1;0;162;1#2;60;
0226;145250683;1;0;95;1#2;60;
0226;145250684;1;0;142;1#2;60;
0226;145250685;1;0;52;1#2;60;
0226;145250686;1;0;37;1#2;60;
0226;145250687;1;0;106;1#2;60;
0226;145250688;1;0;135;1#2;60;
0226;145250689;1;0;47;1#2;60;
0226;145250690;1;0;46;1#2;60;
0226;145250691;1;0;150;1#2;60;
0226;145250692;1;0;132;1#2;60;
0226;157062693;1;0;112;1#2;60;
0226;157062694;1;0;652;1#2;60;
0226;145250694;1;0;294;1#2;60;
0226;145250695;1;0;111;1#2;60;
0226;145250696;1;0;229;1#2;60;
0226;145250697;1;0;283;1#2;60;
0226;145250698;1;0;124;1#2;60;
0226;145250699;1;0;141;1#2;60;
0226;145250700;1;0;136;1#2;60;
0226;145250701;1;0;364;1#2;60;
0226;145250702;1;0;70;1#2;60;
0226;145250703;1;0;197;1#2;60;
0226;145250704;1;0;17;1#2;60;
0226;145250705;1;0;424;1#2;60;
0226;145250706;1;0;36;1#2;60;
0226;145250707;1;0;222;1#2;60;
0226;145250708;1;0;186;1#2;60;
0226;145250708;2;106;186;1#2;50;
0226;145250709;1;0;58;1#2;50;
0226;145250710;1;0;83;1#2;50;
0226;145250711;1;0;104;1#2;50;
0226;145250712;1;0;67;1#2;50;
0226;145250713;1;0;87;1#2;50;
0226;145250714;1;0;179;1#2;50;
0226;145250715;1;0;58;1#2;50;
0226;145250716;1;0;4;1#2;50;
0226;145250717;1;0;200;1#2;50;
0226;145250718;1;0;61;1#2;50;
0226;145250719;1;0;74;1#2;50;
0226;145250720;1;0;59;1#2;50;
0226;145250722;1;0;278;1#2;50;
0226;145250722;2;223;278;1#2;60;
0226;145250723;1;0;316;1#2;60;
0226;145250724;1;0;242;1#2;60;
0226;145250725;1;0;502;1#2;60;
0226;145250725;2;24;502;1#2;80;
0226;145250726;1;0;522;1#2;80;
0226;145250727;1;0;163;1#2;80;
0226;145250732;1;0;352;1#2;80;
0226;145250733;1;0;450;1#2;80;
0226;145250733;2;449;450;1#2;60;
0226;145250734;1;0;78;1#2;60;
0226;145250735;1;0;11;1#2;60;
0226;145250736;1;0;171;1#2;60;
0226;145250737;1;0;5;1#2;60;
0226;145250738;1;0;463;1#2;60;
0226;145250739;1;0;43;1#2;60;
0226;145250740;1;0;211;1#2;60;
0226;145250741;1;0;32;1#2;60;
0226;145250742;1;0;97;1#2;60;
0226;145250743;1;0;122;1#2;60;
0226;145250744;1;0;188;1#2;60;
0226;145250745;1;0;114;1#2;60;
0226;145250745;2;85;114;1#2;50;
0226;145250746;1;0;147;1#2;50;
0226;145250747;1;0;197;1#2;50;
0226;145250748;1;0;205;2;70;
0226;145250748;1;0;205;1#2;50;
0226;145250748;1;0;205;1;80;
0226;145250748;2;201;205;1#2;80;
0226;145250749;1;0;64;1#2;80;
0226;145250750;1;0;81;1#2;80;
0226;145250751;1;0;219;1#2;80;
0226;145250752;1;0;318;1#2;80;
0226;145250753;1;0;116;1#2;80;
0226;145250754;1;0;163;1#2;80;
0226;145250755;1;0;195;1#2;80;
0226;145250756;1;0;249;1#2;80;
0226;145250757;1;0;273;1#2;80;
0226;145250758;1;0;211;1#2;80;
0226;145250759;1;0;236;1#2;80;
0226;145250760;1;0;72;1#2;80;
0226;145250761;1;0;23;1#2;80;
0226;145250762;1;0;667;1#2;80;
0226;145250763;1;0;383;1#2;80;
0226;145250763;2;319;383;1#2;60;
0226;145250764;1;0;12;1#2;60;
0226;145250765;1;0;22;1#2;60;
0226;145250766;1;0;222;1#2;60;
0226;145250767;1;0;334;1#2;60;
0226;145250768;1;0;309;1#2;60;
0226;145250769;1;0;264;1#2;60;
0226;145250770;1;0;399;1#2;60;
0226;145250770;2;76;399;1#2;80;
0226;145250771;1;0;225;1#2;80;
0226;145250772;1;0;142;1#2;80;
0226;145250773;1;0;303;1#2;80;
0226;145250774;1;0;9;1;60;
0226;145250775;1;0;4;1;60;
0226;145250776;1;0;4;1;60;
0226;145250777;1;0;4;1;60;
0226;145250778;1;0;8;1;60;
0226;145250779;1;0;8;1;60;
0226;145250780;1;0;11;1;60;
0226;145250781;1;0;5;1;60;
0226;145250782;1;0;5;1;60;
0226;145250783;1;0;6;1;60;
0226;145250784;1;0;6;1;60;
0226;145250785;1;0;6;1;60;
0226;145250829;1;0;315;1#2;60;
0226;145250830;1;0;130;1#2;60;
0226;145250831;1;0;41;1#2;60;
0226;145250832;1;0;9;1#2;60;
0226;145250833;1;0;612;1#2;60;
0226;145250834;1;0;108;1#2;60;
0226;145250835;1;0;156;1#2;60;
0226;145250836;1;0;53;1#2;60;
0226;145250837;1;0;58;1#2;60;
0226;159567001;1;0;297;1#2;60;
0226;159567001;2;235;297;1#2;50;
0226;159567002;1;0;119;1#2;50;
0226;145250839;1;0;65;1#2;50;
0226;145250840;1;0;288;1#2;50;
0226;145250841;1;0;103;1#2;50;
0226;145250845;1;0;202;1#2;50;
0226;145250846;1;0;7;1#2;50;
0226;145250847;1;0;117;1#2;50;
0226;157062695;1;0;36;1#2;50;
0226;157062696;1;0;166;1#2;50;
0226;145250849;1;0;6;1#2;50;
0226;145250850;1;0;7;1#2;50;
0226;145250851;1;0;31;1#2;50;
0226;145250852;1;0;27;1#2;50;
0226;145250856;1;0;397;1#2;80;
0226;145250857;1;0;747;1#2;80;
0226;145250858;1;0;21;1#2;80;
0226;145250859;1;0;149;1#2;80;
0226;145250860;1;0;143;1#2;80;
0226;145250861;1;0;71;1#2;80;
0226;145250862;1;0;488;1#2;80;
0226;145250863;1;0;835;1#2;80;
0226;145250863;2;471;835;1#2;80;
0226;145250864;1;0;190;1#2;80;
0226;145250865;1;0;63;1#2;80;
0226;145250866;1;0;523;1#2;80;
0226;145250867;1;0;738;1#2;80;
0226;145250868;1;0;227;1#2;80;
0226;145250869;1;0;22;1#2;80;
0226;145250870;1;0;268;1#2;80;
0226;145250871;1;0;142;1#2;80;
0226;145250872;1;0;55;1#2;80;
0226;145250877;1;0;20;1#2;80;
0226;145250877;2;15;20;1#2;60;
0226;145250878;1;0;197;1#2;60;
0226;145250879;1;0;20;1#2;60;
0226;145250880;1;0;190;1#2;60;
0226;145250881;1;0;197;1#2;60;
0226;145251976;1;0;4;1#2;60;
0226;145251977;1;0;46;1#2;60;
0226;145251978;1;0;122;1#2;60;
0226;145251979;1;0;179;1#2;60;
0226;145251979;2;131;179;1#2;50;
0226;145251980;1;0;51;1#2;50;
0226;145251981;1;0;48;1#2;50;
0226;145251982;1;0;290;1#2;50;
0226;145251983;1;0;5;1#2;50;
0226;145251984;1;0;141;1#2;50;
0226;145251985;1;0;78;1#2;50;
0226;145251986;1;0;115;1#2;50;
0226;145251987;1;0;180;1#2;50;
0226;145251988;1;0;839;1;80;
0226;145251988;1;0;839;2;70;
0226;145251988;1;0;839;1#2;50;
0226;145251988;2;141;839;1#2;80;
0226;145251989;1;0;288;1#2;80;
0226;145251990;1;0;701;1#2;80;
0226;145251991;1;0;540;1#2;80;
0226;145251992;1;0;144;1#2;80;
0226;145251992;2;99;144;1#2;60;
0226;145251993;1;0;51;1#2;60;
0226;145251994;1;0;338;1#2;60;
0226;145251994;2;182;338;1#2;50;
0226;145251995;1;0;37;1#2;50;
0226;145251996;1;0;34;1#2;50;
0226;145251997;1;0;323;1#2;50;
0226;145251998;1;0;197;1#2;50;
0226;145251999;1;0;178;1#2;50;
0226;145252000;1;0;143;1#2;50;
0226;145252001;1;0;67;1#2;50;
0226;145252002;1;0;82;1#2;50;
0226;145252003;1;0;112;1#2;50;
0226;145252004;1;0;168;1#2;50;
0226;145252005;1;0;8;1#2;50;
0226;145252006;1;0;38;1#2;50;
0226;145252012;1;0;131;1#2;80;
0226;145252013;1;0;332;1#2;80;
0226;145252014;1;0;78;1#2;80;
0226;145252015;1;0;24;1#2;80;
0226;145252016;1;0;3;1#2;80;
0226;145252017;1;0;15;1#2#2V1;80;
0226;145252018;1;0;45;1#2#2V1;80;
0226;145252019;1;0;204;1#2;80;
0226;145252615;1;0;114;1;100;
0226;145252626;1;0;1558;1;100;
0226;145252627;1;0;9;1;100;
0226;145252628;1;0;276;1;100;
0226;145252629;1;0;8;1;100;
0226;145252630;1;0;203;1;100;
0226;145252631;1;0;3;1;100;
0226;145252632;1;0;105;1;100;
0226;145252633;1;0;8;1;100;
0226;145252634;1;0;12;1;100;
0226;145252635;1;0;389;1;100;
0226;145252636;1;0;13;1;100;
0226;145252637;1;0;22;1;100;
0226;145252638;1;0;3;1;100;
0226;145252639;1;0;79;1;100;
0226;145252640;1;0;294;1;100;
0226;145252641;1;0;5;1;100;
0226;145252642;1;0;1639;1;100;
0226;145252643;1;0;22;1;100;
0226;145252644;1;0;442;1;100;
0226;145252645;1;0;24;1;100;
0226;145252646;1;0;1063;1;100;
0226;145252771;1;0;15;1;100;
0226;145252772;1;0;8;1;100;
0226;145252773;1;0;12;1;100;
0226;145252774;1;0;6;1;100;
0226;145254121;1;0;20;1;80;
0226;145254122;1;0;20;1;80;
0226;145254123;1;0;74;1;60;
0226;145254124;1;0;7;1;60;
0226;145254125;1;0;7;1;60;
0226;145254126;1;0;19;1;60;
0226;145254127;1;0;61;1;60;
0226;145254128;1;0;59;1;60;
0226;145254129;1;0;35;1;50;
0226;145254130;1;0;62;1;80;
0226;145254131;1;0;42;1#1V1;80;
0226;145254132;1;0;11;1;80;
0226;145254133;1;0;85;1;80;
0226;157062699;1;0;17;1;50;
0226;157062700;1;0;24;1;50;
0226;145254139;1;0;15;1;50;
0226;145254140;1;0;7;1;50;
0226;145254141;1;0;10;1;50;
0226;145254142;1;0;40;1;50;
0226;145254143;1;0;40;1;50;
0226;157062701;1;0;8;1;50;
0226;157062702;1;0;16;1;50;
0226;247563973;1;0;12;1;40;
0226;247563974;1;0;11;1;40;
0226;145254146;1;0;11;1;80;
0226;145254147;1;0;5;1;80;
0226;145254148;1;0;25;1;80;
0226;145254149;1;0;54;1;80;
0226;145254150;1;0;42;1#1V1;80;
0226;145254151;1;0;24;1;80;
0226;145254152;1;0;33;1;80;
0226;145254153;1;0;51;1;80;
0226;145254187;1;0;5;1;60;
0226;145254188;1;0;29;1;60;
0226;145254908;1;0;29;1;50;
0226;145254909;1;0;8;1;50;
0226;145254910;1;0;7;1;80;
0226;145254911;1;0;55;1;80;
0226;145254912;1;0;37;1;80;
0226;145254913;1;0;32;1;60;
0226;145254914;1;0;4;1;60;
0226;145254915;1;0;29;1;60;
0226;145254916;1;0;85;1#1V1;60;
0226;145254917;1;0;60;1;60;
0226;145254918;1;0;38;1;40;
0226;145254919;1;0;26;1;40;
0226;145254920;1;0;23;1;60;
0226;145254921;1;0;23;1;80;
0226;145255869;1;0;22;1;50;
0226;157062703;1;0;8;1;50;
0226;157062704;1;0;31;1;50;
0226;145255871;1;0;5;1#2;50;
0226;145255872;1;0;2;1#2;50;
0226;157062705;1;0;17;1;50;
0226;157062706;1;0;5;1;50;
0226;145255874;1;0;10;1;50;
0226;212474650;1;0;5;1;50;
0226;212474651;1;0;32;1;50;
0226;145255876;1;0;8;1;50;
0226;157062707;1;0;2;1;50;
0226;157062708;1;0;26;1;50;
0226;145255878;1;0;7;1#2;50;
0226;145255879;1;0;3;1#2;50;
0226;145255880;1;0;13;1;50;
0226;145255881;1;0;29;1;50;
0226;145255882;1;0;26;1;50;
0226;145256376;1;0;23;1;50;
0226;145256548;1;0;114;2;100;
0226;145256558;1;0;1567;2;100;
0226;145256559;1;0;12;2;100;
0226;145256560;1;0;272;2;100;
0226;145256561;1;0;4;2;100;
0226;145256562;1;0;202;2;100;
0226;145256563;1;0;11;2;100;
0226;145256564;1;0;102;2;100;
0226;145256565;1;0;12;2;100;
0226;145256566;1;0;402;2;100;
0226;145256567;1;0;25;2;100;
0226;145256568;1;0;6;2;100;
0226;145256569;1;0;73;2;100;
0226;145256570;1;0;8;2;100;
0226;145256571;1;0;286;2;100;
0226;145256572;1;0;5;2;100;
0226;145256573;1;0;1661;2;100;
0226;145256574;1;0;3;2;100;
0226;145256575;1;0;460;2;100;
0226;145256576;1;0;3;2;100;
0226;145256577;1;0;1063;2;100;
0226;145257916;1;0;20;2;80;
0226;145257917;1;0;20;2;80;
0226;145257918;1;0;81;2;60;
0226;145257919;1;0;26;2;60;
0226;145257920;1;0;61;2#2V1;60;
0226;145257921;1;0;59;2;60;
0226;145257922;1;0;35;2;50;
0226;145257923;1;0;62;2;80;
0226;145257924;1;0;42;2;80;
0226;145257925;1;0;7;2;80;
0226;145257926;1;0;4;2;80;
0226;145257927;1;0;3;2;80;
0226;145257928;1;0;82;2;80;
0226;157062709;1;0;17;2;50;
0226;157062710;1;0;24;2;50;
0226;145257934;1;0;22;2;50;
0226;145257935;1;0;50;2;50;
0226;145257936;1;0;40;2;50;
0226;157062711;1;0;10;2;50;
0226;157062712;1;0;14;2;50;
0226;247563975;1;0;12;2;40;
0226;247563976;1;0;11;2;40;
0226;145257939;1;0;11;2;80;
0226;145257940;1;0;5;2;80;
0226;145257941;1;0;25;2;80;
0226;145257942;1;0;54;2;80;
0226;145257943;1;0;42;2;80;
0226;145257944;1;0;5;2;80;
0226;145257945;1;0;19;2;80;
0226;145257946;1;0;33;2;80;
0226;145257947;1;0;51;2;80;
0226;145257983;1;0;5;2;60;
0226;145257984;1;0;29;2;60;
0226;145258709;1;0;29;2;50;
0226;145258710;1;0;8;2;50;
0226;145258711;1;0;7;2;80;
0226;145258712;1;0;55;2;80;
0226;145258713;1;0;37;2;80;
0226;145258714;1;0;32;2;60;
0226;145258715;1;0;4;2;60;
0226;145258716;1;0;29;2;60;
0226;145258717;1;0;78;2;60;
0226;145258718;1;0;7;2;60;
0226;145258719;1;0;9;2;60;
0226;145258720;1;0;51;2;60;
0226;145258721;1;0;38;2;40;
0226;145258722;1;0;26;2;40;
0226;145258723;1;0;23;2;60;
0226;145258724;1;0;23;2;80;
0226;145259613;1;0;22;2;50;
0226;157062713;1;0;10;2;50;
0226;157062714;1;0;29;2;50;
0226;157062715;1;0;17;2;50;
0226;157062716;1;0;5;2;50;
0226;145259616;1;0;10;2;50;
0226;212474652;1;0;6;2;50;
0226;212474653;1;0;31;2;50;
0226;145259618;1;0;8;2;50;
0226;157062717;1;0;1;2;50;
0226;157062718;1;0;27;2;50;
0226;145259620;1;0;13;2;50;
0226;145259621;1;0;29;2;50;
0226;145259622;1;0;26;2;50;
0226;145259978;1;0;23;2;50;
0226;145260349;1;0;33;1#2;50;
0226;145260350;1;0;62;1#2;50;
0226;145260351;1;0;36;1#2;50;
0226;145260353;1;0;13;2;40;
0226;145260354;1;0;35;1#2;40;
0226;145260355;1;0;46;1#2;40;
0226;145260357;1;0;13;1;40;
0226;145260358;1;0;12;2;50;
0226;145260359;1;0;12;1;50;
0226;145260360;1;0;13;1;50;
0226;145260361;1;0;13;2;50;
0226;145260362;1;0;5;1#2;50;
0226;145260363;1;0;30;1#2;50;
0226;145260364;1;0;10;1#2;50;
0226;145260365;1;0;9;1;50;
0226;145260366;1;0;7;1;50;
0226;145260367;1;0;6;1;50;
0226;145260368;1;0;7;1;50;
0226;145260369;1;0;6;1;50;
0226;145260370;1;0;5;1;50;
0226;145260371;1;0;5;1;50;
0226;145260372;1;0;4;1;50;
0226;145260373;1;0;6;1;50;
0226;145260374;1;0;8;1;50;
0226;145260546;1;0;205;1#2;30;
0226;159591225;1;0;106;1#2;30;
0226;159591226;1;0;180;1#2;30;
0226;247563977;1;0;169;1#2;30;
0226;247563978;1;0;55;1#2;30;
0226;247563979;1;0;68;1#2;30;
0226;145260549;1;0;242;1#2;30;
0226;145260550;1;0;126;1#2;30;
0226;159831616;1;0;136;1#2;30;
0226;159560253;1;0;189;1#2;50;
0226;159560254;1;0;120;1#2;50;
0226;159560255;1;0;31;1#2;50;
0226;247563984;1;0;8;1#2;50;
0226;247563985;1;0;30;1#2;50;
0226;159560257;1;0;155;1#2;50;
0226;159560258;1;0;41;1#2;50;
0226;159560259;1;0;104;1#2;50;
0226;159560260;1;0;173;1#2;50;
0226;159560261;1;0;146;1#2;50;
0226;159560262;1;0;39;1#2;50;
0226;159560263;1;0;33;1#2;50;
0226;159567003;1;0;11;1#2;50;
0226;159567004;1;0;18;1#2;50;
0226;159567005;1;0;11;1#2;50;
0226;159567006;1;0;63;1#2;50;
0226;247563986;1;0;7;1#2;50;
0226;247563987;1;0;290;1#2;50;
0226;159567008;1;0;90;1#2;50;
0226;159567009;1;0;146;1#2;50;
0226;159567010;1;0;208;1#2;50;
0226;159567011;1;0;68;1#2;50;
0226;159567012;1;0;51;1#2;50;
0226;159567013;1;0;125;1#2;50;
0226;159567014;1;0;11;1#2;50;
0226;159567015;1;0;68;1#2;50;
0226;159567016;1;0;18;1#2;50;
0226;159567017;1;0;11;1#2;50;
0226;159567018;1;0;11;1#2;50;
0226;159567019;1;0;11;1#2;50;
0226;159567020;1;0;37;1#2;50;
0226;159567021;1;0;11;1#2;50;
0226;159567022;1;0;11;1#2;50;
0226;159567023;1;0;69;1#2;50;
0226;159567024;1;0;41;1#2;50;
0226;159567428;1;0;405;1#2;50;
0226;159567429;1;0;574;1#2;50;
0226;159567430;1;0;161;1#2;30;
0226;159567431;1;0;31;1#2;30;
0226;159567432;1;0;6;1#2;50;
0226;159567433;1;0;88;1#2;50;
0226;159567435;1;0;36;1#2;30;
0226;159567436;1;0;183;1#2;30;
0226;198125504;1;0;50;1#2;30;
0226;198125505;1;0;69;1#2;30;
0226;198125506;1;0;101;1#2;30;
0226;198125507;1;0;23;1#2;30;
0226;198125508;1;0;76;1#2;50;
0226;198125509;1;0;4;1#2;50;
0226;159567439;1;0;42;1#2;30;
0226;198125510;1;0;4;1#2;50;
0226;198125511;1;0;103;1#2;50;
0226;159567441;1;0;77;1#2;30;
0226;159567442;1;0;253;1#2;50;
0226;159567443;1;0;16;1#2;50;
0226;159567444;1;0;91;1#2;30;
0226;159567445;1;0;14;1#2;50;
0226;159567446;1;0;49;1#2;30;
0226;159567447;1;0;51;1#2;30;
0226;159567448;1;0;69;1#2;30;
0226;159567449;1;0;371;1#2;50;
0226;159567450;1;0;14;1#2;30;
0226;159567451;1;0;263;1#2;30;
0226;159567452;1;0;107;1#2;30;
0226;159567453;1;0;132;1#2;30;
0226;159567454;1;0;206;1#2;30;
0226;159567455;1;0;35;1#2;30;
0226;159567456;1;0;14;1#2;50;
0226;159567457;1;0;18;1#2;50;
0226;159567458;1;0;68;1#2;30;
0226;159567459;1;0;16;1#2;50;
0226;159567460;1;0;17;1#2;30;
0226;159567461;1;0;114;1#2;30;
0226;159567462;1;0;436;1#2;30;
0226;159567463;1;0;6;1#2;30;
0226;159567464;1;0;24;1#2;30;
0226;159591227;1;0;31;1;50;
0226;159591228;1;0;13;1#2;50;
0226;159591229;1;0;17;1#2;30;
0226;159591230;1;0;187;1#2;30;
0226;159591231;1;0;86;1#2;30;
0226;159591232;1;0;36;1#2;30;
0226;159591233;1;0;48;1#2;30;
0226;159591234;1;0;35;1#2;30;
0226;159591235;1;0;12;1;50;
0226;159591236;1;0;19;1;50;
0226;159591237;1;0;32;1#2;30;
0226;159591238;1;0;150;1#2;30;
0226;159591239;1;0;110;1#2;30;
0226;159591240;1;0;423;1#2;30;
0226;159591241;1;0;134;1#2;30;
0226;159591242;1;0;43;1#2;50;
0226;159591243;1;0;41;1#2;30;
0226;159591244;1;0;38;1#2;30;
0226;159593222;1;0;73;1#2;30;
0226;159593223;1;0;268;1#2;30;
0226;159593224;1;0;50;1#2;50;
0226;159593225;1;0;92;1#2;50;
0226;159593226;1;0;56;1#2;30;
0226;159593227;1;0;53;1#2;30;
0226;159593228;1;0;14;1#2;50;
0226;159593229;1;0;42;1#2;50;
0226;159593230;1;0;75;1#2;30;
0226;159593231;1;0;59;1#2;50;
0226;159593232;1;0;19;1#2;50;
0226;198125512;1;0;5;1#2;50;
0226;198125513;1;0;23;1#2;50;
0226;159593234;1;0;153;1#2;50;
0226;159593235;1;0;221;1#2;50;
0226;159593236;1;0;72;1#2;50;
0226;159593237;1;0;229;1#2;50;
0226;159593238;1;0;114;1#2;50;
0226;159593239;1;0;127;1#2;30;
0226;159593240;1;0;100;1#2;30;
0226;159593241;1;0;58;1#2;30;
0226;159593242;1;0;37;1#2;50;
0226;159593243;1;0;34;1#2;30;
0226;159594145;1;0;216;1#2;30;
0226;159597733;1;0;110;1#2;50;
0226;159831618;1;0;48;2;30;
0226;159831619;1;0;48;1;30;
0226;198125515;1;0;64;1#2;30;
0226;198125516;1;0;21;1#2;30;
0226;198125517;1;0;205;1#2;50;
0226;198125518;1;0;13;1#2;50;
0226;198125519;1;0;13;1#2;50;
0226;198125520;1;0;17;1#2;30;
0226;198125521;1;0;34;1#2;30;
0226;198125522;1;0;43;1#2;30;
0226;198125523;1;0;7;1#2;30;
0226;198125524;1;0;36;1#2;30;
0226;198125525;1;0;5;1#2;30;
0226;198125526;1;0;108;1#2;30;
0226;198125526;1;0;108;1#2;30;
0226;198125527;1;0;17;1#2;30;
0226;198125527;1;0;17;1#2;30;
0226;198125528;1;0;47;1#2;50;
0226;198125558;1;0;147;1#2;50;
0226;198125562;1;0;62;1#2;30;
0226;198125566;1;0;409;1#2;50;
0226;211914640;1;0;100;1#2;30;
0226;211914641;1;0;167;1#2;30;
0226;211914642;1;0;211;1#2;50;
0226;211914645;1;0;70;1#2;30;
0226;211914646;1;0;75;1#2;30;
0226;211914647;1;0;191;1#2;50;
0226;211914650;1;0;104;1#2;30;
0226;211914652;1;0;83;1#2;30;
0226;211914655;1;0;134;1#2;30;
0226;211914656;1;0;236;1#2;30;
0226;211914664;1;0;45;1#2;30;
0226;211914665;1;0;197;1#2;30;
0226;211914666;1;0;38;1#2;30;
0226;211914667;1;0;36;1#2;30;
0226;211914668;1;0;34;1#2;30;
0226;211914669;1;0;123;1#2;30;
0226;211914670;1;0;41;1#2;30;
0226;211914671;1;0;55;1#2;30;
0226;211914671;1;0;55;1#2;30;
0226;211914672;1;0;29;1#2;30;
0226;211914674;1;0;38;1#2;30;
0226;211914680;1;0;79;1#2;30;
0226;211914681;1;0;71;1#2;30;
0226;211914682;1;0;5;1#2;30;
0226;211914683;1;0;50;1#2;30;
0226;211914684;1;0;25;1#2;30;
0226;237409580;1;0;27;1#2;50;
0226;237409581;1;0;64;1#2;30;
0226;237409582;1;0;420;1#2;60;
0226;237409583;1;0;71;1#2;60;
0226;237409584;1;0;212;1#2;60;
0226;237409585;1;0;149;1#2;60;
0226;237409586;1;0;742;1#2;30;
0226;237409587;1;0;461;1#2;60;
0226;237409588;1;0;246;1#2;30;
0226;237409589;1;0;41;1#2;30;
0226;237409590;1;0;359;1#2;30;
0226;237409591;1;0;245;1#2;60;
0226;237409592;1;0;255;1#2;60;
0226;237409593;1;0;147;1#2;60;
0226;237409594;1;0;21;1#2;60;
0226;237409595;1;0;66;1#2;60;
