*0213*2011 VEGNETT*20110511*INNF*20110511*VDB SVNT*AHT
..Eksport-dato 20110511


Komm; TransID;kode;Fra;   Til;felt;Retning;
0213;145169979;1;0;8;1;2;
0213;145169980;1;0;5;1;2;
0213;145169981;1;0;7;1;2;
0213;234422519;1;0;20;1;2;
0213;234422520;1;0;7;1;2;
0213;145169983;1;0;7;1;2;
0213;145169984;1;0;8;1;2;
0213;145169985;1;0;8;1;2;
0213;145169986;1;0;6;1;2;
0213;145169987;1;0;9;1;2;
0213;145169988;1;0;6;1;2;
0213;145169989;1;0;8;1;2;
0213;145169990;1;0;8;1;2;
0213;145169991;1;0;6;1;2;
0213;145169992;1;0;7;1;2;
0213;227981618;1;0;314;2;1;
0213;145235212;1;0;340;1;2;
0213;145235218;1;0;605;1;2;
0213;145235219;1;0;6;1;2;
0213;145235220;1;0;6;1;2;
0213;145235221;1;0;625;1;2;
0213;145235223;1;0;6;1;2;
0213;145235224;1;0;496;1;2;
0213;145235331;1;0;11;1;2;
0213;145235332;1;0;229;1;2;
0213;145235339;1;0;12;1;2;
0213;145235340;1;0;153;1;2;
0213;145235341;1;0;36;1;2;
0213;145235342;1;0;3;1;2;
0213;145235343;1;0;16;1;2;
0213;145235344;1;0;130;1;2;
0213;145235345;1;0;51;1;2;
0213;145235350;1;0;8;1;2;
0213;145235351;1;0;210;1;2;
0213;145235352;1;0;6;1;2;
0213;145235353;1;0;3;1;2;
0213;145235355;1;0;511;1;2;
0213;145235359;1;0;5;1;2;
0213;145235360;1;0;598;1;2;
0213;145235362;1;0;5;1;2;
0213;145235363;1;0;561;1;2;
0213;145235366;1;0;435;1;2;
0213;145235367;1;0;5;1;2;
0213;145235631;1;0;8;1;2;
0213;145235632;1;0;8;1;2;
0213;145235633;1;0;14;1;2;
0213;145235634;1;0;17;1;2;
0213;145235635;1;0;17;1;2;
0213;145235636;1;0;19;1;2;
0213;145235637;1;0;20;1;2;
0213;145235638;1;0;10;1;2;
0213;145235639;1;0;36;1;2;
0213;145235640;1;0;5;1;2;
0213;145235641;1;0;6;1;2;
0213;145235642;1;0;12;1;2;
0213;145235643;1;0;16;1;2;
0213;145235644;1;0;8;1;2;
0213;145235645;1;0;8;1;2;
0213;145238155;1;0;7;1;2;
0213;145238156;1;0;8;1;2;
0213;145238157;1;0;9;1;2;
0213;145238158;1;0;5;1;2;
0213;145238159;1;0;7;1;2;
0213;145238160;1;0;5;1;2;
0213;151141060;1;0;9;1;2;
0213;151141061;1;0;9;1;2;
0213;151141062;1;0;9;1;2;
0213;151141063;1;0;5;1;2;
0213;145238162;1;0;6;1;2;
0213;145238163;1;0;6;1;2;
0213;145238164;1;0;5;1;2;
0213;145238165;1;0;6;1;2;
0213;145238166;1;0;8;1;2;
0213;145238167;1;0;8;1;2;
0213;145238168;1;0;8;1;2;
0213;145238169;1;0;7;1;2;
0213;145238170;1;0;7;1;2;
0213;145238171;1;0;7;1;2;
0213;145238172;1;0;7;1;2;
0213;145238173;1;0;9;1;2;
0213;145238174;1;0;7;1;2;
0213;145238175;1;0;6;1;2;
0213;145238176;1;0;5;1;2;
0213;145238177;1;0;8;1;2;
0213;145238178;1;0;5;1;2;
0213;145238179;1;0;5;1;2;
0213;145238180;1;0;6;1;2;
0213;145238181;1;0;11;1;2;
0213;145238182;1;0;9;1;2;
0213;145238183;1;0;14;1;2;
0213;145238184;1;0;11;1;2;
0213;145238185;1;0;11;1;2;
0213;145238186;1;0;8;1;2;
0213;145238187;1;0;6;1;2;
0213;145238188;1;0;6;1;2;
0213;145238189;1;0;7;1;2;
0213;145238190;1;0;7;1;2;
0213;145238191;1;0;5;1;2;
0213;145238192;1;0;21;1;2;
0213;145238193;1;0;5;1;2;
0213;145238194;1;0;4;1;2;
0213;145241049;1;0;3;1;2;
0213;145241050;1;0;7;1;2;
0213;145241051;1;0;9;1;2;
0213;145241052;1;0;7;1;2;
0213;145241053;1;0;6;1;2;
0213;145241054;1;0;5;1;2;
0213;145241055;1;0;5;1;2;
0213;145241056;1;0;8;1;2;
0213;145249921;1;0;4;1;2;
0213;145249922;1;0;5;1;2;
0213;145249923;1;0;5;1;2;
0213;145249924;1;0;4;1;2;
0213;145249925;1;0;10;1;2;
0213;145249926;1;0;6;1;2;
0213;145249927;1;0;5;1;2;
0213;145249928;1;0;5;1;2;
0213;145249929;1;0;4;1;2;
0213;145249930;1;0;10;1;2;
0213;145249931;1;0;11;1;2;
0213;145249932;1;0;9;1;2;
0213;145249933;1;0;7;1;2;
0213;145249934;1;0;5;1;2;
0213;145249935;1;0;8;1;2;
0213;145249936;1;0;9;1;2;
0213;145249937;1;0;19;1;2;
0213;145249938;1;0;6;1;2;
0213;145249939;1;0;5;1;2;
0213;145249940;1;0;5;1;2;
0213;145249941;1;0;5;1;2;
0213;145249942;1;0;6;1;2;
0213;145249943;1;0;4;1;2;
0213;145249944;1;0;6;1;2;
0213;145249945;1;0;6;1;2;
0213;145249946;1;0;7;1;2;
0213;145249947;1;0;6;1;2;
0213;145249948;1;0;4;1;2;
0213;145249949;1;0;8;1;2;
0213;145249950;1;0;7;1;2;
0213;145249951;1;0;5;1;2;
0213;145249952;1;0;4;1;2;
0213;145249953;1;0;5;1;2;
0213;145249954;1;0;6;1;2;
0213;145249955;1;0;6;1;2;
0213;145249956;1;0;11;1;2;
0213;145251666;1;0;10;1;2;
0213;145251667;1;0;5;1;2;
0213;145251668;1;0;8;1;2;
0213;145251669;1;0;9;1;2;
0213;145251670;1;0;5;1;2;
0213;145251671;1;0;7;1;2;
0213;145251672;1;0;7;1;2;
0213;145251673;1;0;5;1;2;
0213;145251674;1;0;7;1;2;
0213;145251675;1;0;9;1;2;
0213;145251676;1;0;9;1;2;
0213;145251677;1;0;7;1;2;
0213;227981626;1;0;493;1#3;2;
0213;145252554;1;0;4;1#3;2;
0213;145252555;1;0;37;1#3;2;
0213;145252556;1;0;422;1#3;2;
0213;145252557;1;0;9;1#3;2;
0213;145252558;1;0;531;1#3;2;
0213;145252559;1;0;68;1#3;2;
0213;145252560;1;0;59;1#3;2;
0213;145252561;1;0;35;1#3;2;
0213;145252562;1;0;1897;1#3;2;
0213;145252563;1;0;349;1#3;2;
0213;145252703;1;0;10;1;2;
0213;145252704;1;0;10;1;2;
0213;145252705;1;0;10;1;2;
0213;145252706;1;0;10;1;2;
0213;145252742;1;0;31;1;2;
0213;145252743;1;0;3;1;2;
0213;145252744;1;0;5;1;2;
0213;145252745;1;0;6;1;2;
0213;145252746;1;0;3;1;2;
0213;145252747;1;0;39;1;2;
0213;145252748;1;0;10;1;2;
0213;145252749;1;0;25;1;2;
0213;145252750;1;0;5;1;2;
0213;145252751;1;0;10;1;2;
0213;145252752;1;0;10;1;2;
0213;145252753;1;0;10;1;2;
0213;145252823;1;0;63;1#1H1;2;
0213;145252824;1;0;32;1#1H1;2;
0213;145252825;1;0;5;1;2;
0213;145252826;1;0;5;1;2;
0213;145252827;1;0;7;1;2;
0213;145252828;1;0;98;1;2;
0213;145252829;1;0;61;1;2;
0213;145253540;1;0;15;1;2;
0213;145253541;1;0;24;1;2;
0213;145253542;1;0;40;1;2;
0213;145253543;1;0;48;1;2;
0213;145253544;1;0;13;1;2;
0213;145253545;1;0;23;1;2;
0213;145253546;1;0;43;1;2;
0213;145253547;1;0;67;1;2;
0213;145253548;1;0;5;1#3;2;
0213;145253549;1;0;20;1#3;2;
0213;145253550;1;0;3;1#3;2;
0213;145253551;1;0;108;1#1V1;2;
0213;145253552;1;0;48;1;2;
0213;145253553;1;0;4;1;2;
0213;145253554;1;0;35;1;2;
0213;145253555;1;0;5;1;2;
0213;145253556;1;0;30;1;2;
0213;145253557;1;0;19;1;2;
0213;145253558;1;0;18;1#1V1;2;
0213;145253559;1;0;4;1#1V1;2;
0213;145253560;1;0;26;1;2;
0213;145253561;1;0;29;1;2;
0213;145253562;1;0;15;1;2;
0213;145253563;1;0;26;1;2;
0213;145253564;1;0;23;1;2;
0213;145253565;1;0;21;1;2;
0213;145253566;1;0;24;1;2;
0213;145253567;1;0;34;1;2;
0213;145253568;1;0;45;1;2;
0213;145253569;1;0;3;1;2;
0213;145253570;1;0;6;1;2;
0213;145253571;1;0;66;1;2;
0213;145253572;1;0;36;1;2;
0213;145253573;1;0;43;1;2;
0213;145253574;1;0;56;1;2;
0213;145253575;1;0;60;1;2;
0213;145253576;1;0;40;1#1V1;2;
0213;145253577;1;0;3;1;2;
0213;145253578;1;0;38;1;2;
0213;145253627;1;0;33;1#1V1;2;
0213;145253628;1;0;28;1;2;
0213;145253629;1;0;30;1;2;
0213;145253630;1;0;27;1;2;
0213;145253631;1;0;26;1;2;
0213;145253632;1;0;22;1;2;
0213;145254331;1;0;7;1;2;
0213;145254332;1;0;18;1;2;
0213;145254333;1;0;10;1;2;
0213;145254334;1;0;3;1;2;
0213;145254335;1;0;20;1;2;
0213;145254336;1;0;19;1;2;
0213;145254337;1;0;9;1;2;
0213;145254338;1;0;9;1;2;
0213;145254339;1;0;6;1;2;
0213;145254340;1;0;5;1;2;
0213;145254341;1;0;35;1;2;
0213;145254342;1;0;5;1;2;
0213;145254343;1;0;4;1;2;
0213;145254344;1;0;22;1;2;
0213;145254345;1;0;21;1;2;
0213;145254346;1;0;150;1;2;
0213;145254347;1;0;4;1;2;
0213;145254348;1;0;7;1;2;
0213;145254349;1;0;20;1;2;
0213;145254350;1;0;38;1;2;
0213;145254351;1;0;26;1;2;
0213;145254352;1;0;34;1;2;
0213;145254353;1;0;4;1;2;
0213;145254354;1;0;5;1;2;
0213;145254355;1;0;22;1;2;
0213;145254356;1;0;26;1;2;
0213;145254357;1;0;5;1;2;
0213;145254361;1;0;65;1;2;
0213;145254362;1;0;5;1;2;
0213;145254363;1;0;5;1;2;
0213;145254364;1;0;51;1;2;
0213;145254365;1;0;56;1;2;
0213;145254366;1;0;9;1;2;
0213;145254367;1;0;14;1;2;
0213;145254368;1;0;73;1;2;
0213;145254369;1;0;101;1#1V1;2;
0213;145254370;1;0;4;1;2;
0213;145254371;1;0;106;1;2;
0213;145254372;1;0;76;1;2;
0213;145254373;1;0;8;1;2;
0213;145254374;1;0;11;1;2;
0213;145254375;1;0;4;1;2;
0213;145254376;1;0;37;1;2;
0213;145254377;1;0;96;1;2;
0213;145254378;1;0;34;1;2;
0213;145254379;1;0;5;1;2;
0213;145254380;1;0;10;1;2;
0213;145254381;1;0;7;1;2;
0213;145254382;1;0;95;1;2;
0213;145254383;1;0;36;1;2;
0213;145254384;1;0;6;1;2;
0213;145254385;1;0;7;1;2;
0213;145254386;1;0;7;1;2;
0213;145254387;1;0;12;1;2;
0213;145254445;1;0;12;1;2;
0213;145254446;1;0;5;1;2;
0213;276848617;1;0;11;1;2;
0213;276848618;1;0;16;1;2;
0213;276848619;1;0;10;1;2;
0213;276848620;1;0;12;1;2;
0213;145255495;1;0;35;1;2;
0213;145255496;1;0;18;1;2;
0213;145255497;1;0;25;1;2;
0213;145255500;1;0;32;1;2;
0213;145255501;1;0;17;1;2;
0213;145255502;1;0;21;1;2;
0213;145255503;1;0;36;1;2;
0213;145255504;1;0;25;1;2;
0213;145255505;1;0;22;1;2;
0213;145255506;1;0;20;1;2;
0213;145255507;1;0;48;1;2;
0213;145255508;1;0;17;1;2;
0213;145255509;1;0;4;1;2;
0213;145255510;1;0;11;1;2;
0213;145255511;1;0;25;1;2;
0213;145255512;1;0;25;1;2;
0213;145255513;1;0;23;1;2;
0213;145255514;1;0;37;1;2;
0213;145255515;1;0;9;1;2;
0213;145255516;1;0;32;1;2;
0213;145255517;1;0;4;1;2;
0213;145255518;1;0;6;1;2;
0213;145255519;1;0;28;1;2;
0213;145255520;1;0;12;1;2;
0213;145255521;1;0;18;1;2;
0213;276848621;1;0;11;1;2;
0213;276848622;1;0;23;1;2;
0213;145255523;1;0;12;1;2;
0213;145255524;1;0;20;1;2;
0213;145255525;1;0;31;1;2;
0213;145255528;1;0;41;1;2;
0213;145255529;1;0;31;1;2;
0213;145255530;1;0;24;1;2;
0213;145255531;1;0;30;1;2;
0213;145255532;1;0;33;1;2;
0213;145255533;1;0;81;1;2;
0213;145255534;1;0;3;1;2;
0213;145255535;1;0;2;1;2;
0213;145255536;1;0;91;1;2;
0213;145255537;1;0;45;1;2;
0213;145255538;1;0;30;1;2;
0213;145255539;1;0;30;1;2;
0213;145255540;1;0;37;1;2;
0213;145256161;1;0;10;1;2;
0213;145256162;1;0;33;1;2;
0213;145256167;1;0;8;1;2;
0213;145256168;1;0;32;1;2;
0213;246301568;1;0;11;1;2;
0213;246301569;1;0;11;1;2;
0213;145256170;1;0;31;1;2;
0213;145256375;1;0;26;1;2;
0213;145256480;1;0;9;2;1;
0213;145256481;1;0;605;2;1;
0213;145256482;1;0;4;2;1;
0213;145256483;1;0;37;2#4;1;
0213;145256484;1;0;431;2#4;1;
0213;145256485;1;0;8;2#4;1;
0213;145256486;1;0;519;2#4;1;
0213;145256487;1;0;4;2#4;1;
0213;145256488;1;0;65;2#4;1;
0213;145256489;1;0;3;2#4;1;
0213;145256490;1;0;59;2#4;1;
0213;145256491;1;0;5;2#4;1;
0213;145256492;1;0;30;2#4;1;
0213;145256493;1;0;1887;2#4;1;
0213;145256494;1;0;10;2#4;1;
0213;145256495;1;0;349;2#4;1;
0213;145256648;1;0;31;2;1;
0213;145256649;1;0;3;2;1;
0213;145256650;1;0;5;2;1;
0213;145256651;1;0;5;2;1;
0213;145256652;1;0;4;2;1;
0213;145256653;1;0;39;2;1;
0213;145256654;1;0;25;2;1;
0213;145256655;1;0;5;2;1;
0213;145256682;1;0;63;2;1;
0213;145256683;1;0;32;2#2H1;1;
0213;145256684;1;0;10;2#2H1;1;
0213;145256685;1;0;7;2;1;
0213;145256686;1;0;98;2#2V1;1;
0213;145256687;1;0;61;2;1;
0213;145257350;1;0;15;2;1;
0213;145257351;1;0;24;2;1;
0213;145257352;1;0;40;2;1;
0213;145257353;1;0;48;2;1;
0213;145257354;1;0;13;2;1;
0213;145257355;1;0;23;2#2V1;1;
0213;145257356;1;0;37;2;1;
0213;145257357;1;0;6;2;1;
0213;145257358;1;0;5;2;1;
0213;145257359;1;0;62;2;1;
0213;145257360;1;0;5;2#2V1;1;
0213;145257361;1;0;20;2#2V1;1;
0213;145257362;1;0;3;2#2V1;1;
0213;145257363;1;0;108;2#4;1;
0213;145257364;1;0;48;2#2H1;1;
0213;145257365;1;0;4;2;1;
0213;145257366;1;0;35;2;1;
0213;145257367;1;0;5;2;1;
0213;145257368;1;0;30;2#2V1;1;
0213;145257369;1;0;19;2;1;
0213;145257370;1;0;18;2;1;
0213;145257371;1;0;4;2;1;
0213;145257372;1;0;26;2;1;
0213;145257373;1;0;29;2;1;
0213;145257374;1;0;15;2;1;
0213;145257375;1;0;26;2;1;
0213;145257376;1;0;23;2;1;
0213;145257377;1;0;21;2;1;
0213;145257378;1;0;24;2;1;
0213;145257379;1;0;34;2;1;
0213;145257380;1;0;48;2;1;
0213;145257381;1;0;72;2;1;
0213;145257382;1;0;36;2#2V1;1;
0213;145257383;1;0;43;2;1;
0213;145257384;1;0;56;2;1;
0213;145257385;1;0;60;2;1;
0213;145257386;1;0;35;2;1;
0213;145257387;1;0;5;2;1;
0213;145257388;1;0;5;2;1;
0213;145257389;1;0;9;2;1;
0213;145257390;1;0;27;2;1;
0213;145257444;1;0;33;2;1;
0213;145257445;1;0;28;2;1;
0213;145257446;1;0;30;2;1;
0213;145257447;1;0;27;2;1;
0213;145257448;1;0;26;2;1;
0213;145257449;1;0;3;2;1;
0213;145257450;1;0;19;2;1;
0213;145258126;1;0;7;2;1;
0213;145258127;1;0;18;2;1;
0213;145258128;1;0;10;2;1;
0213;145258129;1;0;3;2;1;
0213;145258130;1;0;39;2;1;
0213;145258131;1;0;9;2;1;
0213;145258132;1;0;9;2;1;
0213;145258133;1;0;6;2;1;
0213;145258134;1;0;5;2;1;
0213;145258135;1;0;35;2;1;
0213;145258136;1;0;5;2;1;
0213;145258137;1;0;4;2;1;
0213;145258138;1;0;3;2;1;
0213;145258139;1;0;19;2;1;
0213;145258140;1;0;22;2;1;
0213;145258141;1;0;149;2;1;
0213;145258142;1;0;4;2;1;
0213;145258143;1;0;7;2;1;
0213;145258144;1;0;20;2;1;
0213;145258145;1;0;38;2;1;
0213;145258146;1;0;9;2;1;
0213;145258147;1;0;17;2;1;
0213;145258148;1;0;34;2;1;
0213;145258149;1;0;4;2;1;
0213;145258150;1;0;5;2;1;
0213;145258151;1;0;22;2;1;
0213;145258152;1;0;26;2;1;
0213;145258153;1;0;5;2;1;
0213;145258157;1;0;66;2;1;
0213;145258158;1;0;9;2#2V1;1;
0213;145258159;1;0;51;2#2V1;1;
0213;145258160;1;0;56;2;1;
0213;145258161;1;0;9;2;1;
0213;145258162;1;0;14;2;1;
0213;145258163;1;0;73;2;1;
0213;145258164;1;0;98;2;1;
0213;145258165;1;0;2;2;1;
0213;145258166;1;0;5;2;1;
0213;145258167;1;0;106;2;1;
0213;145258168;1;0;76;2;1;
0213;145258169;1;0;19;2#2V1;1;
0213;145258170;1;0;41;2#2V1;1;
0213;145258171;1;0;96;2;1;
0213;145258172;1;0;34;2;1;
0213;145258173;1;0;5;2;1;
0213;145258174;1;0;11;2;1;
0213;145258175;1;0;6;2;1;
0213;145258176;1;0;95;2;1;
0213;145258177;1;0;36;2;1;
0213;145258178;1;0;6;2;1;
0213;145258179;1;0;7;2;1;
0213;145258180;1;0;7;2;1;
0213;145258181;1;0;12;2;1;
0213;145258240;1;0;12;2;1;
0213;145258241;1;0;5;2;1;
0213;276848623;1;0;11;2;1;
0213;276848624;1;0;16;2;1;
0213;276848625;1;0;9;2;1;
0213;276848626;1;0;13;2;1;
0213;145259289;1;0;35;2;1;
0213;145259290;1;0;18;2;1;
0213;145259291;1;0;25;2;1;
0213;145259292;1;0;32;2;1;
0213;145259293;1;0;17;2;1;
0213;145259294;1;0;21;2;1;
0213;145259295;1;0;36;2;1;
0213;145259296;1;0;25;2;1;
0213;145259297;1;0;22;2;1;
0213;145259298;1;0;20;2;1;
0213;145259299;1;0;48;2;1;
0213;145259300;1;0;17;2;1;
0213;145259301;1;0;3;2;1;
0213;145259302;1;0;12;2;1;
0213;145259303;1;0;25;2;1;
0213;145259304;1;0;25;2;1;
0213;145259305;1;0;23;2;1;
0213;145259306;1;0;37;2;1;
0213;145259307;1;0;10;2;1;
0213;145259308;1;0;31;2;1;
0213;145259309;1;0;4;2;1;
0213;145259310;1;0;6;2;1;
0213;145259311;1;0;28;2;1;
0213;145259312;1;0;12;2;1;
0213;145259313;1;0;18;2;1;
0213;276848627;1;0;14;2;1;
0213;276848628;1;0;20;2;1;
0213;145259315;1;0;12;2;1;
0213;145259316;1;0;20;2;1;
0213;145259317;1;0;31;2;1;
0213;145259318;1;0;41;2;1;
0213;145259319;1;0;31;2;1;
0213;145259320;1;0;24;2;1;
0213;145259321;1;0;30;2;1;
0213;145259322;1;0;33;2;1;
0213;145259323;1;0;84;2;1;
0213;145259324;1;0;93;2;1;
0213;145259325;1;0;45;2;1;
0213;145259326;1;0;30;2;1;
0213;145259327;1;0;30;2;1;
0213;145259328;1;0;37;2;1;
0213;145259858;1;0;10;2;1;
0213;145259859;1;0;33;2;1;
0213;145259860;1;0;8;2;1;
0213;145259861;1;0;12;2;1;
0213;145259862;1;0;20;2;1;
0213;145259863;1;0;22;2;1;
0213;145259864;1;0;31;2;1;
0213;145259977;1;0;26;2;1;
0213;145259987;1;0;42;1H1;2;
0213;145260123;1;0;21;1;2;
0213;145260125;1;0;21;2;1;
0213;151141077;1;0;44;2;1;
0213;151141081;1;0;44;1;2;
0213;157011826;1;0;12;2;1;
0213;157011827;1;0;46;2;1;
0213;157011831;1;0;12;1;2;
0213;157011832;1;0;46;1;2;
0213;157011833;1;0;22;1;2;
0213;157011834;1;0;22;2;1;
0213;157011845;1;0;22;2;1;
0213;157011846;1;0;22;1;2;
0213;157011847;1;0;8;1;2;
0213;157011848;1;0;6;1;2;
0213;157011849;1;0;4;1;2;
0213;157011850;1;0;10;1;2;
0213;157011851;1;0;6;1;2;
0213;157011852;1;0;6;1;2;
0213;157011853;1;0;24;1;2;
0213;157011854;1;0;5;1;2;
0213;157011855;1;0;6;1;2;
0213;211496103;1;0;23;1;2;
0213;211496104;1;0;6;1;2;
0213;211496128;1;0;21;2;1;
0213;211496129;1;0;8;2;1;
0213;227981630;1;0;710;2#4;1;
0213;227981634;1;0;710;1#3;2;
0213;227981647;1;0;379;1;2;
0213;227981648;1;0;21;1;2;
0213;227981666;1;0;30;;;
0213;227981668;1;0;27;1;2;
0213;227981669;1;0;1243;2#4;1;
0213;227981671;1;0;75;2#4;1;
0213;227981672;1;0;210;2#4;1;
0213;227981673;1;0;865;2#4;1;
0213;227981681;1;0;1243;1#3#5;2;
0213;227981683;1;0;75;1#3#5;2;
0213;227981684;1;0;35;1#3#5;2;
0213;227981685;1;0;788;1#3#5;2;
0213;227981686;1;0;252;1#3#5;2;
0213;227981700;1;0;123;1;2;
0213;227981701;1;0;251;1;2;
0213;227981702;1;0;138;1;2;
