*0239*2011 VEGNETT*20110511*FART*20110511*VDB SVNT*AHT
..Eksport-dato 20110511
50;

Komm; TransID;kode;Fra;   Til;felt; Fart;
0239;145167848;1;0;233;1#2;30;
0239;145167849;1;0;355;1#2;30;
0239;145167863;1;0;400;1#2;30;
0239;157022352;1;0;6;1#2;50;
0239;145189751;1;0;99;1#2;30;
0239;145189752;1;0;105;1#2;50;
0239;145189753;1;0;64;1#2;50;
0239;145189754;1;0;127;1#2;30;
0239;145189755;1;0;12;1#2;50;
0239;145189756;1;0;52;1#2;50;
0239;145189757;1;0;92;1#2;50;
0239;145189758;1;0;70;1#2;50;
0239;145189759;1;0;69;1#2;50;
0239;145189760;1;0;51;1#2;30;
0239;145189761;1;0;49;1#2;50;
0239;145189762;1;0;62;1#2;30;
0239;145189763;1;0;187;1#2;30;
0239;157022354;1;0;7;1#2;50;
0239;157022355;1;0;53;1#2;50;
0239;145189765;1;0;104;1#2;50;
0239;157022356;1;0;7;1#2;50;
0239;157022357;1;0;9;1#2;50;
0239;145189767;1;0;163;1#2;30;
0239;145189768;1;0;67;1#2;30;
0239;145189769;1;0;76;1#2;30;
0239;145189770;1;0;102;1#2;30;
0239;145189771;1;0;193;1#2;30;
0239;145189772;1;0;60;1#2;30;
0239;145189773;1;0;33;1#2;30;
0239;145189774;1;0;66;1#2;30;
0239;145189775;1;0;71;1#2;30;
0239;145189776;1;0;6;1#2;30;
0239;145189777;1;0;135;1#2;30;
0239;145189778;1;0;71;1#2;30;
0239;145189779;1;0;58;1#2;30;
0239;157022358;1;0;10;1#2;50;
0239;157022359;1;0;134;1#2;50;
0239;145189781;1;0;162;1#2;30;
0239;145189782;1;0;69;1#2;30;
0239;145189783;1;0;70;1#2;30;
0239;145189784;1;0;405;1#2;30;
0239;145189785;1;0;68;1#2;30;
0239;145189786;1;0;73;1#2;30;
0239;145189787;1;0;72;1#2;30;
0239;145189788;1;0;51;1#2;30;
0239;145189789;1;0;45;1#2;30;
0239;145189790;1;0;53;1#2;30;
0239;145189791;1;0;214;1#2;30;
0239;145189792;1;0;285;1#2;50;
0239;145189793;1;0;36;1#2;50;
0239;145189794;1;0;569;1#2;30;
0239;145189795;1;0;104;1#2;30;
0239;145189796;1;0;39;1#2;30;
0239;145189797;1;0;18;1#2;30;
0239;145189798;1;0;78;1#2;30;
0239;145189799;1;0;70;1#2;30;
0239;145189800;1;0;104;1#2;30;
0239;145189801;1;0;8;1#2;30;
0239;145189802;1;0;170;1#2;30;
0239;145189803;1;0;24;1#2;30;
0239;145189804;1;0;110;1#2;30;
0239;145189805;1;0;27;1#2;30;
0239;145189806;1;0;61;1#2;30;
0239;212421615;1;0;125;1#2;30;
0239;212421616;1;0;33;1#2;30;
0239;145189808;1;0;121;1#2;30;
0239;145189809;1;0;524;1#2;30;
0239;145189810;1;0;12;1#2;50;
0239;157022360;1;0;15;1#2;50;
0239;157022361;1;0;6;1#2;50;
0239;145189812;1;0;42;1#2;30;
0239;145189813;1;0;66;1#2;30;
0239;145189814;1;0;237;1#2;30;
0239;145189815;1;0;83;1#2;30;
0239;145189816;1;0;41;1#2;30;
0239;145189817;1;0;52;1#2;30;
0239;145189818;1;0;16;1#2;30;
0239;145189819;1;0;53;1#2;30;
0239;145189820;1;0;44;1#2;30;
0239;145189821;1;0;51;1#2;30;
0239;145189822;1;0;156;1#2;30;
0239;145189823;1;0;185;1#2;30;
0239;145189824;1;0;24;1#2;30;
0239;145189825;1;0;95;1#2;30;
0239;145189826;1;0;304;1#2;30;
0239;145189827;1;0;142;1#2;30;
0239;145189828;1;0;157;1#2;30;
0239;157022362;1;0;7;1#2;30;
0239;157022363;1;0;64;1#2;30;
0239;145189830;1;0;45;1#2;30;
0239;145189831;1;0;124;1#2;30;
0239;145189832;1;0;31;1#2;30;
0239;145189833;1;0;36;1#2;30;
0239;145189834;1;0;20;1#2;50;
0239;145189835;1;0;29;1#2;50;
0239;145189836;1;0;69;1#2;30;
0239;145189837;1;0;116;1#2;50;
0239;145189838;1;0;92;1#2;50;
0239;145189839;1;0;16;1#2;50;
0239;145189840;1;0;57;1#2;50;
0239;145189841;1;0;66;1#2;50;
0239;145189842;1;0;194;1#2;50;
0239;145189843;1;0;164;1#2;50;
0239;145189844;1;0;191;1#2;50;
0239;145189845;1;0;26;1#2;50;
0239;145189846;1;0;110;1#2;50;
0239;145189847;1;0;9;1#2;50;
0239;145189848;1;0;117;1#2;50;
0239;145189849;1;0;108;1#2;50;
0239;145189850;1;0;37;1#2;50;
0239;145189851;1;0;121;1#2;50;
0239;145189852;1;0;329;1#2;50;
0239;145189853;1;0;95;1#2;50;
0239;145189854;1;0;40;1#2;50;
0239;145189855;1;0;13;1#2;50;
0239;145189856;1;0;110;1#2;50;
0239;145189857;1;0;70;1#2;50;
0239;145189858;1;0;481;1#2;50;
0239;145189859;1;0;36;1#2;50;
0239;145189860;1;0;261;1#2;50;
0239;145189861;1;0;297;1#2;50;
0239;145189862;1;0;242;1#2;50;
0239;145189863;1;0;160;1#2;50;
0239;145189864;1;0;838;1#2;50;
0239;145189865;1;0;86;1#2;30;
0239;145189866;1;0;29;1#2;30;
0239;272138742;1;0;87;1#2;30;
0239;272138743;1;0;28;1#2;30;
0239;157022365;1;0;20;1#2;30;
0239;212421617;1;0;7;1#2;30;
0239;212421618;1;0;96;1#2;30;
0239;145189869;1;0;42;1#2;30;
0239;145189870;1;0;44;1#2;30;
0239;145189871;1;0;56;1#2;50;
0239;212421619;1;0;47;1#2;50;
0239;212421620;1;0;45;1#2;50;
0239;212421621;1;0;75;1#2;50;
0239;145189873;1;0;17;1#2;50;
0239;145225899;1;0;98;1#2;30;
0239;145225900;1;0;83;1#2;30;
0239;145225901;1;0;61;1#2;30;
0239;145225902;1;0;145;1#2;30;
0239;145225903;1;0;97;1#2;30;
0239;145225904;1;0;136;1#2;30;
0239;145225905;1;0;144;1#2;30;
0239;145225906;1;0;90;1#2;30;
0239;145225907;1;0;296;1#2;30;
0239;145225908;1;0;100;1#2;30;
0239;145225909;1;0;120;1#2;30;
0239;145225910;1;0;87;1#2;30;
0239;145225911;1;0;103;1#2;30;
0239;145225912;1;0;53;1#2;30;
0239;145225913;1;0;34;1#2;30;
0239;145225914;1;0;23;1#2;30;
0239;145225915;1;0;23;1#2;30;
0239;145225916;1;0;272;1#2;30;
0239;145225917;1;0;11;1#2;30;
0239;145225918;1;0;7;1#2;30;
0239;145225919;1;0;76;1#2;30;
0239;145225920;1;0;196;1#2;30;
0239;145225921;1;0;107;1#2;30;
0239;145225922;1;0;201;1#2;30;
0239;145225923;1;0;19;1#2;30;
0239;145225924;1;0;89;1#2;30;
0239;145225925;1;0;58;1#2;30;
0239;145225926;1;0;29;1#2;30;
0239;145225927;1;0;302;1#2;30;
0239;145225928;1;0;69;1#2;30;
0239;145225929;1;0;26;1#2;30;
0239;145225930;1;0;68;1#2;30;
0239;145225931;1;0;10;1#2;30;
0239;145225932;1;0;281;1#2;30;
0239;145225934;1;0;251;1#2;30;
0239;145225935;1;0;26;1#2;30;
0239;145225936;1;0;83;1#2;30;
0239;145225937;1;0;144;1#2;30;
0239;145225938;1;0;10;1#2;30;
0239;145225939;1;0;137;1#2;30;
0239;145225940;1;0;39;1#2;30;
0239;212415063;1;0;113;1#2;30;
0239;145225942;1;0;206;1#2;30;
0239;212411122;1;0;91;1#2;30;
0239;212411123;1;0;221;1#2;30;
0239;145225944;1;0;209;1#2;30;
0239;145225945;1;0;24;1#2;30;
0239;145225946;1;0;119;1#2;30;
0239;145225947;1;0;166;1#2;30;
0239;145225948;1;0;47;1#2;30;
0239;145225949;1;0;87;1#2;30;
0239;145225950;1;0;101;1#2;30;
0239;145225951;1;0;183;1#2;30;
0239;145225952;1;0;82;1#2;30;
0239;145225953;1;0;168;1#2;30;
0239;145225954;1;0;50;1#2;30;
0239;145225955;1;0;18;1#2;30;
0239;145225956;1;0;12;1#2;30;
0239;145225957;1;0;229;1#2;30;
0239;145225958;1;0;169;1#2;30;
0239;145225959;1;0;4;1#2;30;
0239;145225960;1;0;49;1#2;30;
0239;145225961;1;0;59;1#2;30;
0239;145225962;1;0;299;1#2;30;
0239;145225963;1;0;481;1#2;30;
0239;145225964;1;0;349;1#2;30;
0239;145225965;1;0;15;1#2;30;
0239;145225966;1;0;16;1#2;30;
0239;145225967;1;0;74;1#2;30;
0239;145225968;1;0;585;1#2;30;
0239;145225969;1;0;29;1#2;30;
0239;145225970;1;0;323;1#2;30;
0239;145225971;1;0;478;1#2;30;
0239;145225972;1;0;15;1#2;30;
0239;145225973;1;0;229;1#2;30;
0239;145225974;1;0;53;1#2;30;
0239;145225975;1;0;250;1#2;30;
0239;145225976;1;0;398;1#2;30;
0239;145225977;1;0;75;1#2;30;
0239;145225978;1;0;63;1#2;30;
0239;212410581;1;0;131;1#2;30;
0239;212410582;1;0;9;1#2;30;
0239;145225980;1;0;82;1#2;30;
0239;145225981;1;0;12;1#2;30;
0239;145225982;1;0;118;1#2;30;
0239;145225983;1;0;181;1#2;30;
0239;145225984;1;0;62;1#2;30;
0239;145225985;1;0;201;1#2;30;
0239;145225986;1;0;4;1#2;30;
0239;145225987;1;0;32;1#2;30;
0239;145225988;1;0;44;1#2;30;
0239;145225989;1;0;160;1#2;30;
0239;145225990;1;0;66;1#2;30;
0239;145225991;1;0;134;1#2;30;
0239;145225992;1;0;250;1#2;30;
0239;145225993;1;0;70;1#2;30;
0239;145225994;1;0;11;1#2;30;
0239;212421622;1;0;217;1#2;30;
0239;212421623;1;0;7;1#2;30;
0239;212421624;1;0;81;1#2;30;
0239;212421625;1;0;93;1#2;30;
0239;212422586;1;0;112;1#2;30;
0239;212422587;1;0;337;1#2;30;
0239;145225999;1;0;130;1#2;30;
0239;145226000;1;0;314;1#2;30;
0239;145226001;1;0;108;1#2;30;
0239;145226002;1;0;140;1#2;30;
0239;145226004;1;0;168;1#2;30;
0239;145226005;1;0;35;1#2;30;
0239;145226006;1;0;5;1#2;30;
0239;145226007;1;0;505;1#2;50;
0239;145226008;1;0;25;1#2;30;
0239;145226009;1;0;144;1#2;30;
0239;145226010;1;0;66;1#2;30;
0239;145226011;1;0;228;1#2;30;
0239;145226012;1;0;68;1#2;30;
0239;145226013;1;0;62;1#2;30;
0239;145226014;1;0;27;1#2;30;
0239;145226015;1;0;172;1#2;30;
0239;145226016;1;0;111;1#2;30;
0239;145226017;1;0;39;1#2;30;
0239;145226018;1;0;72;1#2;30;
0239;145226019;1;0;73;1#2;30;
0239;145226020;1;0;50;1#2;30;
0239;145226021;1;0;63;1#2;30;
0239;145226022;1;0;23;1#2;30;
0239;145226023;1;0;14;1#2;30;
0239;145226024;1;0;25;1#2;30;
0239;145226025;1;0;49;1#2;30;
0239;145226026;1;0;157;1#2;30;
0239;145226027;1;0;103;1#2;30;
0239;145226028;1;0;52;1#2;30;
0239;145226029;1;0;57;1#2;30;
0239;145226030;1;0;13;1#2;30;
0239;145226031;1;0;80;1#2;30;
0239;145226032;1;0;52;1#2;30;
0239;145226033;1;0;57;1#2;30;
0239;145226034;1;0;76;1#2;30;
0239;145226035;1;0;140;1#2;30;
0239;145226036;1;0;23;1#2;30;
0239;145226037;1;0;160;1#2;30;
0239;145226038;1;0;92;1#2;30;
0239;145226039;1;0;90;1#2;30;
0239;145226040;1;0;98;1#2;30;
0239;145226041;1;0;31;1#2;30;
0239;145226042;1;0;27;1#2;30;
0239;145226043;1;0;267;1#2;30;
0239;145226044;1;0;30;1#2;30;
0239;145226045;1;0;66;1#2;30;
0239;145226046;1;0;305;1#2;30;
0239;212417977;1;0;12;1#2;30;
0239;212417978;1;0;107;1#2;30;
0239;157022366;1;0;7;1#2;30;
0239;157022367;1;0;60;1#2;30;
0239;145226049;1;0;4;1#2;30;
0239;145226050;1;0;35;1#2;30;
0239;145226051;1;0;126;1#2;30;
0239;145226052;1;0;12;1#2;30;
0239;145226053;1;0;77;1#2;30;
0239;145226054;1;0;154;1#2;30;
0239;145226055;1;0;52;1#2;30;
0239;145226056;1;0;50;1#2;30;
0239;145226057;1;0;63;1#2;30;
0239;145226058;1;0;54;1#2;30;
0239;145226059;1;0;42;1#2;30;
0239;145226060;1;0;62;1#2;30;
0239;145226061;1;0;30;1#2;30;
0239;145226062;1;0;50;1#2;30;
0239;145226063;1;0;67;1#2;30;
0239;145226064;1;0;55;1#2;30;
0239;145226065;1;0;56;1#2;30;
0239;145226066;1;0;39;1#2;30;
0239;145226067;1;0;32;1#2;30;
0239;145226068;1;0;79;1#2;30;
0239;145226069;1;0;124;1#2;30;
0239;145226070;1;0;207;1#2;30;
0239;145226071;1;0;71;1#2;30;
0239;145226072;1;0;22;1#2;30;
0239;145226073;1;0;29;1#2;30;
0239;145226074;1;0;126;1#2;30;
0239;145226075;1;0;102;1#2;30;
0239;145226076;1;0;194;1#2;30;
0239;145226077;1;0;9;1#2;30;
0239;145226078;1;0;14;1#2;30;
0239;145226079;1;0;33;1#2;30;
0239;145226080;1;0;46;1#2;30;
0239;145226081;1;0;86;1#2;30;
0239;145226082;1;0;3;1#2;30;
0239;145226083;1;0;32;1#2;30;
0239;145226084;1;0;65;1#2;30;
0239;145226085;1;0;197;1#2;30;
0239;145226086;1;0;85;1#2;30;
0239;145226087;1;0;38;1#2;30;
0239;145226088;1;0;22;1#2;30;
0239;145226089;1;0;83;1#2;30;
0239;145226090;1;0;180;1#2;30;
0239;145226091;1;0;101;1#2;30;
0239;145226092;1;0;117;1#2;30;
0239;145226093;1;0;106;1#2;30;
0239;145226094;1;0;36;1#2;30;
0239;145226095;1;0;54;1#2;30;
0239;145226096;1;0;53;1#2;30;
0239;145226097;1;0;33;1#2;30;
0239;145226098;1;0;230;1#2;30;
0239;145226099;1;0;54;1#2;30;
0239;145226100;1;0;41;1#2;30;
0239;145226101;1;0;118;1#2;30;
0239;145226102;1;0;19;1#2;30;
0239;145226103;1;0;30;1#2;30;
0239;145226104;1;0;134;1#2;30;
0239;145226105;1;0;15;1#2;30;
0239;145226106;1;0;41;1#2;30;
0239;145226107;1;0;43;1#2;30;
0239;145226108;1;0;43;1#2;30;
0239;145226109;1;0;66;1#2;30;
0239;145226110;1;0;128;1#2;30;
0239;145226111;1;0;210;1#2;30;
0239;145226112;1;0;40;1#2;30;
0239;145226113;1;0;43;1#2;30;
0239;145226114;1;0;188;1#2;30;
0239;145226115;1;0;11;1#2;30;
0239;145226116;1;0;9;1#2;30;
0239;145226117;1;0;89;1#2;30;
0239;145226118;1;0;86;1#2;30;
0239;212422588;1;0;85;1#2;30;
0239;212422589;1;0;52;1#2;30;
0239;145226120;1;0;68;1#2;30;
0239;145226121;1;0;25;1#2;30;
0239;145226122;1;0;23;1#2;30;
0239;145226123;1;0;19;1#2;30;
0239;145226124;1;0;29;1#2;30;
0239;212424382;1;0;28;1#2;30;
0239;212424383;1;0;62;1#2;30;
0239;145226126;1;0;14;1#2;30;
0239;145226127;1;0;15;1#2;30;
0239;145226128;1;0;88;1#2;30;
0239;145226129;1;0;68;1#2;30;
0239;145226130;1;0;148;1#2;30;
0239;145226131;1;0;65;1#2;30;
0239;145226132;1;0;82;1#2;30;
0239;145226133;1;0;51;1#2;30;
0239;145226134;1;0;50;1#2;30;
0239;145226135;1;0;9;1#2;30;
0239;145226136;1;0;100;1#2;30;
0239;145226137;1;0;80;1#2;30;
0239;145226138;1;0;156;1#2;30;
0239;145226139;1;0;27;1#2;30;
0239;145226140;1;0;12;1#2;30;
0239;145226141;1;0;52;1#2;30;
0239;145226142;1;0;5;1#2;30;
0239;145226143;1;0;333;1#2;30;
0239;145226144;1;0;48;1#2;30;
0239;145226145;1;0;24;1#2;30;
0239;145226146;1;0;57;1#2;30;
0239;145226147;1;0;148;1#2;30;
0239;145226148;1;0;71;1#2;30;
0239;145226149;1;0;64;1#2;30;
0239;145226150;1;0;104;1#2;30;
0239;145226151;1;0;14;1#2;30;
0239;145226152;1;0;53;1#2;30;
0239;145226153;1;0;55;1#2;30;
0239;145226154;1;0;44;1#2;30;
0239;212417979;1;0;63;1#2;30;
0239;212417980;1;0;64;1#2;30;
0239;145226156;1;0;122;1#2;30;
0239;145226157;1;0;46;1#2;30;
0239;145226158;1;0;29;1#2;30;
0239;145226159;1;0;79;1#2;30;
0239;145226160;1;0;77;1#2;30;
0239;145226161;1;0;69;1#2;30;
0239;145226162;1;0;134;1#2;30;
0239;145226163;1;0;65;1#2;30;
0239;145226164;1;0;19;1#2;30;
0239;145226165;1;0;65;1#2;30;
0239;145226166;1;0;36;1#2;30;
0239;145226167;1;0;71;1#2;30;
0239;145226168;1;0;9;1#2;30;
0239;145226169;1;0;530;1#2;30;
0239;145226170;1;0;47;1#2;30;
0239;145226171;1;0;40;1#2;30;
0239;145226172;1;0;20;1#2;30;
0239;145226173;1;0;47;1#2;30;
0239;145226174;1;0;100;1#2;30;
0239;145226175;1;0;110;1#2;30;
0239;145226176;1;0;50;1#2;30;
0239;145226177;1;0;43;1#2;30;
0239;145226178;1;0;80;1#2;30;
0239;145226179;1;0;95;1#2;30;
0239;145226180;1;0;35;1#2;30;
0239;145226181;1;0;68;1#2;30;
0239;145226182;1;0;141;1#2;30;
0239;145226183;1;0;142;1#2;30;
0239;145226184;1;0;63;1#2;30;
0239;145226185;1;0;15;1#2;30;
0239;145226186;1;0;173;1#2;30;
0239;145226187;1;0;45;1#2;30;
0239;145226188;1;0;190;1#2;30;
0239;145226189;1;0;14;1#2;30;
0239;145226190;1;0;110;1#2;30;
0239;145226191;1;0;50;1#2;30;
0239;145226192;1;0;131;1#2;30;
0239;145226193;1;0;47;1#2;30;
0239;145226194;1;0;160;1#2;30;
0239;175894368;1;0;45;1#2;30;
0239;175894369;1;0;51;1#2;30;
0239;145226196;1;0;203;1#2;30;
0239;145226197;1;0;157;1#2;30;
0239;145226198;1;0;559;1#2;30;
0239;145226199;1;0;30;1#2;30;
0239;145226200;1;0;28;1#2;30;
0239;145226201;1;0;53;1#2;30;
0239;145226202;1;0;2;1#2;30;
0239;145226203;1;0;63;1#2;30;
0239;145226204;1;0;51;1#2;30;
0239;145226205;1;0;87;1#2;30;
0239;145226206;1;0;52;1#2;30;
0239;145226207;1;0;123;1#2;30;
0239;145226208;1;0;82;1#2;30;
0239;145226209;1;0;51;1#2;30;
0239;145226210;1;0;145;1#2;30;
0239;145226211;1;0;145;1#2;30;
0239;145226212;1;0;66;1#2;30;
0239;145226213;1;0;51;1#2;30;
0239;145226214;1;0;57;1#2;30;
0239;145226215;1;0;70;1#2;30;
0239;145226216;1;0;40;1#2;30;
0239;145226217;1;0;84;1#2;30;
0239;145226218;1;0;168;1#2;30;
0239;145226219;1;0;66;1#2;30;
0239;145226220;1;0;39;1#2;30;
0239;145226221;1;0;71;1#2;30;
0239;159958472;1;0;32;1#2;30;
0239;159958473;1;0;34;1#2;30;
0239;145226223;1;0;82;1#2;30;
0239;145226224;1;0;779;1#2;30;
0239;145226225;1;0;41;1#2;30;
0239;145226226;1;0;63;1#2;30;
0239;145226227;1;0;69;1#2;30;
0239;145226229;1;0;59;1#2;30;
0239;145226230;1;0;55;1#2;30;
0239;145226231;1;0;75;1#2;30;
0239;145226232;1;0;92;1#2;30;
0239;145226233;1;0;79;1#2;30;
0239;145226234;1;0;56;1#2;30;
0239;145226235;1;0;44;1#2;30;
0239;145226236;1;0;53;1#2;30;
0239;145226237;1;0;57;1#2;30;
0239;145226238;1;0;60;1#2;30;
0239;145226239;1;0;46;1#2;30;
0239;145226240;1;0;66;1#2;30;
0239;145226241;1;0;64;1#2;30;
0239;145226242;1;0;53;1#2;30;
0239;145226243;1;0;103;1#2;30;
0239;145226244;1;0;67;1#2;30;
0239;145226245;1;0;60;1#2;30;
0239;145226246;1;0;45;1#2;30;
0239;145226247;1;0;53;1#2;30;
0239;145226248;1;0;65;1#2;30;
0239;145226249;1;0;58;1#2;30;
0239;145226250;1;0;65;1#2;30;
0239;145226251;1;0;68;1#2;30;
0239;145226252;1;0;42;1#2;30;
0239;145226253;1;0;62;1#2;30;
0239;145226254;1;0;115;1#2;30;
0239;145226255;1;0;57;1#2;30;
0239;145226256;1;0;52;1#2;30;
0239;145226257;1;0;29;1#2;30;
0239;145226258;1;0;106;1#2;30;
0239;145226259;1;0;114;1#2;30;
0239;145226260;1;0;85;1#2;30;
0239;145226261;1;0;65;1#2;30;
0239;145226262;1;0;56;1#2;30;
0239;145226263;1;0;75;1#2;30;
0239;145226264;1;0;77;1#2;30;
0239;145226265;1;0;76;1#2;30;
0239;145226266;1;0;103;1#2;30;
0239;145226267;1;0;163;1#2;30;
0239;145226269;1;0;66;1#2;30;
0239;145226270;1;0;212;1#2;30;
0239;145226271;1;0;68;1#2;30;
0239;145226272;1;0;51;1#2;30;
0239;145226273;1;0;85;1#2;30;
0239;145226274;1;0;205;1#2;30;
0239;212410583;1;0;236;1#2;30;
0239;212410584;1;0;112;1#2;30;
0239;145226276;1;0;117;1#2;30;
0239;145226277;1;0;114;1#2;30;
0239;145226278;1;0;154;1#2;30;
0239;145226279;1;0;94;1#2;30;
0239;145226280;1;0;285;1#2;30;
0239;145226281;1;0;184;1#2;30;
0239;145226282;1;0;45;1#2;30;
0239;145226283;1;0;305;1#2;30;
0239;145226284;1;0;88;1#2;30;
0239;145226285;1;0;86;1#2;30;
0239;145226286;1;0;52;1#2;30;
0239;145226287;1;0;146;1#2;30;
0239;145226288;1;0;81;1#2;30;
0239;145226289;1;0;45;1#2;30;
0239;145226290;1;0;437;1#2;30;
0239;145226291;1;0;108;1#2;30;
0239;212415064;1;0;181;1#2;30;
0239;145226293;1;0;108;1#2;30;
0239;145226294;1;0;72;1#2;30;
0239;145226295;1;0;164;1#2;30;
0239;145226296;1;0;46;1#2;30;
0239;145226297;1;0;401;1#2;30;
0239;145226298;1;0;169;1#2;30;
0239;145226299;1;0;277;1#2;30;
0239;145226300;1;0;244;1#2;30;
0239;145226301;1;0;147;1#2;30;
0239;145226302;1;0;105;1#2;30;
0239;145226303;1;0;63;1#2;30;
0239;145226304;1;0;67;1#2;30;
0239;145226305;1;0;110;1#2;30;
0239;145226306;1;0;56;1#2;30;
0239;145226307;1;0;206;1#2;30;
0239;145226308;1;0;130;1#2;30;
0239;145226309;1;0;87;1#2;30;
0239;145226310;1;0;144;1#2;30;
0239;145226311;1;0;195;1#2;30;
0239;145226312;1;0;22;1#2;30;
0239;145226313;1;0;86;1#2;30;
0239;145226314;1;0;56;1#2;30;
0239;145226315;1;0;186;1#2;30;
0239;145226316;1;0;195;1#2;30;
0239;145226317;1;0;113;1#2;30;
0239;145226318;1;0;83;1#2;30;
0239;145226319;1;0;111;1#2;30;
0239;276906762;1;0;26;1#2;30;
0239;276906763;1;0;94;1#2;30;
0239;145226321;1;0;100;1#2;30;
0239;145226322;1;0;129;1#2;30;
0239;145226323;1;0;134;1#2;30;
0239;145226324;1;0;106;1#2;30;
0239;145226325;1;0;118;1#2;30;
0239;145226326;1;0;24;1#2;30;
0239;145226327;1;0;99;1#2;30;
0239;145226328;1;0;154;1#2;30;
0239;145226329;1;0;288;1#2;30;
0239;145226330;1;0;87;1#2;30;
0239;145226331;1;0;175;1#2;30;
0239;145226332;1;0;164;1#2;30;
0239;212410585;1;0;161;1#2;30;
0239;212410586;1;0;82;1#2;30;
0239;212410587;1;0;72;1#2;30;
0239;212410588;1;0;120;1#2;30;
0239;145226334;1;0;87;1#2;30;
0239;145226335;1;0;57;1#2;30;
0239;145226336;1;0;137;1#2;30;
0239;145226337;1;0;91;1#2;30;
0239;145226338;1;0;119;1#2;30;
0239;145226339;1;0;65;1#2;30;
0239;145226340;1;0;65;1#2;30;
0239;145226341;1;0;40;1#2;30;
0239;145226342;1;0;87;1#2;30;
0239;145226343;1;0;34;1#2;30;
0239;145226344;1;0;90;1#2;30;
0239;145226345;1;0;101;1#2;30;
0239;145226346;1;0;71;1#2;30;
0239;145226347;1;0;52;1#2;30;
0239;145226348;1;0;273;1#2;30;
0239;145226349;1;0;170;1#2;30;
0239;145226350;1;0;22;1#2;30;
0239;145226351;1;0;25;1#2;30;
0239;145226352;1;0;71;1#2;30;
0239;145226353;1;0;31;1#2;30;
0239;145226354;1;0;10;1#2;30;
0239;145226355;1;0;29;1#2;30;
0239;145226356;1;0;225;1#2;30;
0239;145226357;1;0;918;1#2;30;
0239;145226358;1;0;51;1#2;30;
0239;145226359;1;0;1349;1#2;30;
0239;145226360;1;0;120;1#2;30;
0239;145226361;1;0;85;1#2;30;
0239;145226362;1;0;79;1#2;30;
0239;145226363;1;0;140;1#2;30;
0239;145226364;1;0;37;1#2;30;
0239;145226365;1;0;77;1#2;30;
0239;145226366;1;0;51;1#2;30;
0239;145226367;1;0;70;1#2;30;
0239;145226368;1;0;80;1#2;30;
0239;145226369;1;0;49;1#2;30;
0239;145226370;1;0;60;1#2;30;
0239;145226371;1;0;56;1#2;30;
0239;145226372;1;0;623;1#2;30;
0239;145226373;1;0;134;1#2;30;
0239;145226374;1;0;40;1#2;30;
0239;145226375;1;0;54;1#2;30;
0239;145226376;1;0;29;1#2;30;
0239;145226377;1;0;77;1#2;30;
0239;145226378;1;0;50;1#2;30;
0239;145226379;1;0;45;1#2;30;
0239;145226380;1;0;31;1#2;30;
0239;145226381;1;0;27;1#2;30;
0239;145226382;1;0;29;1#2;30;
0239;145226383;1;0;19;1#2;30;
0239;145226384;1;0;70;1#2;30;
0239;145226385;1;0;18;1#2;30;
0239;145226386;1;0;47;1#2;30;
0239;145226387;1;0;63;1#2;30;
0239;145226388;1;0;24;1#2;30;
0239;145226389;1;0;80;1#2;30;
0239;145226390;1;0;66;1#2;30;
0239;145226391;1;0;47;1#2;30;
0239;145226392;1;0;58;1#2;30;
0239;145226393;1;0;52;1#2;30;
0239;145226394;1;0;41;1#2;30;
0239;145226395;1;0;53;1#2;30;
0239;145226396;1;0;299;1#2;30;
0239;145226397;1;0;38;1#2;30;
0239;145226398;1;0;17;1#2;30;
0239;145226399;1;0;111;1#2;30;
0239;145226400;1;0;58;1#2;30;
0239;145226401;1;0;76;1#2;30;
0239;145226402;1;0;98;1#2;30;
0239;145226403;1;0;47;1#2;30;
0239;145226404;1;0;52;1#2;30;
0239;145226405;1;0;157;1#2;30;
0239;145226406;1;0;58;1#2;30;
0239;145226407;1;0;47;1#2;30;
0239;145226408;1;0;112;1#2;30;
0239;145226409;1;0;41;1#2;30;
0239;145226410;1;0;97;1#2;30;
0239;145226411;1;0;53;1#2;30;
0239;145226412;1;0;44;1#2;30;
0239;157022368;1;0;9;1#2;30;
0239;157022369;1;0;45;1#2;30;
0239;145226414;1;0;45;1#2;30;
0239;145226415;1;0;45;1#2;30;
0239;145226416;1;0;66;1#2;30;
0239;145226417;1;0;56;1#2;30;
0239;145226418;1;0;111;1#2;30;
0239;145226419;1;0;68;1#2;30;
0239;145226420;1;0;167;1#2;30;
0239;212421627;1;0;165;1#2;30;
0239;145226422;1;0;83;1#2;30;
0239;145226423;1;0;49;1#2;30;
0239;145226424;1;0;135;1#2;30;
0239;145226425;1;0;52;1#2;30;
0239;145226426;1;0;47;1#2;30;
0239;145226427;1;0;52;1#2;30;
0239;145226428;1;0;22;1#2;30;
0239;145226429;1;0;61;1#2;30;
0239;145226430;1;0;56;1#2;30;
0239;145226431;1;0;120;1#2;30;
0239;145226432;1;0;8;1#2;30;
0239;145226433;1;0;655;1#2;30;
0239;145226434;1;0;312;1#2;30;
0239;145226435;1;0;25;1#2;30;
0239;145226436;1;0;29;1#2;30;
0239;212417981;1;0;227;1#2;30;
0239;212417982;1;0;319;1#2;30;
0239;145226438;1;0;184;1#2;30;
0239;145226439;1;0;165;1#2;30;
0239;145226440;1;0;210;1#2;30;
0239;145226441;1;0;47;1#2;30;
0239;145226442;1;0;96;1#2;30;
0239;145226443;1;0;85;1#2;30;
0239;145226444;1;0;59;1#2;30;
0239;145226445;1;0;15;1#2;30;
0239;145226446;1;0;22;1#2;30;
0239;145226447;1;0;92;1#2;30;
0239;145226448;1;0;93;1#2;30;
0239;145226449;1;0;60;1#2;30;
0239;145226450;1;0;24;1#2;30;
0239;145226451;1;0;95;1#2;30;
0239;145226452;1;0;61;1#2;30;
0239;145226453;1;0;146;1#2;30;
0239;145226454;1;0;193;1#2;30;
0239;145226455;1;0;347;1#2;30;
0239;145226456;1;0;10;1#2;30;
0239;145226457;1;0;221;1#2;30;
0239;145226458;1;0;8;1#2;30;
0239;145226459;1;0;37;1#2;30;
0239;145226460;1;0;132;1#2;30;
0239;145226461;1;0;363;1#2;30;
0239;145226462;1;0;73;1#2;30;
0239;145226463;1;0;111;1#2;30;
0239;145226464;1;0;189;1#2;30;
0239;145226465;1;0;96;1#2;30;
0239;145226466;1;0;52;1#2;30;
0239;145226467;1;0;15;1#2;30;
0239;145226468;1;0;89;1#2;30;
0239;145226469;1;0;20;1#2;30;
0239;145226470;1;0;76;1#2;30;
0239;145226471;1;0;88;1#2;30;
0239;145226473;1;0;20;1#2;30;
0239;145226474;1;0;62;1#2;30;
0239;145226475;1;0;128;1#2;30;
0239;145226476;1;0;48;1#2;30;
0239;145226477;1;0;96;1#2;30;
0239;145226478;1;0;40;1#2;30;
0239;145226479;1;0;95;1#2;30;
0239;145226480;1;0;124;1#2;30;
0239;145226481;1;0;396;1#2;30;
0239;145226482;1;0;167;1#2;30;
0239;145226483;1;0;209;1#2;30;
0239;145226484;1;0;30;1#2;30;
0239;145226485;1;0;512;1#2;30;
0239;145226486;1;0;128;1#2;30;
0239;145226487;1;0;157;1#2;30;
0239;145226488;1;0;76;1#2;30;
0239;145226489;1;0;30;1#2;30;
0239;145226490;1;0;70;1#2;30;
0239;145226491;1;0;136;1#2;30;
0239;145226492;1;0;59;1#2;30;
0239;145226493;1;0;21;1#2;30;
0239;145226494;1;0;137;1#2;30;
0239;145226495;1;0;101;1#2;30;
0239;145226496;1;0;15;1#2;30;
0239;145226497;1;0;96;1#2;30;
0239;145226498;1;0;46;1#2;30;
0239;212424384;1;0;5;1#2;30;
0239;212424385;1;0;88;1#2;30;
0239;145226500;1;0;915;1#2;30;
0239;145226501;1;0;645;1#2;30;
0239;145226502;1;0;118;1#2;30;
0239;145226503;1;0;368;1#2;30;
0239;145226504;1;0;181;1#2;30;
0239;145226505;1;0;81;1#2;30;
0239;145226506;1;0;138;1#2;30;
0239;145226507;1;0;16;1#2;30;
0239;145226508;1;0;63;1#2;30;
0239;145226509;1;0;167;1#2;30;
0239;145226510;1;0;84;1#2;30;
0239;145226511;1;0;71;1#2;30;
0239;145226512;1;0;70;1#2;30;
0239;145226513;1;0;67;1#2;30;
0239;157022370;1;0;7;1#2;30;
0239;157022371;1;0;155;1#2;30;
0239;145226515;1;0;62;1#2;30;
0239;145226517;1;0;133;1#2;30;
0239;145226518;1;0;123;1#2;30;
0239;145226519;1;0;72;1#2;30;
0239;145226520;1;0;92;1#2;30;
0239;145226521;1;0;183;1#2;30;
0239;145226522;1;0;82;1#2;30;
0239;145226523;1;0;556;1#2;30;
0239;145226524;1;0;35;1#2;30;
0239;145226525;1;0;134;1#2;30;
0239;145226526;1;0;129;1#2;30;
0239;145226527;1;0;152;1#2;30;
0239;247583467;1;0;68;1#2;30;
0239;247583468;1;0;92;1#2;30;
0239;212424387;1;0;39;1#2;30;
0239;145226529;1;0;120;1#2;30;
0239;145226530;1;0;148;1#2;30;
0239;145226531;1;0;70;1#2;30;
0239;145226532;1;0;206;1#2;30;
0239;145226533;1;0;103;1#2;30;
0239;145226534;1;0;51;1#2;30;
0239;145226535;1;0;102;1#2;30;
0239;145226536;1;0;147;1#2;30;
0239;145226537;1;0;211;1#2;30;
0239;145226538;1;0;134;1#2;30;
0239;145226539;1;0;64;1#2;30;
0239;145226540;1;0;69;1#2;30;
0239;145226541;1;0;149;1#2;30;
0239;145226542;1;0;191;1#2;30;
0239;145226543;1;0;62;1#2;30;
0239;145226544;1;0;82;1#2;30;
0239;145226545;1;0;129;1#2;30;
0239;145226546;1;0;107;1#2;30;
0239;145226547;1;0;101;1#2;30;
0239;145226548;1;0;88;1#2;30;
0239;145226549;1;0;64;1#2;30;
0239;145226550;1;0;561;1#2;30;
0239;145226551;1;0;47;1#2;30;
0239;145226552;1;0;73;1#2;30;
0239;145226553;1;0;65;1#2;30;
0239;145226554;1;0;46;1#2;30;
0239;145226555;1;0;43;1#2;30;
0239;145226556;1;0;113;1#2;30;
0239;145226557;1;0;59;1#2;30;
0239;145226558;1;0;86;1#2;30;
0239;145226559;1;0;71;1#2;30;
0239;145226560;1;0;60;1#2;30;
0239;145226561;1;0;138;1#2;30;
0239;145226562;1;0;365;1#2;30;
0239;145226563;1;0;61;1#2;30;
0239;145226564;1;0;80;1#2;30;
0239;145226565;1;0;65;1#2;30;
0239;145226566;1;0;163;1#2;30;
0239;145226567;1;0;109;1#2;30;
0239;145226568;1;0;51;1#2;30;
0239;145226569;1;0;97;1#2;30;
0239;145226570;1;0;249;1#2;30;
0239;145226571;1;0;100;1#2;30;
0239;145226572;1;0;298;1#2;30;
0239;145226573;1;0;138;1#2;30;
0239;145226574;1;0;76;1#2;30;
0239;145226575;1;0;231;1#2;30;
0239;145226576;1;0;172;1#2;30;
0239;145226577;1;0;152;1#2;30;
0239;145226578;1;0;93;1#2;30;
0239;145226579;1;0;68;1#2;30;
0239;145226580;1;0;62;1#2;30;
0239;145226581;1;0;13;1#2;30;
0239;145226582;1;0;1165;1#2;30;
0239;145226583;1;0;51;1#2;30;
0239;145226584;1;0;153;1#2;30;
0239;145226585;1;0;56;1#2;30;
0239;145226586;1;0;99;1#2;30;
0239;145226587;1;0;35;1#2;30;
0239;145226588;1;0;103;1#2;30;
0239;145226589;1;0;247;1#2;30;
0239;145226590;1;0;407;1#2;30;
0239;145226591;1;0;372;1#2;30;
0239;145226592;1;0;159;1#2;30;
0239;145226593;1;0;93;1#2;30;
0239;145226594;1;0;5;1#2;30;
0239;145226595;1;0;17;1#2;30;
0239;145226596;1;0;107;1#2;30;
0239;145226597;1;0;264;1#2;30;
0239;145226598;1;0;147;1#2;30;
0239;145226599;1;0;122;1#2;30;
0239;145226600;1;0;504;1#2;30;
0239;145226601;1;0;299;1#2;30;
0239;145226602;1;0;701;1#2;30;
0239;145226603;1;0;445;1#2;30;
0239;145226604;1;0;36;1#2;30;
0239;145226605;1;0;75;1#2;30;
0239;145226606;1;0;706;1#2;30;
0239;145226607;1;0;47;1#2;30;
0239;145226608;1;0;70;1#2;30;
0239;145226609;1;0;170;1#2;30;
0239;145226610;1;0;513;1#2;30;
0239;145226611;1;0;150;1#2;30;
0239;145226612;1;0;78;1#2;30;
0239;145226613;1;0;9;1#2;30;
0239;145226614;1;0;58;1#2;30;
0239;212415065;1;0;6;1#2;30;
0239;212415066;1;0;57;1#2;30;
0239;145226616;1;0;121;1#2;30;
0239;145226617;1;0;8;1#2;30;
0239;145226618;1;0;103;1#2;30;
0239;145226619;1;0;55;1#2;30;
0239;145226620;1;0;124;1#2;30;
0239;145226621;1;0;86;1#2;30;
0239;145226622;1;0;177;1#2;30;
0239;145226623;1;0;182;1#2;30;
0239;145226624;1;0;211;1#2;30;
0239;145226625;1;0;115;1#2;30;
0239;145226626;1;0;48;1#2;30;
0239;145226627;1;0;307;1#2;30;
0239;145226628;1;0;150;1#2;30;
0239;145226629;1;0;340;1#2;30;
0239;145226630;1;0;83;1#2;30;
0239;145226631;1;0;295;1#2;30;
0239;145226632;1;0;63;1#2;30;
0239;145226633;1;0;89;1#2;30;
0239;145226634;1;0;87;1#2;30;
0239;145226635;1;0;50;1#2;30;
0239;145226636;1;0;120;1#2;30;
0239;145226637;1;0;162;1#2;30;
0239;145226638;1;0;120;1#2;30;
0239;145226639;1;0;124;1#2;30;
0239;145226640;1;0;141;1#2;30;
0239;145226641;1;0;88;1#2;30;
0239;145226642;1;0;89;1#2;30;
0239;212417983;1;0;47;1#2;30;
0239;212417984;1;0;50;1#2;30;
0239;145226644;1;0;67;1#2;30;
0239;145226645;1;0;115;1#2;30;
0239;145226646;1;0;42;1#2;30;
0239;145226647;1;0;45;1#2;30;
0239;145226648;1;0;385;1#2;30;
0239;145226649;1;0;70;1#2;30;
0239;145226650;1;0;143;1#2;30;
0239;145226651;1;0;317;1#2;30;
0239;145226652;1;0;433;1#2;30;
0239;145226653;1;0;63;1#2;30;
0239;145226654;1;0;64;1#2;30;
0239;145226655;1;0;86;1#2;30;
0239;145226656;1;0;115;1#2;30;
0239;145226657;1;0;87;1#2;30;
0239;145226658;1;0;140;1#2;30;
0239;145226659;1;0;112;1#2;30;
0239;145226660;1;0;63;1#2;30;
0239;145226661;1;0;24;1#2;30;
0239;145226662;1;0;110;1#2;30;
0239;145226663;1;0;69;1#2;30;
0239;145226665;1;0;169;1#2;30;
0239;145226666;1;0;56;1#2;30;
0239;145226667;1;0;135;1#2;30;
0239;145226668;1;0;74;1#2;30;
0239;145226669;1;0;216;1#2;30;
0239;145226670;1;0;73;1#2;30;
0239;145226671;1;0;138;1#2;30;
0239;145226672;1;0;208;1#2;30;
0239;145226673;1;0;427;1#2;30;
0239;145226674;1;0;149;1#2;30;
0239;145226675;1;0;72;1#2;30;
0239;145226676;1;0;74;1#2;30;
0239;145226677;1;0;152;1#2;30;
0239;145226678;1;0;50;1#2;30;
0239;145226679;1;0;129;1#2;30;
0239;145226680;1;0;89;1#2;30;
0239;212422590;1;0;96;1#2;30;
0239;212422591;1;0;107;1#2;30;
0239;145226682;1;0;140;1#2;30;
0239;212415067;1;0;91;1#2;30;
0239;145226684;1;0;68;1#2;30;
0239;145226685;1;0;68;1#2;30;
0239;145226686;1;0;367;1#2;30;
0239;145226687;1;0;75;1#2;30;
0239;145226688;1;0;206;1#2;30;
0239;145226689;1;0;221;1#2;30;
0239;145226690;1;0;195;1#2;30;
0239;145226691;1;0;119;1#2;30;
0239;145226692;1;0;317;1#2;30;
0239;145226693;1;0;126;1#2;30;
0239;145226694;1;0;136;1#2;30;
0239;145226695;1;0;43;1#2;30;
0239;145226696;1;0;44;1#2;30;
0239;145226697;1;0;88;1#2;30;
0239;145226698;1;0;60;1#2;30;
0239;145226699;1;0;83;1#2;30;
0239;145226700;1;0;655;1#2;30;
0239;145226701;1;0;120;1#2;30;
0239;145226702;1;0;46;1#2;30;
0239;145226703;1;0;26;1#2;30;
0239;145226704;1;0;63;1#2;30;
0239;145226705;1;0;360;1#2;30;
0239;145226706;1;0;145;1#2;30;
0239;145226707;1;0;18;1#2;30;
0239;145226708;1;0;445;1#2;30;
0239;145226709;1;0;52;1#2;30;
0239;145226710;1;0;61;1#2;30;
0239;145226711;1;0;39;1#2;30;
0239;145226712;1;0;117;1#2;30;
0239;145226713;1;0;106;1#2;30;
0239;145226714;1;0;234;1#2;30;
0239;145226716;1;0;627;1#2;30;
0239;145226717;1;0;368;1#2;30;
0239;145226718;1;0;55;1#2;30;
0239;145226719;1;0;107;1#2;30;
0239;145226720;1;0;133;1#2;30;
0239;145226721;1;0;199;1#2;30;
0239;212421628;1;0;135;1#2;30;
0239;212421629;1;0;215;1#2;30;
0239;145226723;1;0;11;1#2;30;
0239;145226724;1;0;58;1#2;30;
0239;145226725;1;0;18;1#2;30;
0239;145226726;1;0;47;1#2;30;
0239;145232283;1;0;57;1#2;30;
0239;145232284;1;0;274;1#2;30;
0239;145232285;1;0;22;1#2;50;
0239;145232286;1;0;931;1#2;50;
0239;145232287;1;0;267;1#2;30;
0239;145232288;1;0;174;1#2;30;
0239;145232289;1;0;97;1#2;30;
0239;145232290;1;0;513;1#2;30;
0239;145232291;1;0;1401;1#2;30;
0239;145232292;1;0;708;1#2;30;
0239;145232293;1;0;400;1#2;30;
0239;145232294;1;0;1455;1#2;30;
0239;145232295;1;0;16;1#2;50;
0239;145232296;1;0;16;1#2;30;
0239;145232297;1;0;21;1#2;30;
0239;145232298;1;0;65;1#2;30;
0239;145232299;1;0;227;1#2;30;
0239;145232300;1;0;2624;1#2;30;
0239;145232301;1;0;50;1#2;30;
0239;145232302;1;0;1193;1#2;50;
0239;145232303;1;0;1121;1#2;30;
0239;145232304;1;0;28;1#2;30;
0239;145232305;1;0;86;1#2;30;
0239;145232306;1;0;102;1#2;30;
0239;145232307;1;0;136;1#2;30;
0239;145232308;1;0;837;1#2;30;
0239;145232309;1;0;588;1#2;30;
0239;145232310;1;0;592;1#2;30;
0239;145232311;1;0;188;1#2;30;
0239;145232312;1;0;68;1#2;30;
0239;145232313;1;0;516;1#2;30;
0239;145232314;1;0;1050;1#2;30;
0239;145232315;1;0;101;1#2;50;
0239;145232316;1;0;145;1#2;50;
0239;145232317;1;0;75;1#2;50;
0239;145232318;1;0;697;1#2;50;
0239;145232319;1;0;15;1#2;50;
0239;145232320;1;0;53;1#2;50;
0239;145232321;1;0;149;1#2;50;
0239;145232322;1;0;39;1#2;50;
0239;145232323;1;0;54;1#2;50;
0239;145232324;1;0;1913;1#2;30;
0239;145232325;1;0;606;1#2;30;
0239;145232326;1;0;1106;1#2;30;
0239;145232327;1;0;54;1#2;50;
0239;145232328;1;0;13;1#2;30;
0239;145232329;1;0;22;1#2;30;
0239;145232330;1;0;54;1#2;30;
0239;145232331;1;0;1285;1#2;30;
0239;145232332;1;0;2129;1#2;30;
0239;145232333;1;0;53;1#2;30;
0239;145232334;1;0;354;1#2;30;
0239;145232335;1;0;23;1#2;50;
0239;145232336;1;0;28;1#2;50;
0239;145232337;1;0;84;1#2;50;
0239;145232338;1;0;140;1#2;50;
0239;145232339;1;0;572;1#2;30;
0239;145232340;1;0;214;1#2;30;
0239;145232341;1;0;568;1#2;30;
0239;145232342;1;0;151;1#2;50;
0239;145232343;1;0;92;1#2;30;
0239;145232344;1;0;95;1#2;30;
0239;145232345;1;0;50;1#2;30;
0239;145232346;1;0;17;1#2;30;
0239;145232347;1;0;176;1#2;30;
0239;145232348;1;0;401;1#2;30;
0239;145232349;1;0;25;1#2;30;
0239;145232350;1;0;187;1#2;30;
0239;145232351;1;0;459;1#2;30;
0239;145232352;1;0;513;1#2;30;
0239;145232353;1;0;83;1#2;30;
0239;145232354;1;0;228;1#2;30;
0239;145232355;1;0;33;1#2;30;
0239;145232356;1;0;99;1#2;30;
0239;145232357;1;0;205;1#2;30;
0239;145232358;1;0;115;1#2;30;
0239;145232359;1;0;83;1#2;50;
0239;145232360;1;0;315;1#2;30;
0239;145232361;1;0;8;1#2;30;
0239;145232362;1;0;16;1#2;30;
0239;145232363;1;0;77;1#2;30;
0239;145232364;1;0;129;1#2;30;
0239;145232365;1;0;448;1#2;30;
0239;145232366;1;0;504;1#2;30;
0239;145232367;1;0;298;1#2;30;
0239;145232368;1;0;943;1#2;30;
0239;145232369;1;0;177;1#2;30;
0239;145232370;1;0;12;1#2;30;
0239;145232371;1;0;20;1#2;30;
0239;145232372;1;0;112;1#2;30;
0239;145232373;1;0;341;1#2;30;
0239;145232374;1;0;446;1#2;30;
0239;145232375;1;0;127;1#2;30;
0239;145232376;1;0;441;1#2;30;
0239;145232377;1;0;173;1#2;30;
0239;145232378;1;0;392;1#2;30;
0239;145232379;1;0;284;1#2;30;
0239;145232380;1;0;87;1#2;30;
0239;145232381;1;0;93;1#2;50;
0239;145232382;1;0;185;1#2;50;
0239;145232383;1;0;687;1#2;30;
0239;145232384;1;0;166;1#2;30;
0239;145232385;1;0;1854;1#2;50;
0239;145232386;1;0;663;1#2;50;
0239;145232387;1;0;41;1#2;50;
0239;145232388;1;0;69;1#2;50;
0239;145232389;1;0;511;1#2;30;
0239;145232390;1;0;178;1#2;30;
0239;145232391;1;0;2005;1#2;30;
0239;145232392;1;0;1719;1#2;30;
0239;145232393;1;0;450;1#2;50;
0239;145232394;1;0;847;1#2;30;
0239;145232395;1;0;92;1#2;30;
0239;145232396;1;0;1411;1#2;30;
0239;145232397;1;0;54;1#2;50;
0239;145232398;1;0;933;1#2;30;
0239;145232399;1;0;417;1#2;30;
0239;145232400;1;0;60;1#2;30;
0239;145232401;1;0;772;1#2;30;
0239;145232402;1;0;51;1#2;50;
0239;145232403;1;0;864;1#2;30;
0239;145232404;1;0;62;1#2;30;
0239;145232405;1;0;442;1#2;50;
0239;145232406;1;0;791;1#2;30;
0239;145232407;1;0;418;1#2;30;
0239;145232408;1;0;486;1#2;30;
0239;145232409;1;0;652;1#2;50;
0239;145232410;1;0;734;1#2;50;
0239;145232411;1;0;159;1#2;50;
0239;145232412;1;0;360;1#2;50;
0239;157022372;1;0;15;1#2;30;
0239;157022373;1;0;56;1#2;30;
0239;145232414;1;0;597;1#2;30;
0239;145232415;1;0;37;1#2;30;
0239;145232416;1;0;639;1#2;30;
0239;145232417;1;0;59;1#2;50;
0239;145232418;1;0;1572;1#2;30;
0239;145232419;1;0;244;1#2;30;
0239;145232420;1;0;1940;1#2;30;
0239;145232421;1;0;2016;1#2;30;
0239;145232422;1;0;2170;1#2;30;
0239;145232423;1;0;1395;1#2;30;
0239;145232424;1;0;245;1#2;50;
0239;145232425;1;0;91;1#2;50;
0239;145232426;1;0;518;1#2;30;
0239;145232427;1;0;1923;1#2;30;
0239;145232428;1;0;77;1#2;30;
0239;145232429;1;0;722;1#2;30;
0239;145232430;1;0;2621;1#2;30;
0239;145232431;1;0;911;1#2;30;
0239;145232432;1;0;40;1#2;30;
0239;145232433;1;0;525;1#2;30;
0239;145232434;1;0;64;1#2;30;
0239;145232435;1;0;3704;1#2;30;
0239;145232436;1;0;71;1#2;30;
0239;145232437;1;0;885;1#2;30;
0239;145232438;1;0;807;1#2;30;
0239;145232439;1;0;1213;1#2;30;
0239;145232440;1;0;82;1#2;30;
0239;145232441;1;0;26;1#2;30;
0239;145232442;1;0;45;1#2;30;
0239;145232443;1;0;1425;1#2;30;
0239;145232444;1;0;92;1#2;30;
0239;145232445;1;0;1064;1#2;30;
0239;145232446;1;0;3735;1#2;30;
0239;145232447;1;0;755;1#2;50;
0239;145232448;1;0;315;1#2;30;
0239;145232449;1;0;455;1#2;30;
0239;145232450;1;0;153;1#2;30;
0239;145232451;1;0;83;1#2;50;
0239;145232452;1;0;69;1#2;50;
0239;145232453;1;0;121;1#2;30;
0239;145232454;1;0;41;1#2;50;
0239;145232455;1;0;93;1#2;50;
0239;145232456;1;0;202;1#2;30;
0239;145232457;1;0;241;1#2;30;
0239;145232458;1;0;136;1#2;30;
0239;145232459;1;0;129;1#2;30;
0239;145232460;1;0;289;1#2;50;
0239;145232461;1;0;1847;1#2;30;
0239;145232462;1;0;14;1#2;30;
0239;145232463;1;0;22;1#2;30;
0239;145232464;1;0;536;1#2;30;
0239;145232465;1;0;865;1#2;30;
0239;145232466;1;0;97;1#2;30;
0239;145232467;1;0;85;1#2;30;
0239;145232468;1;0;1249;1#2;30;
0239;145232469;1;0;594;1#2;30;
0239;145232470;1;0;52;1#2;30;
0239;145232471;1;0;1337;1#2;30;
0239;145232472;1;0;1504;1#2;30;
0239;145232473;1;0;128;1#2;50;
0239;145232474;1;0;376;1#2;50;
0239;145232475;1;0;123;1#2;50;
0239;145232476;1;0;129;1#2;30;
0239;145232477;1;0;622;1#2;30;
0239;145232478;1;0;199;1#2;50;
0239;145232479;1;0;251;1#2;50;
0239;145232480;1;0;93;1#2;30;
0239;145232481;1;0;508;1#2;50;
0239;145232482;1;0;350;1#2;50;
0239;145232483;1;0;367;1#2;50;
0239;145232484;1;0;1177;1#2;50;
0239;145232485;1;0;408;1#2;50;
0239;145232486;1;0;559;1#2;50;
0239;145232487;1;0;143;1#2;50;
0239;145232488;1;0;35;1#2;50;
0239;145232489;1;0;10;1#2;50;
0239;145232490;1;0;90;1#2;50;
0239;145232491;1;0;879;1#2;30;
0239;145232492;1;0;113;1#2;30;
0239;145232493;1;0;892;1#2;30;
0239;145232494;1;0;813;1#2;30;
0239;145232495;1;0;686;1#2;30;
0239;145232496;1;0;33;1#2;30;
0239;145232497;1;0;1121;1#2;30;
0239;145232498;1;0;1135;1#2;30;
0239;145232499;1;0;2202;1#2;30;
0239;145232500;1;0;748;1#2;30;
0239;145232501;1;0;1591;1#2;30;
0239;145232502;1;0;2307;1#2;30;
0239;145232503;1;0;1939;1#2;30;
0239;145232504;1;0;106;1#2;50;
0239;145232505;1;0;212;1#2;50;
0239;145232506;1;0;232;1#2;30;
0239;145232507;1;0;431;1#2;30;
0239;145232508;1;0;545;1#2;30;
0239;145232509;1;0;3531;1#2;30;
0239;145232510;1;0;1696;1#2;30;
0239;145232511;1;0;411;1#2;30;
0239;145232512;1;0;4452;1#2;30;
0239;145232513;1;0;999;1#2;30;
0239;145232514;1;0;320;1#2;30;
0239;145232515;1;0;2484;1#2;30;
0239;145232516;1;0;2528;1#2;30;
0239;145232517;1;0;692;1#2;30;
0239;145232518;1;0;459;1#2;30;
0239;145232519;1;0;47;1#2;50;
0239;145232520;1;0;85;1#2;30;
0239;145232521;1;0;79;1#2;30;
0239;145232522;1;0;18;1#2;30;
0239;145232523;1;0;30;1#2;30;
0239;145232524;1;0;511;1#2;30;
0239;145232525;1;0;40;1#2;30;
0239;145232526;1;0;5045;1#2;30;
0239;145232527;1;0;1334;1#2;30;
0239;145232528;1;0;1190;1#2;30;
0239;145232529;1;0;32;1#2;30;
0239;145232530;1;0;4059;1#2;30;
0239;145232531;1;0;33;1#2;30;
0239;145232532;1;0;2097;1#2;30;
0239;145232533;1;0;98;1#2;30;
0239;145232534;1;0;6290;1#2;30;
0239;145232535;1;0;330;1#2;30;
0239;145232536;1;0;366;1#2;30;
0239;145232537;1;0;30;1#2;50;
0239;145232538;1;0;394;1#2;30;
0239;145232539;1;0;1344;1#2;30;
0239;145232540;1;0;1093;1#2;30;
0239;145232541;1;0;829;1#2;30;
0239;145232542;1;0;963;1#2;50;
0239;145232543;1;0;1278;1#2;30;
0239;145232544;1;0;37;1#2;30;
0239;145232545;1;0;888;1#2;30;
0239;145232546;1;0;548;1#2;50;
0239;145232547;1;0;171;1#2;50;
0239;145232548;1;0;58;1#2;50;
0239;145232549;1;0;83;1#2;30;
0239;145232550;1;0;25;1#2;30;
0239;145232551;1;0;20;1#2;30;
0239;145232552;1;0;297;1#2;30;
0239;145232553;1;0;30;1#2;30;
0239;145232554;1;0;432;1#2;30;
0239;145232555;1;0;1063;1#2;30;
0239;145232556;1;0;1111;1#2;30;
0239;145232557;1;0;1832;1#2;30;
0239;145232558;1;0;671;1#2;50;
0239;145232559;1;0;402;1#2;30;
0239;145232560;1;0;77;1#2;50;
0239;145232561;1;0;53;1#2;50;
0239;145232562;1;0;8;1#2;30;
0239;145232563;1;0;45;1#2;30;
0239;145232564;1;0;1118;1#2;30;
0239;145232565;1;0;62;1#2;30;
0239;145232566;1;0;900;1#2;30;
0239;145232567;1;0;944;1#2;30;
0239;145232568;1;0;524;1#2;30;
0239;145232569;1;0;1132;1#2;30;
0239;145232570;1;0;309;1#2;30;
0239;145232571;1;0;4053;1#2;30;
0239;145232572;1;0;1212;1#2;30;
0239;145232573;1;0;148;1#2;30;
0239;145232574;1;0;1025;1#2;30;
0239;145232575;1;0;352;1#2;30;
0239;145232576;1;0;49;1#2;30;
0239;145232577;1;0;661;1#2;30;
0239;145232578;1;0;431;1#2;30;
0239;145232579;1;0;3554;1#2;30;
0239;145232580;1;0;45;1#2;30;
0239;145232581;1;0;1053;1#2;30;
0239;145232582;1;0;1022;1#2;30;
0239;145232583;1;0;11;1#2;50;
0239;145232584;1;0;962;1#2;30;
0239;145232585;1;0;67;1#2;30;
0239;145232586;1;0;242;1#2;30;
0239;145232587;1;0;1137;1#2;30;
0239;145232588;1;0;683;1#2;30;
0239;145232589;1;0;110;1#2;30;
0239;145232590;1;0;872;1#2;30;
0239;145232591;1;0;245;1#2;30;
0239;145232592;1;0;97;1#2;30;
0239;145232593;1;0;1924;1#2;30;
0239;145232594;1;0;1905;1#2;50;
0239;145232595;1;0;1163;1#2;30;
0239;145232596;1;0;39;1#2;30;
0239;145232597;1;0;885;1#2;30;
0239;145232598;1;0;824;1#2;30;
0239;145232599;1;0;601;1#2;50;
0239;145232600;1;0;1601;1#2;50;
0239;145232601;1;0;142;1#2;30;
0239;145232602;1;0;329;1#2;30;
0239;145232603;1;0;1215;1#2;30;
0239;145232604;1;0;118;1#2;50;
0239;145232605;1;0;125;1#2;50;
0239;145232606;1;0;191;1#2;50;
0239;145232607;1;0;514;1#2;30;
0239;145232608;1;0;289;1#2;30;
0239;145232609;1;0;536;1#2;30;
0239;145232610;1;0;321;1#2;30;
0239;145232611;1;0;54;1#2;30;
0239;145232612;1;0;24;1#2;30;
0239;145232613;1;0;134;1#2;30;
0239;145232614;1;0;1212;1#2;30;
0239;145232615;1;0;69;1#2;50;
0239;145232616;1;0;987;1#2;30;
0239;145232617;1;0;12;1#2;30;
0239;145232618;1;0;343;1#2;30;
0239;145232619;1;0;472;1#2;30;
0239;145232620;1;0;1509;1#2;30;
0239;145232621;1;0;395;1#2;30;
0239;145232622;1;0;951;1#2;30;
0239;145232623;1;0;82;1#2;30;
0239;145232624;1;0;230;1#2;30;
0239;145232625;1;0;487;1#2;30;
0239;145232626;1;0;168;1#2;30;
0239;145232627;1;0;6;1#2;50;
0239;145232628;1;0;439;1#2;50;
0239;145232629;1;0;52;1#2;50;
0239;145232630;1;0;33;1#2;50;
0239;145232631;1;0;1138;1#2;30;
0239;145232632;1;0;697;1#2;30;
0239;145232633;1;0;468;1#2;30;
0239;145232634;1;0;309;1#2;30;
0239;145232635;1;0;31;1#2;30;
0239;145232636;1;0;97;1#2;30;
0239;145232637;1;0;2923;1#2;30;
0239;145232638;1;0;15;1#2;30;
0239;145232639;1;0;104;1#2;30;
0239;145232640;1;0;832;1#2;30;
0239;145232641;1;0;35;1#2;30;
0239;145232642;1;0;18;1#2;30;
0239;145232643;1;0;162;1#2;50;
0239;145232644;1;0;136;1#2;30;
0239;145232645;1;0;1740;1#2;30;
0239;145232646;1;0;1512;1#2;30;
0239;145232647;1;0;300;1#2;30;
0239;145232648;1;0;925;1#2;30;
0239;145232649;1;0;1138;1#2;30;
0239;145232650;1;0;103;1#2;30;
0239;145232651;1;0;188;1#2;30;
0239;145232652;1;0;183;1#2;30;
0239;145232653;1;0;87;1#2;30;
0239;145232654;1;0;114;1#2;30;
0239;145232655;1;0;141;1#2;30;
0239;145232656;1;0;187;1#2;30;
0239;145232657;1;0;150;1#2;30;
0239;145232658;1;0;48;1#2;30;
0239;145232659;1;0;65;1#2;30;
0239;145232660;1;0;44;1#2;30;
0239;145232661;1;0;238;1#2;30;
0239;145232662;1;0;177;1#2;30;
0239;145232663;1;0;52;1#2;30;
0239;145232664;1;0;929;1#2;30;
0239;145232665;1;0;151;1#2;30;
0239;145232666;1;0;64;1#2;30;
0239;145232667;1;0;21;1#2;30;
0239;145232668;1;0;549;1#2;30;
0239;145232669;1;0;34;1#2;30;
0239;145232670;1;0;185;1#2;30;
0239;145232671;1;0;62;1#2;30;
0239;145232672;1;0;1064;1#2;30;
0239;145232673;1;0;2667;1#2;30;
0239;145232674;1;0;2700;1#2;30;
0239;145232675;1;0;6028;1#2;30;
0239;145232676;1;0;1154;1#2;30;
0239;145232677;1;0;435;1#2;30;
0239;145232678;1;0;37;1#2;30;
0239;145232679;1;0;1714;1#2;30;
0239;145232680;1;0;424;1#2;30;
0239;145232681;1;0;346;1#2;30;
0239;145232682;1;0;73;1#2;30;
0239;145232683;1;0;264;1#2;30;
0239;145232684;1;0;48;1#2;30;
0239;145232685;1;0;155;1#2;30;
0239;145232686;1;0;1186;1#2;30;
0239;145232687;1;0;1981;1#2;30;
0239;145232688;1;0;882;1#2;30;
0239;145232689;1;0;3104;1#2;30;
0239;145232690;1;0;542;1#2;50;
0239;145232691;1;0;166;1#2;30;
0239;145232692;1;0;477;1#2;30;
0239;145232693;1;0;129;1#2;30;
0239;145237522;1;0;136;1#2;60;
0239;145237523;1;0;152;1#2;60;
0239;145237524;1;0;103;1#2;60;
0239;145237525;1;0;72;1#2;60;
0239;145237526;1;0;41;1#2;60;
0239;145237527;1;0;133;1#2;60;
0239;145237528;1;0;108;1#2;60;
0239;145237529;1;0;102;1#2;60;
0239;145237530;1;0;1039;1#2;60;
0239;145237530;2;70;1039;1#2;80;
0239;145237531;1;0;87;1#2;80;
0239;145237532;1;0;13;1#2;80;
0239;145237533;1;0;115;1#2;80;
0239;145237534;1;0;705;1#2;80;
0239;145237535;1;0;72;1#2;80;
0239;212422592;1;0;849;1#2;80;
0239;212422592;2;790;849;1#2;60;
0239;212422593;1;0;49;1#2;60;
0239;145237537;1;0;120;1#2;60;
0239;145237538;1;0;108;1#2;60;
0239;145237539;1;0;91;1#2;60;
0239;145237540;1;0;58;1#2;60;
0239;145237541;1;0;46;1#2;60;
0239;145237542;1;0;44;1#2;60;
0239;145237543;1;0;40;1#2;60;
0239;145237544;1;0;74;1#2;60;
0239;145237545;1;0;22;1#2;60;
0239;145237546;1;0;300;1#2;60;
0239;145237547;1;0;121;1#2;60;
0239;145237548;1;0;147;1#2;60;
0239;145237549;1;0;11;1#2;60;
0239;145237550;1;0;80;1#2;60;
0239;145237551;1;0;168;1#2;60;
0239;145237552;1;0;25;1#2;60;
0239;145237553;1;0;16;1#2;60;
0239;145237554;1;0;36;1#2;60;
0239;145237555;1;0;170;1#2;60;
0239;145237556;1;0;167;1#2;60;
0239;145237557;1;0;23;1#2;60;
0239;145237558;1;0;42;1#2;60;
0239;145237559;1;0;6;1#2;60;
0239;145237560;1;0;59;1#2;60;
0239;145237561;1;0;107;1#2;60;
0239;145237562;1;0;147;1#2;60;
0239;145237563;1;0;6;1#2;60;
0239;145237564;1;0;178;1#2;60;
0239;145237565;1;0;415;1#2;60;
0239;145237566;1;0;75;1#2;60;
0239;145237567;1;0;138;1#2;60;
0239;145237568;1;0;120;1#2;60;
0239;145237569;1;0;265;1#2;60;
0239;145237570;1;0;8;1#2;60;
0239;145237571;1;0;183;1#2;60;
0239;145237572;1;0;128;1#2;60;
0239;145237573;1;0;28;1#2;60;
0239;145237574;1;0;287;1#2;60;
0239;145237575;1;0;100;1#2;60;
0239;145237576;1;0;43;1#2;60;
0239;145237577;1;0;170;1#2;60;
0239;145237578;1;0;25;1#2;60;
0239;145237579;1;0;31;1#2;60;
0239;145237580;1;0;12;1#2;60;
0239;145240333;1;0;127;1#2;80;
0239;145240334;1;0;244;1#2;80;
0239;145240335;1;0;131;1#2;80;
0239;145240336;1;0;48;1#2;80;
0239;145240337;1;0;219;1#2;80;
0239;145240338;1;0;480;1#2;80;
0239;145240339;1;0;11;1#2;80;
0239;145240340;1;0;1534;1#2;80;
0239;145240341;1;0;27;1#2;80;
0239;145240342;1;0;599;1#2;80;
0239;145240343;1;0;88;1#2;80;
0239;145240344;1;0;784;1#2;80;
0239;145240345;1;0;924;1#2;80;
0239;145240346;1;0;288;1#2;80;
0239;145240347;1;0;147;1#2;80;
0239;145240348;1;0;94;1#2;80;
0239;145240349;1;0;237;1#2;80;
0239;145240350;1;0;678;1#2;80;
0239;145240351;1;0;447;1#2;80;
0239;145240352;1;0;595;1#2;70;
0239;145240352;1;0;595;1#2;80;
0239;145240352;2;435;595;1#2;50;
0239;145240353;1;0;212;1#2;50;
0239;157022374;1;0;159;1#2;50;
0239;157022375;1;0;6;1#2;50;
0239;145240355;1;0;121;1#2;50;
0239;145240356;1;0;129;1#2;50;
0239;145240357;1;0;185;1#2;50;
0239;145240357;2;47;185;1#2;80;
0239;145240358;1;0;104;1#2;80;
0239;145240358;2;1;104;1#2;70;
0239;212421630;1;0;1256;1#2;70;
0239;212421631;1;0;245;1#2;70;
0239;212421631;2;214;245;1#2;60;
0239;145240360;1;0;82;1#2;60;
0239;145240361;1;0;110;1#2;60;
0239;145240362;1;0;56;1#2;60;
0239;145240363;1;0;171;1#2;60;
0239;145240364;1;0;144;1#2;60;
0239;145240365;1;0;164;1#2;60;
0239;145240366;1;0;294;1#2;60;
0239;145240367;1;0;264;1#2;60;
0239;145240368;1;0;94;1#2;60;
0239;145240369;1;0;99;1#2;60;
0239;145240370;1;0;36;1#2;60;
0239;145240371;1;0;135;1#2;60;
0239;145240372;1;0;136;1#2;60;
0239;145240373;1;0;13;1#2;60;
0239;145240374;1;0;10;1#2;60;
0239;145240375;1;0;206;1#2;60;
0239;145240376;1;0;209;1#2;60;
0239;145240376;2;168;209;1#2;50;
0239;145240377;1;0;60;1#2;50;
0239;145240378;1;0;19;1#2;50;
0239;163755681;1;0;34;1#2;50;
0239;163755682;1;0;29;1#2;50;
0239;145240381;1;0;890;1#2;80;
0239;145240382;1;0;1461;1#2;80;
0239;145240383;1;0;141;1#2;80;
0239;145240384;1;0;650;1#2;80;
0239;145240385;1;0;178;1#2;80;
0239;145240386;1;0;314;1#2;80;
0239;145240387;1;0;113;1#2;80;
0239;145240388;1;0;322;1#2;80;
0239;145240389;1;0;168;1#2;80;
0239;145240390;1;0;74;1#2;80;
0239;145240391;1;0;845;1#2;80;
0239;145240392;1;0;91;1#2;80;
0239;145240393;1;0;455;1#2;80;
0239;145240394;1;0;775;1#2;80;
0239;145240395;1;0;18;1#2;80;
0239;145240396;1;0;235;1#2;80;
0239;145240397;1;0;8;1;50;
0239;145240398;1;0;6;1;50;
0239;145240399;1;0;2;1;50;
0239;145240400;1;0;9;1;50;
0239;145240401;1;0;6;1;50;
0239;145240402;1;0;12;1;50;
0239;145240403;1;0;8;1;50;
0239;145240404;1;0;8;1;50;
0239;145240405;1;0;5;1;50;
0239;145240406;1;0;6;1;50;
0239;145240407;1;0;7;1;50;
0239;145248187;1;0;4;1#2;60;
0239;145248188;1;0;22;1#2;60;
0239;145248189;1;0;56;1#2;60;
0239;145248190;1;0;68;1#2;60;
0239;145248191;1;0;64;1#2;60;
0239;145248192;1;0;86;1#2;60;
0239;145248193;1;0;90;1#2;60;
0239;145248194;1;0;29;1#2;60;
0239;145248195;1;0;312;1#2;60;
0239;145248196;1;0;27;1#2;60;
0239;145248197;1;0;92;1#2;60;
0239;145248198;1;0;48;1#2;60;
0239;145248199;1;0;54;1#2;60;
0239;145248200;1;0;25;1#2;60;
0239;145248201;1;0;182;1#2;60;
0239;145248202;1;0;112;1#2;60;
0239;145248203;1;0;99;1#2;60;
0239;145248204;1;0;77;1#2;60;
0239;145248205;1;0;100;1#2;60;
0239;145248206;1;0;148;1#2;60;
0239;145248207;1;0;37;1#2;60;
0239;145248208;1;0;23;1#2;60;
0239;145248209;1;0;126;1#2;60;
0239;145248210;1;0;233;1#2;60;
0239;212424388;1;0;11;1#2;60;
0239;212424389;1;0;203;1#2;60;
0239;145248212;1;0;63;1#2;60;
0239;145248213;1;0;161;1#2;60;
0239;145248214;1;0;37;1#2;60;
0239;145248215;1;0;91;1#2;60;
0239;145248216;1;0;30;1#2;60;
0239;212424390;1;0;201;1#2;60;
0239;212424391;1;0;35;1#2;60;
0239;145248218;1;0;90;1#2;60;
0239;145248219;1;0;194;1#2;60;
0239;145248220;1;0;94;1#2;60;
0239;145248221;1;0;93;1#2;60;
0239;145248222;1;0;169;1#2;60;
0239;145248223;1;0;522;1#2;60;
0239;145248224;1;0;83;1#2;60;
0239;145248225;1;0;6;1#2;60;
0239;145248226;1;0;3;1#2;60;
0239;145248227;1;0;169;1#2;60;
0239;145248228;1;0;95;1#2;60;
0239;145248229;1;0;130;1#2;60;
0239;145248230;1;0;133;1#2;60;
0239;145248231;1;0;50;1#2;60;
0239;145248232;1;0;336;1#2;60;
0239;145248233;1;0;280;1#2;60;
0239;145248234;1;0;128;1#2;60;
0239;145248235;1;0;202;1#2;60;
0239;145248236;1;0;146;1#2;60;
0239;145248237;1;0;158;1#2;60;
0239;145248238;1;0;128;1#2;60;
0239;145248239;1;0;82;1#2;60;
0239;145248240;1;0;237;1#2;60;
0239;145248241;1;0;105;1#2;60;
0239;145248241;2;87;105;1#2;50;
0239;145248242;1;0;152;1#2;50;
0239;145248243;1;0;81;1#2;50;
0239;145248244;1;0;53;1#2;50;
0239;145248245;1;0;10;1#2;50;
0239;145248246;1;0;219;1#2;50;
0239;145248247;1;0;13;1#2;50;
0239;145248248;1;0;13;1#2;50;
0239;145248249;1;0;46;1#2;50;
0239;145248250;1;0;19;1#2;50;
0239;145248251;1;0;41;1#2;50;
0239;145248252;1;0;78;1#2;50;
0239;145248253;1;0;20;1#2;50;
0239;145248254;1;0;14;1#2;50;
0239;145248255;1;0;6;1#2;50;
0239;145248258;1;0;67;1#2;50;
0239;145248259;1;0;23;1#2;50;
0239;145248260;1;0;54;1#2;50;
0239;145248260;2;30;54;1#2;60;
0239;145248261;1;0;46;1#2;60;
0239;145248262;1;0;82;1#2;60;
0239;145248263;1;0;147;1#2;60;
0239;145248264;1;0;60;1#2;60;
0239;145248265;1;0;54;1#2;60;
0239;145248266;1;0;7;1#2;60;
0239;145248267;1;0;98;1#2;60;
0239;145248268;1;0;13;1#2;60;
0239;145248269;1;0;85;1#2;60;
0239;145248270;1;0;28;1#2;60;
0239;145248271;1;0;141;1#2;60;
0239;145248272;1;0;35;1#2;60;
0239;145248273;1;0;19;1#2;60;
0239;145248274;1;0;67;1#2;60;
0239;145248275;1;0;157;1#2;60;
0239;145248276;1;0;347;1#2;60;
0239;145248277;1;0;169;1#2;60;
0239;145248278;1;0;118;1#2;60;
0239;145248279;1;0;245;1#2;60;
0239;145248280;1;0;352;1#2;60;
0239;145248280;2;226;352;1#2;40;
0239;145248281;1;0;273;1#2;40;
0239;145248281;2;199;273;1#2;60;
0239;145248282;1;0;65;1#2;60;
0239;145248283;1;0;94;1#2;60;
0239;145248284;1;0;49;1#2;60;
0239;145248285;1;0;603;1#2;60;
0239;145248286;1;0;16;1#2;60;
0239;145248287;1;0;25;1#2;60;
0239;145248288;1;0;243;1#2;60;
0239;145248288;2;80;243;1#2;80;
0239;145248289;1;0;159;1#2;80;
0239;145248290;1;0;291;1#2;80;
0239;145248291;1;0;153;1#2;80;
0239;145248292;1;0;101;1#2;80;
0239;145248293;1;0;69;1#2;80;
0239;145248294;1;0;526;1#2;80;
0239;145248294;2;439;526;1#2;60;
0239;145248295;1;0;92;1#2;60;
0239;145248296;1;0;215;1#2;60;
0239;145248297;1;0;147;1#2;60;
0239;145248298;1;0;111;1#2;60;
0239;145248299;1;0;248;1#2;60;
0239;145248300;1;0;156;1#2;60;
0239;145248301;1;0;135;1#2;60;
0239;145248302;1;0;66;1#2;60;
0239;145248303;1;0;38;1#2;60;
0239;145248304;1;0;189;1#2;60;
0239;145248304;2;119;189;1#2;50;
0239;145248305;1;0;164;1#2;50;
0239;145248306;1;0;34;1#2;50;
0239;145248307;1;0;19;1#2;50;
0239;145248308;1;0;103;1#2;50;
0239;145248309;1;0;96;1#2;50;
0239;145248310;1;0;187;1#2;50;
0239;145248310;2;104;187;1;80;
0239;145248310;2;104;187;2;60;
0239;145248311;1;0;481;1;80;
0239;145248311;1;0;481;2;60;
0239;145248311;2;116;481;2;80;
0239;145248312;1;0;371;1;80;
0239;145248312;1;0;371;2;80;
0239;145248313;1;0;673;1;80;
0239;145248313;1;0;673;2;80;
0239;145248314;1;0;1036;1;80;
0239;145248314;1;0;1036;2;80;
0239;145248315;1;0;70;1;80;
0239;145248315;1;0;70;2;80;
0239;145248316;1;0;81;1;80;
0239;145248316;1;0;81;2;80;
0239;145248317;1;0;485;1;80;
0239;145248317;1;0;485;2;80;
0239;145248318;1;0;44;1;80;
0239;145248318;1;0;44;2;80;
0239;145248319;1;0;70;1;80;
0239;145248319;1;0;70;2;80;
0239;145248320;1;0;268;1;80;
0239;145248320;1;0;268;2;80;
0239;145248321;1;0;5;1#2;80;
0239;145248322;1;0;641;1#2;80;
0239;145248323;1;0;286;1#2;80;
0239;145248324;1;0;32;1#2;80;
0239;145248325;1;0;97;1#2;80;
0239;145248326;1;0;249;1#2;80;
0239;145248327;1;0;242;1#2;80;
0239;145248328;1;0;330;1#2;80;
0239;145248329;1;0;800;1#2;80;
0239;145248330;1;0;1105;1#2;80;
0239;145248331;1;0;2304;1#2;80;
0239;145248332;1;0;176;1#2;80;
0239;145248333;1;0;10;1#2;80;
0239;145248334;1;0;1203;1#2;80;
0239;145248335;1;0;590;1#2;80;
0239;145248335;2;547;590;1#2;50;
0239;145248336;1;0;194;1#2;50;
0239;145248337;1;0;70;1#2;50;
0239;145251422;1;0;137;1#2;60;
0239;145251423;1;0;85;1#2;60;
0239;145251424;1;0;15;1#2;60;
0239;145251425;1;0;22;1#2;60;
0239;145251426;1;0;5;1#2;60;
0239;212417985;1;0;86;1#2;60;
0239;212417986;1;0;100;1#2;60;
0239;145251428;1;0;36;1#2;60;
0239;145251429;1;0;171;1#2;60;
0239;145251430;1;0;100;1#2;60;
0239;145251431;1;0;39;1#2;60;
0239;145251432;1;0;230;1#2;60;
0239;145251433;1;0;56;1#2;60;
0239;145251434;1;0;232;1#2;60;
0239;145251435;1;0;63;1#2;60;
0239;145251436;1;0;154;1#2;60;
0239;145251437;1;0;292;1#2;60;
0239;145251438;1;0;136;1#2;60;
0239;145251439;1;0;138;1#2;60;
0239;145251440;1;0;227;1#2;60;
0239;157022380;1;0;147;1#2;60;
0239;157022381;1;0;558;1#2;60;
0239;145251442;1;0;90;1#2;60;
0239;145251443;1;0;230;1#2;60;
0239;145251445;1;0;70;1#2;60;
0239;145251446;1;0;3;1#2;60;
0239;145251447;1;0;113;1#2;60;
0239;145251448;1;0;377;1#2;60;
0239;145251449;1;0;441;1#2;60;
0239;145251450;1;0;101;1#2;60;
0239;145251451;1;0;241;1#2;60;
0239;145251452;1;0;7;1#2;60;
0239;145251453;1;0;146;1#2;60;
0239;145251454;1;0;180;1#2;60;
0239;145251455;1;0;36;1#2;60;
0239;145251456;1;0;141;1#2;60;
0239;145251457;1;0;167;1#2;60;
0239;145251457;2;109;167;1#2;80;
0239;145251458;1;0;348;1#2;80;
0239;145251459;1;0;104;1#2;80;
0239;145251460;1;0;16;1#2;80;
0239;212421632;1;0;45;1#2;80;
0239;212421633;1;0;313;1#2;80;
0239;145251462;1;0;879;1#2;80;
0239;145251463;1;0;161;1#2;80;
0239;145251464;1;0;898;1#2;80;
0239;145251465;1;0;204;1#2;80;
0239;145251466;1;0;40;1#2;80;
0239;145251467;1;0;38;1#2;80;
0239;145251468;1;0;9;1#2;80;
0239;145251469;1;0;11;1#2;80;
0239;145251470;1;0;175;1#2;80;
0239;145251471;1;0;276;1#2;80;
0239;145251472;1;0;366;1#2;80;
0239;145251473;1;0;1054;1#2;80;
0239;145251474;1;0;97;1#2;80;
0239;145251475;1;0;334;1#2;80;
0239;145251476;1;0;692;1#2;80;
0239;145251477;1;0;77;1#2;80;
0239;145251478;1;0;280;1#2;80;
0239;145251479;1;0;145;1#2;80;
0239;145251480;1;0;384;1#2;80;
0239;145251481;1;0;880;1#2;80;
0239;145251482;1;0;82;1#2;80;
0239;145251483;1;0;703;1#2;80;
0239;145251484;1;0;831;1#2;80;
0239;145251485;1;0;235;1#2;80;
0239;145251486;1;0;130;1#2;80;
0239;145251487;1;0;109;1#2;80;
0239;145251488;1;0;92;1#2;80;
0239;145251489;1;0;579;1#2;80;
0239;145251490;1;0;8;1#2;80;
0239;145251491;1;0;125;1#2;80;
0239;145251492;1;0;911;1#2;80;
0239;145251492;2;832;911;1#2;60;
0239;145251493;1;0;58;1#2;60;
0239;145251494;1;0;150;1#2;60;
0239;145251495;1;0;97;1#2;60;
0239;145251496;1;0;128;1#2;60;
0239;145251497;1;0;9;1#2;60;
0239;145251498;1;0;115;1#2;60;
0239;145251499;1;0;8;1#2;60;
0239;145251500;1;0;118;1#2;60;
0239;145251501;1;0;33;1#2;60;
0239;145251502;1;0;252;1#2;60;
0239;145251502;2;178;252;1#2;80;
0239;145251503;1;0;993;1#2;80;
0239;157022384;1;0;27;1;50;
0239;157022385;1;0;17;1;50;
0239;145254261;1;0;50;1;50;
0239;145254261;2;39;50;1;60;
0239;145254262;1;0;5;1;60;
0239;157022386;1;0;5;1;60;
0239;157022387;1;0;16;1;60;
0239;145255466;1;0;7;1;50;
0239;145255467;1;0;34;1;50;
0239;145255468;1;0;16;1;50;
0239;157022388;1;0;18;1;50;
0239;157022389;1;0;3;1;50;
0239;145255470;1;0;8;1;50;
0239;145255471;1;0;7;1;50;
0239;145256337;1;0;19;1;30;
0239;157022390;1;0;27;2;50;
0239;157022391;1;0;17;2;50;
0239;145258057;1;0;50;2;50;
0239;145258057;2;39;50;2;60;
0239;145258058;1;0;5;2;60;
0239;145258059;1;0;10;2;60;
0239;145258060;1;0;11;2;60;
0239;145259262;1;0;7;2;50;
0239;145259263;1;0;27;2;50;
0239;145259264;1;0;7;2;50;
0239;157022392;1;0;34;2;50;
0239;157022393;1;0;3;2;50;
0239;145259266;1;0;8;2;50;
0239;145259267;1;0;7;2;50;
0239;145259975;1;0;19;2;30;
0239;159958474;1;0;148;1#2;30;
0239;159958475;1;0;24;1#2;30;
0239;159958476;1;0;144;1#2;30;
0239;159959001;1;0;120;1#2;30;
0239;212410589;1;0;203;1#2;30;
0239;212410590;1;0;199;1#2;30;
0239;212410591;1;0;191;1#2;30;
0239;212410592;1;0;169;1#2;30;
0239;212410593;1;0;140;1#2;30;
0239;212411124;1;0;52;1#2;30;
0239;212415068;1;0;105;1#2;30;
0239;212415069;1;0;66;1#2;30;
0239;212415070;1;0;164;1#2;30;
0239;212415071;1;0;68;1#2;30;
0239;212415072;1;0;135;1#2;30;
0239;212415073;1;0;212;1#2;30;
0239;212415074;1;0;15;1#2;30;
0239;212417987;1;0;177;1#2;30;
0239;212417987;1;0;177;1#2;30;
0239;212417988;1;0;67;1#2;30;
0239;212417989;1;0;123;1#2;30;
0239;212417990;1;0;163;1#2;30;
0239;212417991;1;0;114;1#2;50;
0239;212417992;1;0;40;1#2;50;
0239;212417993;1;0;17;1#2;50;
0239;212417994;1;0;53;1#2;50;
0239;212417995;1;0;6;1#2;50;
0239;212417995;1;0;6;1#2;50;
0239;212421634;1;0;209;1#2;30;
0239;212421635;1;0;64;1#2;30;
0239;247583471;1;0;22;1#2;30;
0239;247583471;1;0;22;1#2;30;
0239;247583472;1;0;96;1#2;30;
0239;247583472;1;0;96;1#2;30;
0239;212421637;1;0;76;1#2;30;
0239;212421638;1;0;85;1#2;30;
0239;212421639;1;0;13;1#2;30;
0239;212421640;1;0;145;1#2;30;
0239;212421641;1;0;68;1#2;30;
0239;212421642;1;0;185;1#2;30;
0239;212421643;1;0;180;1#2;30;
0239;212421644;1;0;59;1#2;30;
0239;212421645;1;0;71;1#2;30;
0239;212421646;1;0;41;1#2;30;
0239;212421647;1;0;141;1#2;30;
0239;212422594;1;0;321;1#2;30;
0239;212422595;1;0;148;1#2;30;
0239;212422596;1;0;89;1#2;30;
0239;212424392;1;0;71;1#2;30;
0239;212424393;1;0;82;1#2;30;
0239;212424394;1;0;96;1#2;30;
0239;212424395;1;0;123;1#2;30;
0239;212424396;1;0;128;1#2;30;
0239;212424397;1;0;126;1#2;30;
0239;276906764;1;0;90;1#2;30;
0239;276906765;1;0;39;1#2;30;
0239;276906766;1;0;232;1#2;30;
