*0514*2011 VEGNETT*20110511*INNF*20110511*VDB SVNT*AHT
..Eksport-dato 20110511


Komm; TransID;kode;Fra;   Til;felt;Retning;
0514;145497997;1;0;4;1;2;
0514;145497998;1;0;5;1;2;
0514;145497999;1;0;7;1;2;
0514;145498000;1;0;5;1;2;
0514;145498001;1;0;4;1;2;
0514;145498002;1;0;5;1;2;
0514;145498003;1;0;11;1;2;
0514;145498004;1;0;7;1;2;
0514;145498005;1;0;5;1;2;
0514;145514628;1;0;15;1;2;
0514;145514629;1;0;21;1;2;
0514;145514630;1;0;27;1;2;
0514;145514753;1;0;5;1;2;
0514;180076561;1;0;9;1;2;
0514;180076562;1;0;46;1;2;
0514;180076563;1;0;24;1;2;
0514;180076564;1;0;11;1;2;
0514;145515152;1;0;3;1;2;
0514;230230284;1;0;9;1;2;
0514;230230285;1;0;12;1;2;
0514;145515261;1;0;6;1;2;
0514;145515606;1;0;36;2;1;
0514;145515607;1;0;27;2;1;
0514;145515732;1;0;5;2;1;
0514;180076565;1;0;9;2;1;
0514;180076566;1;0;46;2;1;
0514;180076567;1;0;24;2;1;
0514;180076568;1;0;11;2;1;
0514;145516141;1;0;3;2;1;
0514;230230286;1;0;11;2;1;
0514;230230287;1;0;10;2;1;
0514;145516232;1;0;6;2;1;
