*0412*2011 VEGNETT*20110511*INNF*20110511*VDB SVNT*AHT
..Eksport-dato 20110511


Komm; TransID;kode;Fra;   Til;felt;Retning;
0412;145332796;1;0;50;1;2;
0412;266176806;1;0;10;1;2;
0412;266176808;1;0;6;1;2;
0412;220033965;1;0;24;1;2;
0412;220033966;1;0;40;1;2;
0412;220033967;1;0;18;1;2;
0412;145340527;1;0;214;1;2;
0412;145390654;1;0;12;1S;2;
0412;145390655;1;0;313;1;2;
0412;145390656;1;0;3;1S;2;
0412;145390657;1;0;3;1S;2;
0412;145390658;1;0;396;1;2;
0412;145390659;1;0;15;1S;2;
0412;145390660;1;0;3;1S;2;
0412;246446255;1;0;7;1;2;
0412;246446256;1;0;333;1;2;
0412;145390662;1;0;13;1S;2;
0412;145390663;1;0;11;1S;2;
0412;246445933;1;0;338;1;2;
0412;246445934;1;0;8;1;2;
0412;145390665;1;0;3;1S;2;
0412;145390667;1;0;376;1;2;
0412;145390668;1;0;3;1S;2;
0412;145390669;1;0;3;1S;2;
0412;145390670;1;0;475;1;2;
0412;145390672;1;0;3;1S;2;
0412;219517523;1;0;6;1;2;
0412;219517524;1;0;312;1;2;
0412;145390676;1;0;370;1;2;
0412;145390677;1;0;3;1S;2;
0412;145390678;1;0;9;1S;2;
0412;145390679;1;0;208;1;2;
0412;145390680;1;0;10;1S;2;
0412;145390681;1;0;12;1;2;
0412;145390682;1;0;191;1;2;
0412;145390688;1;0;5;1S;2;
0412;145390689;1;0;311;1;2;
0412;145390690;1;0;10;1S;2;
0412;145390691;1;0;10;1S;2;
0412;145390692;1;0;304;1;2;
0412;145390693;1;0;14;1S;2;
0412;145390694;1;0;11;1S;2;
0412;145390695;1;0;128;1;2;
0412;145390702;1;0;39;1;2;
0412;145390703;1;0;5;1S;2;
0412;145390704;1;0;28;1;2;
0412;145390705;1;0;11;1S;2;
0412;145390706;1;0;12;1S;2;
0412;145390707;1;0;157;1;2;
0412;145390709;1;0;119;1;2;
0412;145390710;1;0;52;1;2;
0412;145390711;1;0;30;1;2;
0412;145390712;1;0;3;1;2;
0412;266176815;1;0;23;1;2;
0412;145390719;1;0;117;1;2;
0412;145390724;1;0;143;1;2;
0412;145390725;1;0;219;1;2;
0412;145390726;1;0;3;1S;2;
0412;145390727;1;0;3;1S;2;
0412;145390728;1;0;355;1;2;
0412;145390730;1;0;3;1S;2;
0412;145390731;1;0;412;1;2;
0412;145390734;1;0;160;1;2;
0412;145390735;1;0;205;1;2;
0412;145390736;1;0;3;1S;2;
0412;145390737;1;0;12;1S;2;
0412;145390738;1;0;152;1;2;
0412;145390739;1;0;19;1;2;
0412;145390744;1;0;428;1;2;
0412;145390745;1;0;13;1S;2;
0412;145390746;1;0;7;1S;2;
0412;145390747;1;0;262;1;2;
0412;145390748;1;0;10;1S;2;
0412;145390749;1;0;13;1S;2;
0412;145390750;1;0;174;1;2;
0412;145390751;1;0;208;1;2;
0412;220033968;1;0;19;1;2;
0412;220033969;1;0;16;1;2;
0412;145390753;1;0;6;1S;2;
0412;145390763;1;0;14;1;2;
0412;145390764;1;0;8;1;2;
0412;145390765;1;0;6;1;2;
0412;145390766;1;0;10;1;2;
0412;145390767;1;0;13;1;2;
0412;145390768;1;0;9;1;2;
0412;145390769;1;0;13;1;2;
0412;145390770;1;0;11;1;2;
0412;145390771;1;0;10;1;2;
0412;145394274;1;0;5;1;2;
0412;145394275;1;0;9;1;2;
0412;145394276;1;0;6;1;2;
0412;145394277;1;0;6;1;2;
0412;145394278;1;0;14;1;2;
0412;145394279;1;0;4;1;2;
0412;145394280;1;0;8;1;2;
0412;145394281;1;0;10;1;2;
0412;145394282;1;0;6;1;2;
0412;145394283;1;0;8;1;2;
0412;145394284;1;0;7;1;2;
0412;145395669;1;0;7;1;2;
0412;145395670;1;0;4;1;2;
0412;145395671;1;0;5;1;2;
0412;145395672;1;0;5;1;2;
0412;145395673;1;0;5;1;2;
0412;145395674;1;0;6;1;2;
0412;145395675;1;0;6;1;2;
0412;145395676;1;0;4;1;2;
0412;145395677;1;0;6;1;2;
0412;145395678;1;0;4;1;2;
0412;145395679;1;0;6;1;2;
0412;145395680;1;0;7;1;2;
0412;145395681;1;0;9;1;2;
0412;145395682;1;0;12;1;2;
0412;145395683;1;0;3;1;2;
0412;145395684;1;0;11;1;2;
0412;145395685;1;0;7;1;2;
0412;145395686;1;0;13;1;2;
0412;145395687;1;0;11;1;2;
0412;145395688;1;0;3;1;2;
0412;145395689;1;0;11;1;2;
0412;145395690;1;0;17;1;2;
0412;145396372;1;0;22;1;2;
0412;145396373;1;0;14;1;2;
0412;145396374;1;0;17;1;2;
0412;145396375;1;0;14;1;2;
0412;145396376;1;0;23;1;2;
0412;145411186;1;0;184;1#1F;2;
0412;145411187;1;0;150;1#1F;2;
0412;145411188;1;0;4;1#1F;2;
0412;145411189;1;0;344;1#1F;2;
0412;145411190;1;0;15;1#1F;2;
0412;145411191;1;0;331;1#1F;2;
0412;145411192;1;0;33;1#1F;2;
0412;145411193;1;0;229;1#1F;2;
0412;145411194;1;0;105;1#1F;2;
0412;145411195;1;0;465;1#1F;2;
0412;145411196;1;0;8;1;2;
0412;145411197;1;0;31;1;2;
0412;145411198;1;0;24;1;2;
0412;145411199;1;0;3;1;2;
0412;145411200;1;0;10;1;2;
0412;145411218;1;0;14;1;2;
0412;145411219;1;0;13;1;2;
0412;145411220;1;0;23;1;2;
0412;145411221;1;0;13;1;2;
0412;145411222;1;0;60;1;2;
0412;145411223;1;0;11;1;2;
0412;145411224;1;0;22;1;2;
0412;145411225;1;0;8;1;2;
0412;145411226;1;0;35;1;2;
0412;145411227;1;0;4;1;2;
0412;145411228;1;0;4;1;2;
0412;145411229;1;0;34;1;2;
0412;145411232;1;0;3;1;2;
0412;145411233;1;0;40;1;2;
0412;145411234;1;0;21;1;2;
0412;145411235;1;0;4;1;2;
0412;145411236;1;0;3;1;2;
0412;145411237;1;0;10;1;2;
0412;145411238;1;0;8;1;2;
0412;145411239;1;0;3;1;2;
0412;145411670;1;0;2;1;2;
0412;145411671;1;0;1;1;2;
0412;145411672;1;0;26;1;2;
0412;145411673;1;0;16;1;2;
0412;145411674;1;0;29;1;2;
0412;145411675;1;0;45;1;2;
0412;145411676;1;0;15;1;2;
0412;145411677;1;0;60;1;2;
0412;145411678;1;0;5;1;2;
0412;145411679;1;0;66;1;2;
0412;145411680;1;0;66;1;2;
0412;145411681;1;0;24;1;2;
0412;145411682;1;0;61;1#1V1;2;
0412;145411683;1;0;67;1;2;
0412;145411684;1;0;47;1;2;
0412;145411685;1;0;34;1#1V1;2;
0412;145411686;1;0;8;1;2;
0412;145411687;1;0;75;1;2;
0412;145411688;1;0;3;1;2;
0412;145411689;1;0;4;1;2;
0412;145411690;1;0;46;1;2;
0412;145411710;1;0;8;1;2;
0412;145411711;1;0;4;1;2;
0412;159874070;1;0;10;1;2;
0412;159874071;1;0;14;1;2;
0412;145411784;1;0;3;1;2;
0412;159874072;1;0;9;1;2;
0412;159874073;1;0;20;1;2;
0412;145411786;1;0;7;1;2;
0412;145411787;1;0;28;1;2;
0412;145411788;1;0;20;1;2;
0412;145411789;1;0;4;1;2;
0412;145411790;1;0;37;1;2;
0412;145411791;1;0;36;1;2;
0412;145411792;1;0;45;1;2;
0412;145411796;1;0;4;1;2;
0412;145411797;1;0;14;1;2;
0412;145411798;1;0;8;1;2;
0412;159874074;1;0;18;1;2;
0412;159874075;1;0;9;1;2;
0412;145411800;1;0;4;1;2;
0412;145411801;1;0;37;1;2;
0412;145411802;1;0;3;1;2;
0412;145411803;1;0;27;1;2;
0412;145411806;1;0;5;1;2;
0412;160026223;1;0;6;1;2;
0412;160026224;1;0;22;1;2;
0412;145411808;1;0;9;1;2;
0412;145411809;1;0;3;1;2;
0412;145411810;1;0;12;1;2;
0412;145411811;1;0;38;1;2;
0412;145411812;1;0;3;1;2;
0412;267017118;1;0;12;1;2;
0412;267017119;1;0;4;1;2;
0412;267017120;1;0;4;1;2;
0412;267017121;1;0;11;1;2;
0412;145411814;1;0;26;1;2;
0412;145411815;1;0;27;1;2;
0412;145411816;1;0;4;1;2;
0412;145411817;1;0;11;1;2;
0412;145411818;1;0;11;1;2;
0412;145411819;1;0;4;1;2;
0412;267017122;1;0;10;1;2;
0412;267017123;1;0;4;1;2;
0412;145411821;1;0;11;1;2;
0412;145411822;1;0;20;1;2;
0412;145411823;1;0;4;1;2;
0412;145411824;1;0;9;1;2;
0412;145411839;1;0;28;1;2;
0412;145411887;1;0;8;1;2;
0412;145411888;1;0;7;1;2;
0412;145411889;1;0;28;1;2;
0412;145411890;1;0;28;1;2;
0412;145411891;1;0;26;1#1H1;2;
0412;145411892;1;0;11;1;2;
0412;145411893;1;0;53;1;2;
0412;145411894;1;0;156;1;2;
0412;145411895;1;0;121;1;2;
0412;145411896;1;0;52;1;2;
0412;145411897;1;0;5;1;2;
0412;145411898;1;0;6;1;2;
0412;145411899;1;0;199;1;2;
0412;145411900;1;0;219;1;2;
0412;145411901;1;0;61;1;2;
0412;145411902;1;0;158;1;2;
0412;145411903;1;0;82;1;2;
0412;145411904;1;0;6;1;2;
0412;197955435;1;0;196;1;2;
0412;145411918;1;0;41;1;2;
0412;145411919;1;0;166;1;2;
0412;145411920;1;0;5;1;2;
0412;145411921;1;0;28;1;2;
0412;145411922;1;0;99;1;2;
0412;145411923;1;0;49;1;2;
0412;145411929;1;0;10;1;2;
0412;145411930;1;0;23;1;2;
0412;145411935;1;0;33;1;2;
0412;145411936;1;0;26;1;2;
0412;145411937;1;0;125;1;2;
0412;145411938;1;0;5;1;2;
0412;145411939;1;0;8;1;2;
0412;145411940;1;0;43;1;2;
0412;145411941;1;0;54;1;2;
0412;145412276;1;0;31;1;2;
0412;159874076;1;0;11;1;2;
0412;159874077;1;0;17;1;2;
0412;145412278;1;0;26;1;2;
0412;145412279;1;0;42;1;2;
0412;160026227;1;0;9;1;2;
0412;160026228;1;0;40;1;2;
0412;145412283;1;0;28;1;2;
0412;145412284;1;0;51;1;2;
0412;145412287;1;0;17;1;2;
0412;145412290;1;0;26;1;2;
0412;145412291;1;0;42;1;2;
0412;145412292;1;0;25;1;2;
0412;145412293;1;0;9;1;2;
0412;145412294;1;0;38;1;2;
0412;145412295;1;0;37;1;2;
0412;145412296;1;0;20;1;2;
0412;145412297;1;0;7;1;2;
0412;145412298;1;0;39;1;2;
0412;145412299;1;0;9;1;2;
0412;145412300;1;0;26;1;2;
0412;145412418;1;0;21;1;2;
0412;145412419;1;0;10;1;2;
0412;145412420;1;0;32;1;2;
0412;145412421;1;0;10;1;2;
0412;145412422;1;0;28;1;2;
0412;145412423;1;0;36;1;2;
0412;145412424;1;0;24;1;2;
0412;145412425;1;0;5;1;2;
0412;145412488;1;0;184;2;1;
0412;145412489;1;0;150;2;1;
0412;145412490;1;0;348;2;1;
0412;145412491;1;0;15;2;1;
0412;145412492;1;0;320;2;1;
0412;145412493;1;0;11;2;1;
0412;145412494;1;0;33;2;1;
0412;145412495;1;0;229;2;1;
0412;145412496;1;0;105;2;1;
0412;145412497;1;0;465;2;1;
0412;145412498;1;0;8;2;1;
0412;145412499;1;0;31;2;1;
0412;145412500;1;0;24;2;1;
0412;145412501;1;0;5;2;1;
0412;145412502;1;0;8;2;1;
0412;145412505;1;0;60;2;1;
0412;145412506;1;0;11;2;1;
0412;145412507;1;0;22;2;1;
0412;145412508;1;0;8;2;1;
0412;145412509;1;0;35;2;1;
0412;145412510;1;0;4;2;1;
0412;145412511;1;0;4;2;1;
0412;145412512;1;0;34;2;1;
0412;145412515;1;0;3;2;1;
0412;145412516;1;0;40;2;1;
0412;145412517;1;0;21;2;1;
0412;145412518;1;0;4;2;1;
0412;145412519;1;0;3;2;1;
0412;145412520;1;0;10;2;1;
0412;145412970;1;0;2;2;1;
0412;145412971;1;0;1;2;1;
0412;145412972;1;0;42;2;1;
0412;145412973;1;0;29;2;1;
0412;145412974;1;0;45;2;1;
0412;145412975;1;0;15;2;1;
0412;145412976;1;0;56;2;1;
0412;145412977;1;0;4;2;1;
0412;145412978;1;0;5;2;1;
0412;145412979;1;0;61;2#2V1;1;
0412;145412980;1;0;5;2#2V1;1;
0412;145412981;1;0;66;2#2V1;1;
0412;145412982;1;0;24;2;1;
0412;145412983;1;0;54;2;1;
0412;145412984;1;0;7;2;1;
0412;145412985;1;0;6;2;1;
0412;145412986;1;0;61;2;1;
0412;145412987;1;0;47;2;1;
0412;145412988;1;0;34;2;1;
0412;145412989;1;0;8;2;1;
0412;145412990;1;0;3;2;1;
0412;145412991;1;0;75;2;1;
0412;145412992;1;0;3;2;1;
0412;159874078;1;0;22;2;1;
0412;159874079;1;0;25;2;1;
0412;145413012;1;0;8;2;1;
0412;145413013;1;0;4;2;1;
0412;159874080;1;0;10;2;1;
0412;159874081;1;0;14;2;1;
0412;145413087;1;0;3;2;1;
0412;159874082;1;0;9;2;1;
0412;159874083;1;0;20;2;1;
0412;145413089;1;0;7;2;1;
0412;145413090;1;0;28;2;1;
0412;145413091;1;0;20;2;1;
0412;145413092;1;0;4;2;1;
0412;145413093;1;0;37;2;1;
0412;145413094;1;0;36;2;1;
0412;145413095;1;0;45;2;1;
0412;145413099;1;0;4;2;1;
0412;145413100;1;0;14;2;1;
0412;145413101;1;0;8;2;1;
0412;145413102;1;0;27;2;1;
0412;145413103;1;0;4;2;1;
0412;145413104;1;0;37;2;1;
0412;145413105;1;0;3;2;1;
0412;145413106;1;0;27;2;1;
0412;145413109;1;0;5;2;1;
0412;160026229;1;0;6;2;1;
0412;160026230;1;0;22;2;1;
0412;145413111;1;0;9;2;1;
0412;145413112;1;0;3;2;1;
0412;145413113;1;0;50;2;1;
0412;145413114;1;0;3;2;1;
0412;267017124;1;0;12;2;1;
0412;267017125;1;0;4;2;1;
0412;267017126;1;0;5;2;1;
0412;267017127;1;0;10;2;1;
0412;145413116;1;0;26;2;1;
0412;145413117;1;0;13;2;1;
0412;145413118;1;0;14;2;1;
0412;145413119;1;0;4;2;1;
0412;145413120;1;0;11;2;1;
0412;145413121;1;0;11;2;1;
0412;145413122;1;0;4;2;1;
0412;248900025;1;0;11;2;1;
0412;248900026;1;0;14;2;1;
0412;145413124;1;0;20;2;1;
0412;145413125;1;0;4;2;1;
0412;145413126;1;0;9;2;1;
0412;145413141;1;0;28;2;1;
0412;145413192;1;0;8;2;1;
0412;145413193;1;0;7;2;1;
0412;145413194;1;0;28;2#2H1;1;
0412;145413195;1;0;28;2;1;
0412;145413196;1;0;26;2;1;
0412;145413197;1;0;11;2;1;
0412;145413198;1;0;3;2;1;
0412;145413199;1;0;56;2;1;
0412;145413200;1;0;150;2;1;
0412;145413201;1;0;178;2;1;
0412;145413202;1;0;205;2;1;
0412;145413203;1;0;213;2;1;
0412;145413204;1;0;6;2;1;
0412;145413205;1;0;6;2;1;
0412;145413206;1;0;55;2;1;
0412;145413207;1;0;158;2;1;
0412;145413208;1;0;88;2;1;
0412;197955436;1;0;196;2;1;
0412;145413222;1;0;41;2;1;
0412;145413223;1;0;156;2;1;
0412;145413224;1;0;10;2;1;
0412;145413225;1;0;5;2;1;
0412;145413226;1;0;23;2#2V1;1;
0412;145413227;1;0;5;2#2V1;1;
0412;145413228;1;0;99;2;1;
0412;145413229;1;0;49;2;1;
0412;145413236;1;0;10;2;1;
0412;145413237;1;0;23;2;1;
0412;145413243;1;0;33;2;1;
0412;145413244;1;0;26;2;1;
0412;145413245;1;0;6;2;1;
0412;145413246;1;0;124;2;1;
0412;145413247;1;0;5;2;1;
0412;145413248;1;0;46;2;1;
0412;145413249;1;0;54;2;1;
0412;145413575;1;0;31;2;1;
0412;159874084;1;0;11;2;1;
0412;159874085;1;0;17;2;1;
0412;145413577;1;0;26;2;1;
0412;145413578;1;0;42;2;1;
0412;160026231;1;0;9;2;1;
0412;160026232;1;0;40;2;1;
0412;145413580;1;0;28;2;1;
0412;145413581;1;0;51;2;1;
0412;246445040;1;0;7;2;1;
0412;246445041;1;0;10;2;1;
0412;145413583;1;0;26;2;1;
0412;145413584;1;0;42;2;1;
0412;145413585;1;0;25;2;1;
0412;145413586;1;0;9;2;1;
0412;145413587;1;0;38;2;1;
0412;145413588;1;0;37;2;1;
0412;145413589;1;0;27;2;1;
0412;145413590;1;0;39;2;1;
0412;145413591;1;0;35;2;1;
0412;145413674;1;0;21;2;1;
0412;145413675;1;0;10;2;1;
0412;145413676;1;0;32;2;1;
0412;145413677;1;0;10;2;1;
0412;145413678;1;0;28;2;1;
0412;145413679;1;0;36;2;1;
0412;145413680;1;0;29;2;1;
0412;145413898;1;0;24;2H1;1;
0412;145413899;1;0;28;2H1;1;
0412;145413900;1;0;26;1H1;2;
0412;145413901;1;0;47;1H1;2;
0412;145413904;1;0;28;2H1;1;
0412;145413905;1;0;29;2V1;1;
0412;197955443;1;0;6;1;2;
0412;197955444;1;0;8;1;2;
0412;197955445;1;0;6;1;2;
0412;197955446;1;0;27;2;1;
0412;197955447;1;0;27;1;2;
0412;197955448;1;0;6;1;2;
0412;197955449;1;0;20;1;2;
0412;197955450;1;0;7;1;2;
0412;197955451;1;0;8;1;2;
0412;197955452;1;0;5;1;2;
0412;197955453;1;0;7;1;2;
0412;197955454;1;0;179;2;1;
0412;197955456;1;0;179;1;2;
0412;197955457;1;0;4;1;2;
0412;197955458;1;0;10;1;2;
0412;197955459;1;0;4;1;2;
0412;197955465;1;0;89;2;1;
0412;197955466;1;0;89;1;2;
0412;197955469;1;0;126;2;1;
0412;197955473;1;0;126;1;2;
0412;197955475;1;0;5;1;2;
0412;197955476;1;0;10;1;2;
0412;197955477;1;0;6;1;2;
0412;197955478;1;0;99;2;1;
0412;197955480;1;0;99;1;2;
0412;197955481;1;0;8;1;2;
0412;197955482;1;0;9;1;2;
0412;197955483;1;0;7;1;2;
0412;197955484;1;0;113;1;2;
0412;197955486;1;0;113;2;1;
0412;197955487;1;0;44;2;1;
0412;197955488;1;0;44;1;2;
0412;197955489;1;0;6;1;2;
0412;197955490;1;0;14;1;2;
0412;197955491;1;0;6;1;2;
0412;197955492;1;0;56;1;2;
0412;197955493;1;0;56;2;1;
0412;197955494;1;0;5;1;2;
0412;197955495;1;0;8;1;2;
0412;197955496;1;0;6;1;2;
0412;197955497;1;0;8;1;2;
0412;197955498;1;0;6;1;2;
0412;197955499;1;0;7;1;2;
0412;197955500;1;0;6;1;2;
0412;197955501;1;0;10;1;2;
0412;197955502;1;0;5;1;2;
0412;197955504;1;0;26;1;2;
0412;197955507;1;0;3;2;1;
0412;197955508;1;0;30;2;1;
0412;197955511;1;0;3;1;2;
0412;197955512;1;0;30;1;2;
0412;197955513;1;0;3;2;1;
0412;197955514;1;0;34;2;1;
0412;197955517;1;0;3;1;2;
0412;197955518;1;0;34;1;2;
0412;197955519;1;0;2;1;2;
0412;197955520;1;0;41;1;2;
0412;197955523;1;0;2;2;1;
0412;197955524;1;0;41;2;1;
0412;197955525;1;0;4;1;2;
0412;197955526;1;0;9;1;2;
0412;197955527;1;0;9;1;2;
0412;197955528;1;0;4;1;2;
0412;266176818;1;0;8;1;2;
0412;266176819;1;0;205;1;2;
0412;266176821;1;0;1296;1;2;
0412;266176822;1;0;1296;2;1;
0412;266176823;1;0;57;2;1;
0412;266176824;1;0;27;2;1;
0412;266176825;1;0;53;2;1;
0412;266176826;1;0;60;2;1;
0412;266176827;1;0;103;2;1;
0412;266176828;1;0;89;2;1;
0412;266176829;1;0;55;2;1;
0412;266176830;1;0;57;1;2;
0412;266176831;1;0;27;1;2;
0412;266176832;1;0;53;1;2;
0412;266176833;1;0;60;1;2;
0412;266176834;1;0;103;1;2;
0412;266176835;1;0;89;1;2;
0412;266176836;1;0;55;1#1F;2;
0412;266176837;1;0;1968;2;1;
0412;266176838;1;0;106;2;1;
0412;266176839;1;0;1968;1#1F;2;
0412;266176840;1;0;106;1;2;
0412;266176841;1;0;10;1;2;
0412;266176842;1;0;10;1;2;
0412;266176843;1;0;10;1;2;
0412;266176844;1;0;319;1;2;
0412;266176845;1;0;15;1;2;
0412;266176846;1;0;434;2;1;
0412;266176847;1;0;15;1;2;
0412;266176848;1;0;654;1;2;
0412;266176849;1;0;63;2;1;
0412;266176850;1;0;12;1;2;
0412;266176851;1;0;16;1;2;
0412;266176852;1;0;63;1;2;
0412;266176853;1;0;654;2;1;
0412;266176854;1;0;115;1;2;
0412;266176855;1;0;168;1;2;
0412;266176856;1;0;168;2;1;
0412;266176857;1;0;156;2;1;
0412;266176858;1;0;156;1;2;
0412;266176859;1;0;2037;1;2;
0412;266176860;1;0;2037;2;1;
0412;266176861;1;0;961;2;1;
0412;266176862;1;0;961;1;2;
0412;266176863;1;0;1123;1;2;
0412;266176864;1;0;1123;2;1;
0412;266176865;1;0;12;1;2;
