*0122*2011 VEGNETT*20110511*FART*20110511*VDB SVNT*AHT
..Eksport-dato 20110511
50;

Komm; TransID;kode;Fra;   Til;felt; Fart;
0122;163302162;1;0;9;1#2;50;
0122;163302163;1;0;41;1#2;50;
0122;145110769;1;0;46;1#2;50;
0122;145110770;1;0;63;1#2;50;
0122;145110771;1;0;83;1#2;50;
0122;145110772;1;0;194;1#2;50;
0122;145110773;1;0;686;1#2;50;
0122;145110774;1;0;226;1#2;50;
0122;145110775;1;0;65;1#2;50;
0122;145110776;1;0;126;1#2;50;
0122;145110777;1;0;85;1#2;50;
0122;145110778;1;0;91;1#2;50;
0122;145110779;1;0;40;1#2;50;
0122;145110780;1;0;97;1#2;50;
0122;145110781;1;0;454;1#2;50;
0122;145110782;1;0;343;1#2;50;
0122;145110783;1;0;1378;1#2;50;
0122;145110785;1;0;31;1#2;50;
0122;145110786;1;0;54;1#2;50;
0122;145110787;1;0;495;1#2;50;
0122;145110788;1;0;175;1#2;50;
0122;145110789;1;0;42;1#2;50;
0122;145110790;1;0;791;1#2;50;
0122;145110791;1;0;218;1#2;50;
0122;145110792;1;0;157;1#2;50;
0122;145110793;1;0;243;1#2;50;
0122;145110794;1;0;204;1#2;30;
0122;163302164;1;0;8;1#2;50;
0122;163302165;1;0;37;1#2;50;
0122;145110796;1;0;109;1#2;50;
0122;145110797;1;0;52;1#2;50;
0122;145110798;1;0;53;1#2;50;
0122;145110799;1;0;50;1#2;50;
0122;145110800;1;0;59;1#2;50;
0122;145110801;1;0;98;1#2;50;
0122;258337210;1;0;385;1#2;50;
0122;258337211;1;0;111;1#2;50;
0122;258337212;1;0;102;1#2;50;
0122;258337213;1;0;74;1#2;50;
0122;264322982;1;0;1;1#2;50;
0122;264322983;1;0;188;1#2;50;
0122;258337215;1;0;11;1#2;50;
0122;145110804;1;0;147;1#2;30;
0122;145110805;1;0;109;1#2;30;
0122;145110806;1;0;51;1#2;30;
0122;145110807;1;0;125;1#2;30;
0122;145110808;1;0;105;1#2;30;
0122;145110809;1;0;106;1#2;30;
0122;258337216;1;0;295;1#2;30;
0122;258337217;1;0;121;1#2;30;
0122;145110811;1;0;318;1#2;30;
0122;145110812;1;0;238;1#2;30;
0122;145110813;1;0;117;1#2;30;
0122;145110814;1;0;241;1#2;30;
0122;145110815;1;0;64;1#2;30;
0122;145110816;1;0;244;1#2;30;
0122;145110817;1;0;122;1#2;30;
0122;145110818;1;0;127;1#2;50;
0122;145110819;1;0;303;1#2;50;
0122;145110820;1;0;177;1#2;30;
0122;145110821;1;0;213;1#2;50;
0122;145110822;1;0;303;1#2;50;
0122;145110823;1;0;141;1#2;50;
0122;145110824;1;0;138;1#2;50;
0122;145110825;1;0;137;1#2;50;
0122;145110826;1;0;123;1#2;50;
0122;145110827;1;0;180;1#2;30;
0122;145110828;1;0;298;1#2;50;
0122;145110829;1;0;62;1#2;50;
0122;145110830;1;0;403;1#2;30;
0122;145110831;1;0;107;1#2;30;
0122;145110832;1;0;92;1#2;30;
0122;145110833;1;0;65;1#2;30;
0122;145110834;1;0;108;1#2;30;
0122;145110835;1;0;64;1#2;30;
0122;145110836;1;0;95;1#2;30;
0122;145110837;1;0;53;1#2;30;
0122;145110838;1;0;106;1#2;30;
0122;145110839;1;0;90;1#2;50;
0122;145110840;1;0;79;1#2;50;
0122;145110841;1;0;61;1#2;50;
0122;145110842;1;0;21;1#2;50;
0122;145110843;1;0;32;1#2;50;
0122;258337218;1;0;48;1#2;50;
0122;258337219;1;0;17;1#2;50;
0122;163302166;1;0;8;1#2;30;
0122;163302167;1;0;25;1#2;30;
0122;145110846;1;0;61;1#2;30;
0122;145110847;1;0;16;1#2;30;
0122;145110848;1;0;66;1#2;30;
0122;145110849;1;0;19;1#2;30;
0122;145110850;1;0;36;1#2;30;
0122;145110851;1;0;48;1#2;30;
0122;145110852;1;0;38;1#2;30;
0122;145110853;1;0;97;1#2;30;
0122;145110854;1;0;89;1#2;30;
0122;145110855;1;0;21;1#2;30;
0122;145110856;1;0;86;1#2;30;
0122;145110857;1;0;30;1#2;30;
0122;145110858;1;0;49;1#2;30;
0122;145110859;1;0;10;1#2;30;
0122;145110860;1;0;129;1#2;30;
0122;145110861;1;0;202;1#2;30;
0122;145110862;1;0;50;1#2;30;
0122;145110863;1;0;156;1#2;30;
0122;145110864;1;0;162;1#2;30;
0122;145110865;1;0;19;1#2;50;
0122;145110866;1;0;84;1#2;50;
0122;145110867;1;0;112;1#2;50;
0122;145110868;1;0;16;1#2;50;
0122;145110869;1;0;20;1#2;50;
0122;145110870;1;0;42;1#2;50;
0122;145110871;1;0;158;1#2;50;
0122;145110872;1;0;106;1#2;50;
0122;145110873;1;0;23;1#2;50;
0122;145110874;1;0;130;1#2;50;
0122;164970679;1;0;3;1#2;50;
0122;164970680;1;0;166;1#2;50;
0122;145110876;1;0;505;1#2;50;
0122;145110877;1;0;169;1#2;50;
0122;145110878;1;0;252;1#2;50;
0122;145110879;1;0;206;1#2;50;
0122;145110880;1;0;41;1#2;30;
0122;145110881;1;0;22;1#2;30;
0122;145110882;1;0;104;1#2;50;
0122;145110883;1;0;301;1#2;50;
0122;145110884;1;0;161;1#2;30;
0122;145110885;1;0;102;1#2;30;
0122;145110886;1;0;113;1#2;30;
0122;145110887;1;0;39;1#2;50;
0122;145110888;1;0;227;1#2;30;
0122;145110889;1;0;9;1#2;30;
0122;145110890;1;0;144;1#2;30;
0122;145110891;1;0;81;1#2;30;
0122;145110892;1;0;78;1#2;30;
0122;145110896;1;0;93;1#2;50;
0122;145110897;1;0;39;1#2;50;
0122;145110898;1;0;32;1#2;50;
0122;145110899;1;0;82;1#2;50;
0122;145110900;1;0;652;1#2;50;
0122;145110901;1;0;40;1#2;50;
0122;145110902;1;0;414;1#2;50;
0122;145110903;1;0;108;1#2;50;
0122;145110904;1;0;62;1#2;50;
0122;145110905;1;0;771;1#2;50;
0122;145110906;1;0;303;1#2;50;
0122;145110907;1;0;283;1#2;50;
0122;145110908;1;0;39;1#2;50;
0122;145110909;1;0;42;1#2;50;
0122;145110910;1;0;87;1#2;50;
0122;145110911;1;0;511;1#2;50;
0122;145110912;1;0;36;1#2;50;
0122;145110913;1;0;47;1#2;50;
0122;145110914;1;0;51;1#2;50;
0122;145110915;1;0;56;1#2;50;
0122;145110916;1;0;42;1#2;50;
0122;145110917;1;0;120;1#2;50;
0122;145110918;1;0;196;1#2;50;
0122;145110919;1;0;291;1#2;50;
0122;145110920;1;0;1056;1#2;50;
0122;145110921;1;0;136;1#2;50;
0122;145110922;1;0;155;1#2;50;
0122;145110923;1;0;286;1#2;50;
0122;145110924;1;0;114;1#2;50;
0122;145110925;1;0;179;1#2;50;
0122;145110926;1;0;726;1#2;50;
0122;145110927;1;0;358;1#2;50;
0122;145110928;1;0;316;1#2;50;
0122;145110929;1;0;40;1#2;50;
0122;145110930;1;0;104;1#2;50;
0122;145110931;1;0;76;1#2;30;
0122;145110932;1;0;72;1#2;50;
0122;145110933;1;0;9;1#2;50;
0122;145110934;1;0;91;1#2;30;
0122;145110935;1;0;15;1#2;50;
0122;145110936;1;0;889;1#2;50;
0122;145110937;1;0;311;1#2;50;
0122;145110938;1;0;467;1#2;50;
0122;145110939;1;0;71;1#2;30;
0122;145110940;1;0;95;1#2;30;
0122;145110941;1;0;48;1#2;30;
0122;145110942;1;0;112;1#2;30;
0122;145110943;1;0;136;1#2;30;
0122;145110944;1;0;51;1#2;30;
0122;145110945;1;0;529;1#2;50;
0122;145110946;1;0;524;1#2;50;
0122;145110947;1;0;121;1#2;50;
0122;245043696;1;0;8;1#2;30;
0122;245043697;1;0;37;1#2;30;
0122;258337220;1;0;32;1#2;30;
0122;258337221;1;0;146;1#2;30;
0122;145110950;1;0;87;1#2;30;
0122;145110951;1;0;32;1#2;50;
0122;145110952;1;0;38;1#2;30;
0122;145110953;1;0;31;1#2;30;
0122;145110954;1;0;39;1#2;30;
0122;145110955;1;0;61;1#2;30;
0122;145110956;1;0;66;1#2;30;
0122;145110957;1;0;110;1#2;30;
0122;145110958;1;0;31;1#2;30;
0122;245043698;1;0;18;1#2;30;
0122;258337222;1;0;24;1#2;30;
0122;258337223;1;0;56;1#2;30;
0122;258337224;1;0;53;1#2;30;
0122;145110960;1;0;168;1#2;30;
0122;145110961;1;0;48;1#2;50;
0122;145110962;1;0;172;1#2;30;
0122;145110963;1;0;78;1#2;30;
0122;145110964;1;0;547;1#2;30;
0122;145110965;1;0;50;1#2;30;
0122;145110966;1;0;185;1#2;30;
0122;145110967;1;0;48;1#2;30;
0122;145110968;1;0;55;1#2;30;
0122;145110969;1;0;66;1#2;30;
0122;145110970;1;0;77;1#2;30;
0122;145110971;1;0;51;1#2;50;
0122;145110972;1;0;133;1#2;50;
0122;145110973;1;0;94;1#2;50;
0122;145110974;1;0;95;1#2;50;
0122;145110975;1;0;88;1#2;50;
0122;145110976;1;0;716;1#2;50;
0122;145110977;1;0;562;1#2;50;
0122;145110978;1;0;306;1#2;50;
0122;145110979;1;0;226;1#2;50;
0122;145110980;1;0;161;1#2;50;
0122;145110981;1;0;502;1#2;50;
0122;145110982;1;0;162;1#2;50;
0122;145110983;1;0;264;1#2;50;
0122;145110984;1;0;452;1#2;50;
0122;145110985;1;0;18;1#2;50;
0122;145110986;1;0;134;1#2;50;
0122;145110987;1;0;68;1#2;30;
0122;145110988;1;0;123;1#2;30;
0122;145110989;1;0;110;1#2;30;
0122;145110990;1;0;257;1#2;30;
0122;145110991;1;0;516;1#2;50;
0122;145110992;1;0;539;1#2;50;
0122;145110993;1;0;189;1#2;50;
0122;145110994;1;0;101;1#2;50;
0122;145110995;1;0;403;1#2;50;
0122;145110996;1;0;410;1#2;50;
0122;145110997;1;0;30;1#2;50;
0122;145110998;1;0;740;1#2;50;
0122;145110999;1;0;151;1#2;30;
0122;145111000;1;0;41;1#2;50;
0122;145111001;1;0;87;1#2;50;
0122;145111002;1;0;45;1#2;30;
0122;145111003;1;0;50;1#2;50;
0122;145111004;1;0;25;1#2;50;
0122;145111005;1;0;58;1#2;50;
0122;145111006;1;0;188;1#2;30;
0122;145111007;1;0;226;1#2;30;
0122;145111008;1;0;78;1#2;30;
0122;145111009;1;0;83;1#2;30;
0122;145111010;1;0;72;1#2;30;
0122;145111011;1;0;72;1#2;30;
0122;145111012;1;0;57;1#2;30;
0122;145111013;1;0;71;1#2;30;
0122;145111014;1;0;53;1#2;30;
0122;145111015;1;0;99;1#2;50;
0122;163302168;1;0;6;1#2;50;
0122;163302169;1;0;298;1#2;50;
0122;145111022;1;0;148;1#2;50;
0122;145111023;1;0;209;1#2;50;
0122;145111024;1;0;226;1#2;50;
0122;145111025;1;0;334;1#2;50;
0122;145111026;1;0;76;1#2;50;
0122;145111027;1;0;114;1#2;50;
0122;145111028;1;0;278;1#2;50;
0122;145111029;1;0;341;1#2;50;
0122;145111030;1;0;74;1#2;50;
0122;145111031;1;0;295;1#2;50;
0122;145111033;1;0;70;1#2;50;
0122;145111034;1;0;74;1#2;50;
0122;145111035;1;0;16;1#2;50;
0122;145111036;1;0;160;1#2;50;
0122;145111037;1;0;73;1#2;50;
0122;145111038;1;0;413;1#2;50;
0122;145111039;1;0;259;1#2;50;
0122;145111040;1;0;828;1#2;50;
0122;145111041;1;0;157;1#2;50;
0122;145111042;1;0;369;1#2;50;
0122;145111043;1;0;470;1#2;50;
0122;145111044;1;0;53;1#2;30;
0122;145111045;1;0;74;1#2;50;
0122;145111046;1;0;286;1#2;50;
0122;145111047;1;0;861;1#2;50;
0122;145111048;1;0;194;1#2;50;
0122;145111049;1;0;278;1#2;50;
0122;145111050;1;0;402;1#2;50;
0122;145111051;1;0;107;1#2;50;
0122;145111052;1;0;230;1#2;50;
0122;145111053;1;0;13;1#2;50;
0122;145111054;1;0;369;1#2;50;
0122;145111055;1;0;194;1#2;50;
0122;145111056;1;0;250;1#2;50;
0122;145111057;1;0;403;1#2;50;
0122;145111058;1;0;366;1#2;50;
0122;145111059;1;0;307;1#2;50;
0122;145111060;1;0;550;1#2;50;
0122;145111061;1;0;112;1#2;50;
0122;145111062;1;0;327;1#2;50;
0122;145111063;1;0;56;1#2;30;
0122;145111064;1;0;12;1#2;30;
0122;145111065;1;0;53;1#2;30;
0122;145111066;1;0;12;1#2;30;
0122;145111067;1;0;74;1#2;30;
0122;145111068;1;0;103;1#2;30;
0122;145111069;1;0;82;1#2;30;
0122;145111070;1;0;57;1#2;30;
0122;145111071;1;0;83;1#2;30;
0122;145111072;1;0;59;1#2;30;
0122;145111073;1;0;110;1#2;30;
0122;145111074;1;0;457;1#2;50;
0122;145111075;1;0;17;1#2;30;
0122;145111076;1;0;273;1#2;30;
0122;163302172;1;0;7;1#2;30;
0122;163302173;1;0;277;1#2;30;
0122;145111078;1;0;82;1#2;30;
0122;145111079;1;0;117;1#2;30;
0122;145111080;1;0;122;1#2;30;
0122;145111081;1;0;49;1#2;30;
0122;145111082;1;0;180;1#2;30;
0122;163302174;1;0;7;1#2;30;
0122;163302175;1;0;346;1#2;30;
0122;145111084;1;0;41;1#2;30;
0122;145111085;1;0;50;1#2;30;
0122;145111086;1;0;161;1#2;30;
0122;145111087;1;0;62;1#2;30;
0122;145111088;1;0;89;1#2;30;
0122;145111089;1;0;86;1#2;30;
0122;145111090;1;0;47;1#2;30;
0122;145111091;1;0;138;1#2;30;
0122;145111092;1;0;32;1#2;30;
0122;145111093;1;0;163;1#2;30;
0122;145111094;1;0;27;1#2;30;
0122;145111095;1;0;113;1#2;30;
0122;145111096;1;0;110;1#2;30;
0122;145111097;1;0;124;1#2;30;
0122;145111098;1;0;270;1#2;30;
0122;145111099;1;0;41;1#2;30;
0122;145111100;1;0;50;1#2;30;
0122;145111101;1;0;52;1#2;30;
0122;145111102;1;0;45;1#2;30;
0122;145111103;1;0;40;1#2;30;
0122;145111104;1;0;69;1#2;30;
0122;145111105;1;0;254;1#2;30;
0122;145111106;1;0;92;1#2;30;
0122;145111107;1;0;162;1#2;30;
0122;145111108;1;0;71;1#2;30;
0122;145111109;1;0;127;1#2;30;
0122;145111110;1;0;67;1#2;30;
0122;145111111;1;0;47;1#2;30;
0122;145111112;1;0;82;1#2;30;
0122;145111113;1;0;54;1#2;30;
0122;145111114;1;0;63;1#2;30;
0122;145111115;1;0;55;1#2;30;
0122;145111116;1;0;37;1#2;30;
0122;145111117;1;0;23;1#2;30;
0122;145111118;1;0;74;1#2;30;
0122;145111119;1;0;35;1#2;30;
0122;145111120;1;0;58;1#2;30;
0122;145111121;1;0;76;1#2;30;
0122;145111122;1;0;64;1#2;30;
0122;145111123;1;0;68;1#2;30;
0122;145111124;1;0;31;1#2;30;
0122;145111125;1;0;44;1#2;30;
0122;145111126;1;0;45;1#2;30;
0122;145111127;1;0;41;1#2;30;
0122;145111128;1;0;57;1#2;30;
0122;145111129;1;0;97;1#2;30;
0122;145111130;1;0;101;1#2;30;
0122;145111131;1;0;144;1#2;30;
0122;145111132;1;0;71;1#2;30;
0122;145111133;1;0;162;1#2;30;
0122;145111134;1;0;43;1#2;50;
0122;145111135;1;0;89;1#2;50;
0122;145111136;1;0;50;1#2;50;
0122;145111137;1;0;1212;1#2;30;
0122;145111138;1;0;696;1#2;50;
0122;145111139;1;0;13;1#2;50;
0122;145111140;1;0;190;1#2;50;
0122;145111141;1;0;66;1#2;50;
0122;145111142;1;0;57;1#2;50;
0122;145111143;1;0;567;1#2;50;
0122;145129160;1;0;46;1#2;30;
0122;163302176;1;0;8;1#2;30;
0122;163302177;1;0;695;1#2;30;
0122;145129162;1;0;491;1#2;30;
0122;145129163;1;0;22;1#2;30;
0122;154764057;1;0;239;1#2;30;
0122;145129165;1;0;295;1#2;30;
0122;145129166;1;0;216;1#2;30;
0122;145129167;1;0;202;1#2;30;
0122;264322984;1;0;84;1#2;30;
0122;264322985;1;0;7;1#2;30;
0122;145129169;1;0;18;1#2;30;
0122;145129170;1;0;33;1#2;30;
0122;145129171;1;0;245;1#2;30;
0122;145129172;1;0;95;1#2;30;
0122;145129173;1;0;384;1#2;30;
0122;145129174;1;0;27;1#2;30;
0122;145129175;1;0;160;1#2;30;
0122;145129176;1;0;414;1#2;30;
0122;145129177;1;0;89;1#2;30;
0122;145129178;1;0;152;1#2;30;
0122;145129179;1;0;147;1#2;30;
0122;145129180;1;0;83;1#2;30;
0122;163302178;1;0;7;1#2;30;
0122;163302179;1;0;222;1#2;30;
0122;145129182;1;0;100;1#2;30;
0122;145129183;1;0;673;1#2;30;
0122;145129184;1;0;248;1#2;30;
0122;145129185;1;0;36;1#2;30;
0122;145129186;1;0;71;1#2;30;
0122;145129187;1;0;76;1#2;30;
0122;145129188;1;0;61;1#2;30;
0122;258337225;1;0;23;1#2;30;
0122;258337226;1;0;415;1#2;30;
0122;145129190;1;0;67;1#2;30;
0122;145129191;1;0;90;1#2;30;
0122;145129192;1;0;134;1#2;30;
0122;145129193;1;0;102;1#2;30;
0122;145129194;1;0;44;1#2;30;
0122;145129195;1;0;37;1#2;30;
0122;145129196;1;0;55;1#2;30;
0122;145129197;1;0;54;1#2;30;
0122;145129198;1;0;26;1#2;30;
0122;145129199;1;0;33;1#2;30;
0122;145129200;1;0;61;1#2;30;
0122;163302180;1;0;8;1#2;30;
0122;163302181;1;0;93;1#2;30;
0122;145129202;1;0;154;1#2;30;
0122;145129203;1;0;45;1#2;30;
0122;145129204;1;0;83;1#2;30;
0122;145129205;1;0;103;1#2;30;
0122;145129206;1;0;38;1#2;30;
0122;145129207;1;0;107;1#2;30;
0122;145129208;1;0;43;1#2;30;
0122;145129209;1;0;18;1#2;30;
0122;145129210;1;0;101;1#2;30;
0122;145129211;1;0;83;1#2;30;
0122;145129212;1;0;51;1#2;30;
0122;145129213;1;0;81;1#2;30;
0122;145129214;1;0;32;1#2;30;
0122;145129215;1;0;69;1#2;30;
0122;145129216;1;0;47;1#2;30;
0122;145129217;1;0;92;1#2;30;
0122;145129218;1;0;57;1#2;30;
0122;145129219;1;0;75;1#2;30;
0122;145129220;1;0;63;1#2;30;
0122;145129221;1;0;99;1#2;30;
0122;145129222;1;0;80;1#2;30;
0122;145129223;1;0;76;1#2;30;
0122;145129224;1;0;58;1#2;30;
0122;145129225;1;0;54;1#2;30;
0122;145129226;1;0;32;1#2;30;
0122;145129227;1;0;86;1#2;30;
0122;145129228;1;0;74;1#2;30;
0122;145129229;1;0;29;1#2;30;
0122;145129230;1;0;44;1#2;30;
0122;145129231;1;0;27;1#2;30;
0122;145129232;1;0;39;1#2;30;
0122;145129233;1;0;39;1#2;30;
0122;145129234;1;0;68;1#2;30;
0122;145129235;1;0;49;1#2;30;
0122;145129236;1;0;64;1#2;30;
0122;145129237;1;0;74;1#2;30;
0122;145129238;1;0;74;1#2;30;
0122;145129239;1;0;38;1#2;30;
0122;145129240;1;0;48;1#2;30;
0122;145129241;1;0;34;1#2;30;
0122;145129242;1;0;75;1#2;30;
0122;145129244;1;0;345;1#2;30;
0122;145129245;1;0;43;1#2;30;
0122;145129246;1;0;1311;1#2;30;
0122;145129247;1;0;61;1#2;30;
0122;212637518;1;0;105;1#2;30;
0122;212637519;1;0;204;1#2;30;
0122;145129249;1;0;52;1#2;30;
0122;145129250;1;0;2;1#2;30;
0122;145129251;1;0;40;1#2;30;
0122;145129252;1;0;16;1#2;30;
0122;145129253;1;0;11;1#2;30;
0122;145129254;1;0;22;1#2;30;
0122;145129255;1;0;63;1#2;30;
0122;145129256;1;0;11;1#2;30;
0122;145129257;1;0;80;1#2;30;
0122;145129258;1;0;16;1#2;30;
0122;145129259;1;0;50;1#2;30;
0122;145129260;1;0;57;1#2;30;
0122;145129261;1;0;24;1#2;30;
0122;145129262;1;0;21;1#2;30;
0122;145129263;1;0;34;1#2;30;
0122;145129264;1;0;32;1#2;30;
0122;145129265;1;0;49;1#2;30;
0122;145129266;1;0;13;1#2;30;
0122;145129267;1;0;9;1#2;30;
0122;145129268;1;0;54;1#2;30;
0122;145129269;1;0;10;1#2;30;
0122;145129270;1;0;3;1#2;30;
0122;145129271;1;0;69;1#2;30;
0122;145129272;1;0;48;1#2;30;
0122;145129273;1;0;15;1#2;30;
0122;145129274;1;0;4;1#2;30;
0122;145129275;1;0;166;1#2;30;
0122;145129276;1;0;294;1#2;30;
0122;145129279;1;0;76;1#2;30;
0122;145129280;1;0;296;1#2;30;
0122;145129281;1;0;160;1#2;30;
0122;145129282;1;0;296;1#2;30;
0122;145129283;1;0;539;1#2;30;
0122;145129284;1;0;278;1#2;30;
0122;145129285;1;0;71;1#2;30;
0122;145129286;1;0;117;1#2;30;
0122;145129287;1;0;143;1#2;30;
0122;145129288;1;0;28;1#2;30;
0122;145129289;1;0;128;1#2;30;
0122;145129290;1;0;74;1#2;30;
0122;145129291;1;0;285;1#2;30;
0122;145129292;1;0;335;1#2;30;
0122;145129293;1;0;99;1#2;30;
0122;145129294;1;0;22;1#2;30;
0122;145129295;1;0;65;1#2;30;
0122;145129296;1;0;135;1#2;30;
0122;145129297;1;0;81;1#2;30;
0122;145129298;1;0;478;1#2;30;
0122;145129299;1;0;376;1#2;30;
0122;145129300;1;0;187;1#2;30;
0122;145129301;1;0;232;1#2;30;
0122;145129302;1;0;342;1#2;30;
0122;145129303;1;0;133;1#2;30;
0122;145129304;1;0;355;1#2;30;
0122;145129305;1;0;78;1#2;30;
0122;145129306;1;0;26;1#2;30;
0122;145129307;1;0;54;1#2;30;
0122;145129308;1;0;300;1#2;30;
0122;145129309;1;0;1863;1#2;30;
0122;145129310;1;0;63;1#2;30;
0122;145129311;1;0;591;1#2;30;
0122;163302182;1;0;8;1#2;30;
0122;145129313;1;0;104;1#2;30;
0122;163302184;1;0;6;1#2;30;
0122;163302185;1;0;70;1#2;30;
0122;163302186;1;0;8;1#2;30;
0122;163302187;1;0;55;1#2;30;
0122;145129316;1;0;109;1#2;30;
0122;145129317;1;0;554;1#2;30;
0122;145129318;1;0;227;1#2;30;
0122;145129319;1;0;206;1#2;30;
0122;163302188;1;0;8;1#2;30;
0122;163302189;1;0;42;1#2;30;
0122;163302190;1;0;7;1#2;30;
0122;163302191;1;0;39;1#2;30;
0122;145129322;1;0;32;1#2;30;
0122;145129323;1;0;235;1#2;30;
0122;276766850;1;0;32;1#2;30;
0122;276766851;1;0;170;1#2;30;
0122;276766852;1;0;214;1#2;30;
0122;145129325;1;0;13;1#2;30;
0122;145129326;1;0;131;1#2;30;
0122;145129327;1;0;45;1#2;30;
0122;145129328;1;0;523;1#2;30;
0122;145129329;1;0;49;1#2;30;
0122;145129330;1;0;1338;1#2;30;
0122;145129331;1;0;64;1#2;30;
0122;145129332;1;0;47;1#2;30;
0122;145129333;1;0;228;1#2;30;
0122;145129334;1;0;41;1#2;30;
0122;145129335;1;0;34;1#2;30;
0122;145129336;1;0;65;1#2;30;
0122;145129337;1;0;58;1#2;30;
0122;145129338;1;0;205;1#2;30;
0122;145129339;1;0;50;1#2;30;
0122;145129340;1;0;58;1#2;30;
0122;145129341;1;0;48;1#2;30;
0122;145129342;1;0;39;1#2;30;
0122;145129343;1;0;36;1#2;30;
0122;145129344;1;0;54;1#2;30;
0122;145129345;1;0;426;1#2;30;
0122;145129346;1;0;106;1#2;30;
0122;145129347;1;0;153;1#2;30;
0122;145129348;1;0;66;1#2;30;
0122;145129349;1;0;71;1#2;30;
0122;145129350;1;0;33;1#2;30;
0122;145129351;1;0;470;1#2;30;
0122;145129352;1;0;395;1#2;30;
0122;145129353;1;0;224;1#2;30;
0122;145129354;1;0;848;1#2;30;
0122;145129355;1;0;116;1#2;30;
0122;145129356;1;0;144;1#2;30;
0122;145129357;1;0;77;1#2;30;
0122;145129358;1;0;191;1#2;30;
0122;145129359;1;0;573;1#2;30;
0122;145129360;1;0;137;1#2;30;
0122;145129361;1;0;169;1#2;30;
0122;145129362;1;0;220;1#2;30;
0122;154764058;1;0;84;1#2;30;
0122;154764059;1;0;70;1#2;30;
0122;145129365;1;0;580;1#2;30;
0122;145129366;1;0;332;1#2;30;
0122;145129367;1;0;339;1#2;30;
0122;145129368;1;0;1070;1#2;30;
0122;145129369;1;0;476;1#2;30;
0122;145129370;1;0;337;1#2;30;
0122;145129371;1;0;306;1#2;30;
0122;145129372;1;0;81;1#2;30;
0122;145129373;1;0;538;1#2;30;
0122;145129374;1;0;1479;1#2;30;
0122;145129375;1;0;509;1#2;30;
0122;145129376;1;0;292;1#2;30;
0122;145129377;1;0;244;1#2;30;
0122;145129378;1;0;459;1#2;30;
0122;145129379;1;0;731;1#2;30;
0122;145129380;1;0;2826;1#2;30;
0122;145129381;1;0;432;1#2;30;
0122;145129382;1;0;282;1#2;30;
0122;145129383;1;0;931;1#2;30;
0122;145129384;1;0;376;1#2;30;
0122;145129386;1;0;205;1#2;30;
0122;145129387;1;0;708;1#2;30;
0122;145129388;1;0;865;1#2;30;
0122;145129389;1;0;1286;1#2;30;
0122;145129390;1;0;158;1#2;30;
0122;145129391;1;0;131;1#2;30;
0122;145129392;1;0;977;1#2;30;
0122;145129393;1;0;432;1#2;30;
0122;145129394;1;0;630;1#2;30;
0122;145129395;1;0;14;1#2;30;
0122;145129396;1;0;628;1#2;30;
0122;145129397;1;0;142;1#2;30;
0122;145129398;1;0;140;1#2;30;
0122;145129399;1;0;1422;1#2;30;
0122;145129400;1;0;1650;1#2;30;
0122;145129401;1;0;270;1#2;30;
0122;163302192;1;0;7;1#2;30;
0122;163302193;1;0;70;1#2;30;
0122;145129403;1;0;55;1#2;30;
0122;145129404;1;0;41;1#2;30;
0122;145129405;1;0;68;1#2;30;
0122;145129406;1;0;105;1#2;30;
0122;145129407;1;0;63;1#2;30;
0122;145129408;1;0;60;1#2;30;
0122;145129409;1;0;50;1#2;30;
0122;145129410;1;0;83;1#2;30;
0122;145129411;1;0;103;1#2;30;
0122;145129412;1;0;153;1#2;30;
0122;145129413;1;0;161;1#2;30;
0122;145129414;1;0;17;1#2;30;
0122;145129415;1;0;132;1#2;30;
0122;145129416;1;0;338;1#2;30;
0122;145129417;1;0;30;1#2;30;
0122;145129418;1;0;206;1#2;30;
0122;145129419;1;0;172;1#2;30;
0122;145129420;1;0;225;1#2;30;
0122;145129421;1;0;244;1#2;30;
0122;145129422;1;0;37;1#2;30;
0122;145129423;1;0;23;1#2;30;
0122;145129424;1;0;28;1#2;30;
0122;145129425;1;0;92;1#2;30;
0122;145129426;1;0;68;1#2;30;
0122;145129427;1;0;81;1#2;30;
0122;145129428;1;0;78;1#2;30;
0122;145129429;1;0;204;1#2;30;
0122;145129430;1;0;60;1#2;30;
0122;145129431;1;0;43;1#2;30;
0122;145129432;1;0;94;1#2;30;
0122;145129433;1;0;498;1#2;30;
0122;145129434;1;0;62;1#2;30;
0122;145129435;1;0;94;1#2;30;
0122;145129436;1;0;67;1#2;30;
0122;145129437;1;0;70;1#2;30;
0122;145129438;1;0;33;1#2;30;
0122;145129439;1;0;78;1#2;30;
0122;145129440;1;0;219;1#2;30;
0122;145129441;1;0;470;1#2;30;
0122;145129442;1;0;39;1#2;30;
0122;145129443;1;0;40;1#2;30;
0122;145129444;1;0;92;1#2;30;
0122;145129445;1;0;590;1#2;30;
0122;145129446;1;0;234;1#2;30;
0122;145129447;1;0;18;1#2;30;
0122;145129448;1;0;92;1#2;30;
0122;145129449;1;0;201;1#2;30;
0122;145129450;1;0;29;1#2;30;
0122;145129451;1;0;337;1#2;30;
0122;145129452;1;0;72;1#2;30;
0122;145129453;1;0;293;1#2;30;
0122;145129454;1;0;68;1#2;30;
0122;145129455;1;0;448;1#2;30;
0122;145129456;1;0;127;1#2;30;
0122;145129457;1;0;273;1#2;30;
0122;145129458;1;0;30;1#2;30;
0122;145129459;1;0;51;1#2;30;
0122;145129460;1;0;45;1#2;30;
0122;145129461;1;0;66;1#2;30;
0122;145129462;1;0;27;1#2;30;
0122;145129463;1;0;301;1#2;30;
0122;145129464;1;0;43;1#2;30;
0122;145129465;1;0;117;1#2;30;
0122;145129466;1;0;67;1#2;30;
0122;145129467;1;0;141;1#2;30;
0122;145129468;1;0;59;1#2;30;
0122;145129469;1;0;188;1#2;30;
0122;145129470;1;0;251;1#2;30;
0122;145129471;1;0;48;1#2;30;
0122;145129472;1;0;839;1#2;30;
0122;145129473;1;0;151;1#2;30;
0122;145129474;1;0;101;1#2;30;
0122;145129475;1;0;439;1#2;30;
0122;145129476;1;0;77;1#2;30;
0122;145129477;1;0;386;1#2;30;
0122;145129478;1;0;38;1#2;30;
0122;145129479;1;0;71;1#2;30;
0122;145129480;1;0;44;1#2;30;
0122;163302194;1;0;4;1#2;30;
0122;163302195;1;0;20;1#2;30;
0122;145129482;1;0;71;1#2;30;
0122;145129483;1;0;461;1#2;30;
0122;145129484;1;0;70;1#2;30;
0122;145129485;1;0;107;1#2;30;
0122;145129486;1;0;225;1#2;30;
0122;145129487;1;0;51;1#2;30;
0122;145129488;1;0;140;1#2;30;
0122;145129489;1;0;31;1#2;30;
0122;145129490;1;0;49;1#2;30;
0122;145129491;1;0;135;1#2;30;
0122;145129492;1;0;213;1#2;30;
0122;145129493;1;0;69;1#2;30;
0122;145129494;1;0;20;1#2;30;
0122;145129495;1;0;135;1#2;30;
0122;145129496;1;0;112;1#2;30;
0122;145129497;1;0;132;1#2;30;
0122;145129498;1;0;82;1#2;30;
0122;145129499;1;0;94;1#2;30;
0122;145129500;1;0;177;1#2;30;
0122;145129501;1;0;76;1#2;30;
0122;145129502;1;0;21;1#2;30;
0122;145129503;1;0;48;1#2;30;
0122;145129504;1;0;84;1#2;30;
0122;145129505;1;0;176;1#2;30;
0122;145129506;1;0;256;1#2;30;
0122;145129507;1;0;576;1#2;30;
0122;145129508;1;0;124;1#2;30;
0122;145129509;1;0;298;1#2;30;
0122;145129510;1;0;57;1#2;30;
0122;145129511;1;0;107;1#2;30;
0122;145129512;1;0;75;1#2;30;
0122;145129514;1;0;70;1#2;30;
0122;145129515;1;0;116;1#2;30;
0122;145129516;1;0;41;1#2;30;
0122;145129517;1;0;68;1#2;30;
0122;145129518;1;0;173;1#2;30;
0122;145129519;1;0;66;1#2;30;
0122;145129520;1;0;40;1#2;30;
0122;145129521;1;0;67;1#2;30;
0122;145129522;1;0;109;1#2;30;
0122;145129523;1;0;68;1#2;30;
0122;145129524;1;0;44;1#2;30;
0122;145129525;1;0;42;1#2;30;
0122;145129526;1;0;8;1#2;30;
0122;145129527;1;0;69;1#2;30;
0122;145129528;1;0;55;1#2;30;
0122;145129529;1;0;58;1#2;30;
0122;145129530;1;0;68;1#2;30;
0122;145129531;1;0;57;1#2;30;
0122;145129532;1;0;132;1#2;30;
0122;145129533;1;0;143;1#2;30;
0122;145129534;1;0;79;1#2;30;
0122;145129535;1;0;111;1#2;30;
0122;145129536;1;0;75;1#2;30;
0122;145129537;1;0;30;1#2;30;
0122;145129538;1;0;89;1#2;30;
0122;145129539;1;0;94;1#2;30;
0122;145129540;1;0;46;1#2;30;
0122;145129541;1;0;100;1#2;30;
0122;145129542;1;0;64;1#2;30;
0122;145129543;1;0;31;1#2;30;
0122;145129544;1;0;55;1#2;30;
0122;145129545;1;0;54;1#2;30;
0122;145129546;1;0;54;1#2;30;
0122;145129547;1;0;48;1#2;30;
0122;145129549;1;0;57;1#2;30;
0122;145129550;1;0;103;1#2;30;
0122;145129551;1;0;174;1#2;30;
0122;145129552;1;0;98;1#2;30;
0122;145129553;1;0;147;1#2;30;
0122;145129555;1;0;52;1#2;30;
0122;145129556;1;0;42;1#2;30;
0122;145129559;1;0;21;1#2;30;
0122;145129560;1;0;75;1#2;30;
0122;145129561;1;0;143;1#2;30;
0122;145129562;1;0;148;1#2;30;
0122;145129563;1;0;81;1#2;30;
0122;145129564;1;0;91;1#2;30;
0122;145129565;1;0;44;1#2;30;
0122;145129566;1;0;116;1#2;30;
0122;145129567;1;0;62;1#2;30;
0122;145129568;1;0;113;1#2;30;
0122;145129569;1;0;147;1#2;30;
0122;145129570;1;0;82;1#2;30;
0122;145129571;1;0;120;1#2;30;
0122;145129572;1;0;51;1#2;30;
0122;145129573;1;0;95;1#2;30;
0122;145129574;1;0;11;1#2;30;
0122;145129575;1;0;18;1#2;30;
0122;145129576;1;0;22;1#2;30;
0122;145129577;1;0;41;1#2;30;
0122;145129578;1;0;177;1#2;30;
0122;145129579;1;0;73;1#2;30;
0122;145129580;1;0;72;1#2;30;
0122;145129581;1;0;71;1#2;30;
0122;145129582;1;0;78;1#2;30;
0122;145129583;1;0;53;1#2;30;
0122;145129584;1;0;53;1#2;30;
0122;145129585;1;0;34;1#2;30;
0122;145129586;1;0;53;1#2;30;
0122;145129587;1;0;21;1#2;30;
0122;145129588;1;0;128;1#2;30;
0122;145129589;1;0;87;1#2;30;
0122;145129590;1;0;128;1#2;30;
0122;145129591;1;0;111;1#2;30;
0122;145129592;1;0;35;1#2;30;
0122;145129593;1;0;45;1#2;30;
0122;145129594;1;0;121;1#2;30;
0122;145129595;1;0;88;1#2;30;
0122;145129596;1;0;133;1#2;30;
0122;145129597;1;0;55;1#2;30;
0122;145129598;1;0;56;1#2;30;
0122;145129599;1;0;76;1#2;30;
0122;145129600;1;0;86;1#2;30;
0122;145129601;1;0;47;1#2;30;
0122;145129602;1;0;57;1#2;30;
0122;145129603;1;0;104;1#2;30;
0122;145129605;1;0;73;1#2;30;
0122;145129606;1;0;76;1#2;30;
0122;145129607;1;0;72;1#2;30;
0122;145129608;1;0;40;1#2;30;
0122;145129609;1;0;72;1#2;30;
0122;145129610;1;0;88;1#2;30;
0122;145129611;1;0;69;1#2;30;
0122;145129612;1;0;84;1#2;30;
0122;145129613;1;0;73;1#2;30;
0122;145129614;1;0;125;1#2;30;
0122;145129615;1;0;134;1#2;30;
0122;145129616;1;0;171;1#2;30;
0122;145129617;1;0;121;1#2;30;
0122;145129618;1;0;71;1#2;30;
0122;145129619;1;0;19;1#2;30;
0122;145129620;1;0;69;1#2;30;
0122;145129621;1;0;64;1#2;30;
0122;145129622;1;0;117;1#2;30;
0122;145129623;1;0;72;1#2;30;
0122;145129624;1;0;54;1#2;30;
0122;145129625;1;0;62;1#2;30;
0122;145129626;1;0;67;1#2;30;
0122;145129627;1;0;114;1#2;30;
0122;145129628;1;0;165;1#2;30;
0122;145129629;1;0;23;1#2;30;
0122;145129630;1;0;39;1#2;30;
0122;145129631;1;0;120;1#2;30;
0122;145129632;1;0;90;1#2;30;
0122;145129633;1;0;44;1#2;30;
0122;145129634;1;0;54;1#2;30;
0122;145129635;1;0;14;1#2;30;
0122;145129636;1;0;42;1#2;30;
0122;145129637;1;0;56;1#2;30;
0122;145129638;1;0;67;1#2;30;
0122;145129639;1;0;81;1#2;30;
0122;145129640;1;0;88;1#2;30;
0122;145129641;1;0;66;1#2;30;
0122;145129642;1;0;52;1#2;30;
0122;145129643;1;0;74;1#2;30;
0122;145129644;1;0;90;1#2;30;
0122;145129645;1;0;85;1#2;30;
0122;145129646;1;0;154;1#2;30;
0122;145129647;1;0;116;1#2;30;
0122;145129648;1;0;124;1#2;30;
0122;145129649;1;0;165;1#2;30;
0122;145129650;1;0;59;1#2;30;
0122;145129651;1;0;33;1#2;30;
0122;145129652;1;0;61;1#2;30;
0122;145129653;1;0;45;1#2;30;
0122;145129654;1;0;70;1#2;30;
0122;145129655;1;0;70;1#2;30;
0122;145129656;1;0;113;1#2;30;
0122;145129657;1;0;47;1#2;30;
0122;145129658;1;0;46;1#2;30;
0122;145129659;1;0;72;1#2;30;
0122;145129660;1;0;27;1#2;30;
0122;145129661;1;0;39;1#2;30;
0122;145129662;1;0;57;1#2;30;
0122;145129663;1;0;54;1#2;30;
0122;145129664;1;0;100;1#2;30;
0122;145129665;1;0;62;1#2;30;
0122;145129666;1;0;57;1#2;30;
0122;145129667;1;0;66;1#2;30;
0122;145129668;1;0;77;1#2;30;
0122;145129669;1;0;229;1#2;30;
0122;145129670;1;0;5;1#2;30;
0122;145129671;1;0;76;1#2;30;
0122;145129672;1;0;41;1#2;30;
0122;145129673;1;0;144;1#2;30;
0122;145129674;1;0;51;1#2;30;
0122;145129675;1;0;96;1#2;30;
0122;145129676;1;0;98;1#2;30;
0122;145129677;1;0;26;1#2;30;
0122;145129678;1;0;37;1#2;30;
0122;145129679;1;0;37;1#2;30;
0122;145129680;1;0;58;1#2;30;
0122;145129681;1;0;61;1#2;30;
0122;145129682;1;0;86;1#2;30;
0122;145129683;1;0;41;1#2;30;
0122;145129684;1;0;81;1#2;30;
0122;145129685;1;0;54;1#2;30;
0122;145129686;1;0;40;1#2;30;
0122;145129687;1;0;35;1#2;30;
0122;145129688;1;0;90;1#2;30;
0122;145129689;1;0;71;1#2;30;
0122;145129690;1;0;29;1#2;30;
0122;145129691;1;0;15;1#2;30;
0122;145129692;1;0;130;1#2;30;
0122;145129693;1;0;64;1#2;30;
0122;145129694;1;0;59;1#2;30;
0122;145129695;1;0;35;1#2;30;
0122;145129696;1;0;26;1#2;30;
0122;145129697;1;0;55;1#2;30;
0122;145129698;1;0;47;1#2;30;
0122;145129699;1;0;140;1#2;30;
0122;145129701;1;0;27;1#2;30;
0122;145129702;1;0;62;1#2;30;
0122;145129703;1;0;177;1#2;30;
0122;145129704;1;0;131;1#2;30;
0122;145129705;1;0;87;1#2;30;
0122;145129706;1;0;50;1#2;30;
0122;145129707;1;0;64;1#2;30;
0122;145129708;1;0;131;1#2;30;
0122;145129709;1;0;68;1#2;30;
0122;245043700;1;0;63;1#2;30;
0122;245043701;1;0;73;1#2;30;
0122;145129711;1;0;96;1#2;30;
0122;145129712;1;0;60;1#2;30;
0122;145129713;1;0;13;1#2;30;
0122;145129714;1;0;51;1#2;30;
0122;145129715;1;0;64;1#2;30;
0122;145129716;1;0;41;1#2;30;
0122;145129717;1;0;77;1#2;30;
0122;145129718;1;0;46;1#2;30;
0122;145129719;1;0;52;1#2;30;
0122;145129720;1;0;24;1#2;30;
0122;145129721;1;0;34;1#2;30;
0122;145129722;1;0;99;1#2;30;
0122;145129723;1;0;42;1#2;30;
0122;145129724;1;0;30;1#2;30;
0122;145129725;1;0;38;1#2;30;
0122;145129726;1;0;82;1#2;30;
0122;145129727;1;0;69;1#2;30;
0122;145129728;1;0;70;1#2;30;
0122;145129729;1;0;74;1#2;30;
0122;145129730;1;0;49;1#2;30;
0122;145129731;1;0;85;1#2;30;
0122;145129732;1;0;163;1#2;30;
0122;145129733;1;0;105;1#2;30;
0122;145129734;1;0;72;1#2;30;
0122;145129735;1;0;90;1#2;30;
0122;145129736;1;0;43;1#2;30;
0122;145129737;1;0;81;1#2;30;
0122;145129738;1;0;72;1#2;30;
0122;145129739;1;0;38;1#2;30;
0122;145129740;1;0;47;1#2;30;
0122;145129741;1;0;9;1#2;30;
0122;163302196;1;0;6;1#2;30;
0122;163302197;1;0;139;1#2;30;
0122;163302198;1;0;6;1#2;30;
0122;163302199;1;0;94;1#2;30;
0122;145129744;1;0;41;1#2;30;
0122;145129745;1;0;69;1#2;30;
0122;145129746;1;0;39;1#2;30;
0122;145129747;1;0;75;1#2;30;
0122;145129748;1;0;79;1#2;30;
0122;145129749;1;0;71;1#2;30;
0122;145129750;1;0;70;1#2;30;
0122;145129751;1;0;89;1#2;30;
0122;145129752;1;0;34;1#2;30;
0122;145129753;1;0;52;1#2;30;
0122;145129754;1;0;50;1#2;30;
0122;145129755;1;0;55;1#2;30;
0122;145129756;1;0;65;1#2;30;
0122;145129757;1;0;126;1#2;30;
0122;145129758;1;0;62;1#2;30;
0122;145129759;1;0;49;1#2;30;
0122;145129760;1;0;112;1#2;30;
0122;145129761;1;0;126;1#2;30;
0122;145129762;1;0;85;1#2;30;
0122;145129763;1;0;46;1#2;30;
0122;145129764;1;0;60;1#2;30;
0122;145129765;1;0;53;1#2;30;
0122;145129766;1;0;43;1#2;30;
0122;145129767;1;0;113;1#2;30;
0122;145129768;1;0;87;1#2;30;
0122;145129769;1;0;69;1#2;30;
0122;145129770;1;0;40;1#2;30;
0122;145129771;1;0;133;1#2;30;
0122;145129772;1;0;110;1#2;30;
0122;145129773;1;0;56;1#2;30;
0122;145129774;1;0;41;1#2;30;
0122;145129775;1;0;76;1#2;30;
0122;145129776;1;0;137;1#2;30;
0122;145129777;1;0;53;1#2;30;
0122;145129778;1;0;93;1#2;30;
0122;145129779;1;0;49;1#2;30;
0122;145129780;1;0;14;1#2;30;
0122;145129781;1;0;36;1#2;30;
0122;145129782;1;0;46;1#2;30;
0122;145129783;1;0;46;1#2;30;
0122;145129784;1;0;36;1#2;30;
0122;145129785;1;0;37;1#2;30;
0122;145129786;1;0;21;1#2;30;
0122;145129787;1;0;83;1#2;30;
0122;145129788;1;0;54;1#2;30;
0122;145129789;1;0;106;1#2;30;
0122;145129790;1;0;104;1#2;30;
0122;145129791;1;0;67;1#2;30;
0122;145129792;1;0;32;1#2;30;
0122;145129793;1;0;95;1#2;30;
0122;145129794;1;0;50;1#2;30;
0122;145129795;1;0;44;1#2;30;
0122;145129796;1;0;15;1#2;30;
0122;145129797;1;0;68;1#2;30;
0122;145129798;1;0;41;1#2;30;
0122;145129799;1;0;34;1#2;30;
0122;145129800;1;0;61;1#2;30;
0122;145129801;1;0;101;1#2;30;
0122;145129802;1;0;158;1#2;30;
0122;145129803;1;0;119;1#2;30;
0122;145129804;1;0;62;1#2;30;
0122;145129805;1;0;75;1#2;30;
0122;145129806;1;0;61;1#2;30;
0122;145129807;1;0;55;1#2;30;
0122;145129808;1;0;104;1#2;30;
0122;145129809;1;0;108;1#2;30;
0122;145129810;1;0;57;1#2;30;
0122;145129811;1;0;80;1#2;30;
0122;145129812;1;0;88;1#2;30;
0122;145129813;1;0;125;1#2;30;
0122;145129814;1;0;121;1#2;30;
0122;145129815;1;0;20;1#2;30;
0122;145129816;1;0;37;1#2;30;
0122;145129817;1;0;54;1#2;30;
0122;145129818;1;0;85;1#2;30;
0122;145129819;1;0;21;1#2;30;
0122;145129820;1;0;56;1#2;30;
0122;145129821;1;0;50;1#2;30;
0122;145129822;1;0;59;1#2;30;
0122;145129823;1;0;76;1#2;30;
0122;145129824;1;0;155;1#2;30;
0122;145129825;1;0;110;1#2;30;
0122;145129826;1;0;44;1#2;30;
0122;145129827;1;0;11;1#2;30;
0122;145129828;1;0;148;1#2;30;
0122;145129829;1;0;61;1#2;30;
0122;145129830;1;0;38;1#2;30;
0122;145129831;1;0;89;1#2;30;
0122;145129832;1;0;51;1#2;30;
0122;145129833;1;0;113;1#2;30;
0122;145129834;1;0;46;1#2;30;
0122;145129835;1;0;17;1#2;30;
0122;145129836;1;0;43;1#2;30;
0122;145129837;1;0;67;1#2;30;
0122;145129838;1;0;32;1#2;30;
0122;145129839;1;0;28;1#2;30;
0122;145129840;1;0;114;1#2;30;
0122;145129841;1;0;39;1#2;30;
0122;145129842;1;0;143;1#2;30;
0122;145129843;1;0;38;1#2;30;
0122;145129844;1;0;89;1#2;30;
0122;145129845;1;0;133;1#2;30;
0122;145129846;1;0;58;1#2;30;
0122;145129847;1;0;131;1#2;30;
0122;145129848;1;0;117;1#2;30;
0122;145129849;1;0;53;1#2;30;
0122;145129850;1;0;55;1#2;30;
0122;145129851;1;0;71;1#2;30;
0122;145129852;1;0;60;1#2;30;
0122;145129853;1;0;55;1#2;30;
0122;145129854;1;0;60;1#2;30;
0122;145129855;1;0;56;1#2;30;
0122;145129856;1;0;151;1#2;30;
0122;145129857;1;0;48;1#2;30;
0122;145129858;1;0;33;1#2;30;
0122;145129859;1;0;41;1#2;30;
0122;145129860;1;0;25;1#2;30;
0122;145129861;1;0;28;1#2;30;
0122;145129864;1;0;55;1#2;30;
0122;145129865;1;0;25;1#2;30;
0122;145129866;1;0;45;1#2;30;
0122;145129867;1;0;154;1#2;30;
0122;145129868;1;0;81;1#2;30;
0122;145129869;1;0;78;1#2;30;
0122;145129870;1;0;133;1#2;30;
0122;145129871;1;0;42;1#2;30;
0122;145129872;1;0;58;1#2;30;
0122;145129873;1;0;67;1#2;30;
0122;145129874;1;0;107;1#2;30;
0122;145129875;1;0;50;1#2;30;
0122;145129876;1;0;120;1#2;30;
0122;145129877;1;0;61;1#2;30;
0122;145129878;1;0;78;1#2;30;
0122;145129879;1;0;78;1#2;30;
0122;145129880;1;0;44;1#2;30;
0122;145129881;1;0;24;1#2;30;
0122;145129882;1;0;97;1#2;30;
0122;145129883;1;0;39;1#2;30;
0122;145129884;1;0;52;1#2;30;
0122;145129885;1;0;45;1#2;30;
0122;145129886;1;0;23;1#2;30;
0122;145129887;1;0;50;1#2;30;
0122;145129888;1;0;145;1#2;30;
0122;145129889;1;0;113;1#2;30;
0122;145129890;1;0;40;1#2;30;
0122;145129891;1;0;74;1#2;30;
0122;145129892;1;0;74;1#2;30;
0122;145129893;1;0;380;1#2;30;
0122;145129894;1;0;78;1#2;30;
0122;145129895;1;0;78;1#2;30;
0122;145129896;1;0;607;1#2;30;
0122;145129897;1;0;250;1#2;30;
0122;145129898;1;0;363;1#2;30;
0122;145129899;1;0;1050;1#2;30;
0122;145129900;1;0;178;1#2;30;
0122;145129901;1;0;182;1#2;30;
0122;145129902;1;0;184;1#2;30;
0122;145129903;1;0;329;1#2;30;
0122;145129904;1;0;364;1#2;30;
0122;145129905;1;0;159;1#2;30;
0122;145129906;1;0;527;1#2;30;
0122;145129907;1;0;416;1#2;30;
0122;154764060;1;0;921;1#2;30;
0122;145129909;1;0;201;1#2;30;
0122;145129910;1;0;425;1#2;30;
0122;145129911;1;0;171;1#2;30;
0122;145129912;1;0;171;1#2;30;
0122;145129913;1;0;400;1#2;30;
0122;145129914;1;0;398;1#2;30;
0122;145129915;1;0;307;1#2;30;
0122;145129916;1;0;286;1#2;30;
0122;145129917;1;0;189;1#2;30;
0122;145129918;1;0;253;1#2;30;
0122;145129920;1;0;87;1#2;30;
0122;145129921;1;0;245;1#2;30;
0122;145129922;1;0;183;1#2;30;
0122;145129923;1;0;457;1#2;30;
0122;145129924;1;0;210;1#2;30;
0122;145129925;1;0;129;1#2;30;
0122;145129926;1;0;348;1#2;30;
0122;145129927;1;0;82;1#2;30;
0122;145129928;1;0;313;1#2;30;
0122;145129929;1;0;43;1#2;30;
0122;145129930;1;0;501;1#2;30;
0122;145129931;1;0;614;1#2;30;
0122;145129932;1;0;72;1#2;30;
0122;145129933;1;0;323;1#2;30;
0122;145129934;1;0;237;1#2;30;
0122;145129935;1;0;775;1#2;30;
0122;145129936;1;0;149;1#2;30;
0122;145129937;1;0;302;1#2;30;
0122;145129938;1;0;571;1#2;30;
0122;145129939;1;0;453;1#2;30;
0122;145129940;1;0;240;1#2;30;
0122;145129941;1;0;220;1#2;30;
0122;145129942;1;0;183;1#2;30;
0122;145129943;1;0;448;1#2;30;
0122;145129944;1;0;59;1#2;30;
0122;145129945;1;0;208;1#2;30;
0122;145129946;1;0;15;1#2;30;
0122;145129947;1;0;962;1#2;30;
0122;145129948;1;0;1662;1#2;30;
0122;145129949;1;0;230;1#2;30;
0122;145129950;1;0;1057;1#2;30;
0122;145129951;1;0;755;1#2;30;
0122;145129952;1;0;455;1#2;30;
0122;145129953;1;0;274;1#2;30;
0122;145129954;1;0;246;1#2;30;
0122;145129955;1;0;355;1#2;30;
0122;145129956;1;0;191;1#2;30;
0122;145129957;1;0;131;1#2;30;
0122;145129958;1;0;86;1#2;30;
0122;145129959;1;0;468;1#2;30;
0122;145129960;1;0;384;1#2;30;
0122;145129961;1;0;178;1#2;30;
0122;145129962;1;0;358;1#2;30;
0122;145129963;1;0;348;1#2;30;
0122;145129964;1;0;177;1#2;30;
0122;145129965;1;0;192;1#2;30;
0122;145129966;1;0;128;1#2;30;
0122;145129967;1;0;39;1#2;30;
0122;145129968;1;0;485;1#2;30;
0122;145129969;1;0;462;1#2;30;
0122;145129970;1;0;136;1#2;30;
0122;145129971;1;0;65;1#2;30;
0122;145129972;1;0;652;1#2;30;
0122;145129973;1;0;590;1#2;30;
0122;145129974;1;0;472;1#2;30;
0122;145129975;1;0;95;1#2;30;
0122;145129976;1;0;488;1#2;30;
0122;145129977;1;0;32;1#2;30;
0122;145129978;1;0;52;1#2;30;
0122;145129979;1;0;133;1#2;30;
0122;145129980;1;0;146;1#2;30;
0122;145129981;1;0;93;1#2;30;
0122;145129982;1;0;144;1#2;30;
0122;145129983;1;0;321;1#2;30;
0122;145129984;1;0;125;1#2;30;
0122;145129985;1;0;160;1#2;30;
0122;145129986;1;0;129;1#2;30;
0122;145129987;1;0;129;1#2;30;
0122;145129988;1;0;231;1#2;30;
0122;145129989;1;0;198;1#2;30;
0122;145129990;1;0;164;1#2;30;
0122;145129991;1;0;56;1#2;30;
0122;145129992;1;0;261;1#2;30;
0122;145129993;1;0;230;1#2;30;
0122;145129994;1;0;60;1#2;30;
0122;145129995;1;0;66;1#2;30;
0122;145129996;1;0;278;1#2;30;
0122;145129997;1;0;166;1#2;30;
0122;145129998;1;0;163;1#2;30;
0122;145129999;1;0;131;1#2;30;
0122;145130000;1;0;386;1#2;30;
0122;145130001;1;0;105;1#2;30;
0122;145130002;1;0;531;1#2;30;
0122;145130003;1;0;333;1#2;30;
0122;145130004;1;0;175;1#2;30;
0122;145130005;1;0;186;1#2;30;
0122;145130006;1;0;47;1#2;30;
0122;145130007;1;0;167;1#2;30;
0122;145130008;1;0;168;1#2;30;
0122;145130009;1;0;259;1#2;30;
0122;145130010;1;0;1151;1#2;30;
0122;145130011;1;0;660;1#2;30;
0122;145130012;1;0;146;1#2;30;
0122;145130013;1;0;431;1#2;30;
0122;145130014;1;0;609;1#2;30;
0122;145130015;1;0;392;1#2;30;
0122;145130016;1;0;563;1#2;30;
0122;145130017;1;0;409;1#2;30;
0122;145130018;1;0;226;1#2;30;
0122;145130019;1;0;288;1#2;30;
0122;145130020;1;0;132;1#2;30;
0122;145130021;1;0;429;1#2;30;
0122;145130022;1;0;210;1#2;30;
0122;145130023;1;0;167;1#2;30;
0122;145130024;1;0;371;1#2;30;
0122;145130025;1;0;336;1#2;30;
0122;145130026;1;0;926;1#2;30;
0122;145130027;1;0;1029;1#2;30;
0122;145130028;1;0;291;1#2;30;
0122;145130029;1;0;297;1#2;30;
0122;145130030;1;0;164;1#2;30;
0122;145130031;1;0;575;1#2;30;
0122;145130032;1;0;194;1#2;30;
0122;145130033;1;0;922;1#2;30;
0122;145130034;1;0;88;1#2;30;
0122;145130035;1;0;268;1#2;30;
0122;145130036;1;0;213;1#2;30;
0122;145130037;1;0;124;1#2;30;
0122;145130038;1;0;708;1#2;30;
0122;145130039;1;0;184;1#2;30;
0122;145130040;1;0;92;1#2;30;
0122;145130041;1;0;192;1#2;30;
0122;145130042;1;0;246;1#2;30;
0122;145130043;1;0;301;1#2;30;
0122;145130044;1;0;251;1#2;30;
0122;145130045;1;0;170;1#2;30;
0122;145130046;1;0;155;1#2;30;
0122;145130047;1;0;510;1#2;30;
0122;145130048;1;0;258;1#2;30;
0122;145130049;1;0;298;1#2;30;
0122;145130050;1;0;225;1#2;30;
0122;145130051;1;0;37;1#2;30;
0122;145130052;1;0;271;1#2;30;
0122;145130053;1;0;201;1#2;30;
0122;145130054;1;0;180;1#2;30;
0122;145130055;1;0;99;1#2;30;
0122;145130056;1;0;34;1#2;30;
0122;145130057;1;0;659;1#2;30;
0122;145130058;1;0;352;1#2;30;
0122;145130059;1;0;28;1#2;30;
0122;145130060;1;0;399;1#2;30;
0122;145130061;1;0;134;1#2;30;
0122;145130063;1;0;164;1#2;30;
0122;145130064;1;0;412;1#2;30;
0122;145130065;1;0;286;1#2;30;
0122;145130066;1;0;441;1#2;30;
0122;145130067;1;0;57;1#2;30;
0122;145130068;1;0;166;1#2;30;
0122;145130069;1;0;249;1#2;30;
0122;145130070;1;0;509;1#2;30;
0122;258337227;1;0;127;1#2;30;
0122;258337228;1;0;84;1#2;30;
0122;163302200;1;0;8;1#2;30;
0122;163302201;1;0;85;1#2;30;
0122;145130073;1;0;82;1#2;30;
0122;145130074;1;0;289;1#2;30;
0122;145130076;1;0;656;1#2;30;
0122;258337229;1;0;80;1#2;30;
0122;258337230;1;0;344;1#2;30;
0122;145130078;1;0;341;1#2;30;
0122;145130079;1;0;204;1#2;30;
0122;145130080;1;0;238;1#2;30;
0122;145130081;1;0;357;1#2;30;
0122;145130082;1;0;177;1#2;30;
0122;145130083;1;0;54;1#2;30;
0122;145130084;1;0;113;1#2;30;
0122;145130085;1;0;94;1#2;30;
0122;145130086;1;0;376;1#2;30;
0122;145130087;1;0;201;1#2;30;
0122;145130088;1;0;303;1#2;30;
0122;145130089;1;0;38;1#2;30;
0122;145130090;1;0;325;1#2;30;
0122;145130091;1;0;356;1#2;30;
0122;145130092;1;0;247;1#2;30;
0122;145130093;1;0;430;1#2;30;
0122;145130094;1;0;201;1#2;30;
0122;145130095;1;0;140;1#2;30;
0122;145130096;1;0;148;1#2;30;
0122;145130097;1;0;236;1#2;30;
0122;145130098;1;0;161;1#2;30;
0122;145130099;1;0;344;1#2;30;
0122;145130100;1;0;217;1#2;30;
0122;145130101;1;0;56;1#2;30;
0122;145130102;1;0;248;1#2;30;
0122;145130103;1;0;219;1#2;30;
0122;145130104;1;0;94;1#2;30;
0122;145130105;1;0;228;1#2;30;
0122;145130106;1;0;234;1#2;30;
0122;145130107;1;0;243;1#2;30;
0122;145130108;1;0;235;1#2;30;
0122;145130109;1;0;175;1#2;30;
0122;145130110;1;0;127;1#2;30;
0122;145130111;1;0;116;1#2;30;
0122;145130112;1;0;163;1#2;30;
0122;145130113;1;0;321;1#2;30;
0122;145130114;1;0;722;1#2;30;
0122;145130115;1;0;896;1#2;30;
0122;145130116;1;0;249;1#2;30;
0122;145130117;1;0;224;1#2;30;
0122;145130118;1;0;118;1#2;30;
0122;145130119;1;0;292;1#2;30;
0122;145130120;1;0;758;1#2;30;
0122;145130121;1;0;480;1#2;30;
0122;145130122;1;0;163;1#2;30;
0122;145130123;1;0;645;1#2;30;
0122;145130124;1;0;197;1#2;30;
0122;145130125;1;0;299;1#2;30;
0122;145130126;1;0;342;1#2;30;
0122;145130127;1;0;149;1#2;30;
0122;145130128;1;0;558;1#2;30;
0122;145130129;1;0;244;1#2;30;
0122;145130130;1;0;235;1#2;30;
0122;145130131;1;0;263;1#2;30;
0122;145130132;1;0;135;1#2;30;
0122;145130133;1;0;519;1#2;30;
0122;145130134;1;0;186;1#2;30;
0122;145130135;1;0;63;1#2;30;
0122;145130136;1;0;525;1#2;30;
0122;145130137;1;0;185;1#2;30;
0122;145130138;1;0;790;1#2;30;
0122;145130139;1;0;271;1#2;30;
0122;145130140;1;0;899;1#2;30;
0122;145130141;1;0;190;1#2;30;
0122;145130142;1;0;138;1#2;30;
0122;145130143;1;0;565;1#2;30;
0122;145130144;1;0;262;1#2;30;
0122;145130145;1;0;328;1#2;30;
0122;145130146;1;0;314;1#2;30;
0122;145130147;1;0;87;1#2;30;
0122;145130148;1;0;269;1#2;30;
0122;145130149;1;0;362;1#2;30;
0122;145130150;1;0;482;1#2;30;
0122;145130151;1;0;193;1#2;30;
0122;154764061;1;0;499;1#2;30;
0122;145130153;1;0;180;1#2;30;
0122;145130154;1;0;315;1#2;30;
0122;145130155;1;0;201;1#2;30;
0122;145130156;1;0;121;1#2;30;
0122;145130157;1;0;202;1#2;30;
0122;145130158;1;0;178;1#2;30;
0122;145130159;1;0;448;1#2;30;
0122;145130160;1;0;418;1#2;30;
0122;145130161;1;0;260;1#2;30;
0122;145130162;1;0;193;1#2;30;
0122;145130163;1;0;104;1#2;30;
0122;145130164;1;0;265;1#2;30;
0122;145130165;1;0;179;1#2;30;
0122;145130166;1;0;199;1#2;30;
0122;145130167;1;0;339;1#2;30;
0122;145130168;1;0;305;1#2;30;
0122;145130169;1;0;395;1#2;30;
0122;145130170;1;0;93;1#2;30;
0122;145130171;1;0;34;1#2;30;
0122;145130172;1;0;70;1#2;30;
0122;163302202;1;0;7;1#2;30;
0122;163302203;1;0;78;1#2;30;
0122;145142616;1;0;171;1#2;50;
0122;145142617;1;0;115;1#2;50;
0122;145142618;1;0;16;1#2;50;
0122;145142619;1;0;2351;1#2;50;
0122;145142620;1;0;155;1#2;50;
0122;145142621;1;0;725;1#2;50;
0122;145142622;1;0;1920;1#2;50;
0122;145142624;1;0;28;1#2;50;
0122;145142625;1;0;1271;1#2;50;
0122;145142626;1;0;475;1#2;50;
0122;145142627;1;0;34;1#2;50;
0122;145142628;1;0;1170;1#2;50;
0122;145142629;1;0;360;1#2;50;
0122;145142630;1;0;493;1#2;50;
0122;145142631;1;0;317;1#2;50;
0122;145142632;1;0;12;1#2;50;
0122;145142633;1;0;1445;1#2;50;
0122;145142634;1;0;62;1#2;50;
0122;145142635;1;0;20;1#2;50;
0122;145142636;1;0;280;1#2;50;
0122;145142637;1;0;476;1#2;50;
0122;145142638;1;0;253;1#2;50;
0122;145142639;1;0;171;1#2;50;
0122;145142640;1;0;323;1#2;50;
0122;145142641;1;0;32;1#2;50;
0122;145142642;1;0;52;1#2;50;
0122;145142643;1;0;136;1#2;50;
0122;145142644;1;0;490;1#2;50;
0122;145142645;1;0;80;1#2;50;
0122;145142646;1;0;111;1#2;50;
0122;145142647;1;0;110;1#2;50;
0122;145142648;1;0;567;1#2;50;
0122;145142649;1;0;767;1#2;50;
0122;145142650;1;0;304;1#2;50;
0122;145142651;1;0;176;1#2;50;
0122;145142654;1;0;38;1#2;50;
0122;145142655;1;0;330;1#2;50;
0122;145142656;1;0;163;1#2;50;
0122;145142657;1;0;65;1#2;50;
0122;145142658;1;0;275;1#2;50;
0122;145142659;1;0;51;1#2;50;
0122;145142660;1;0;92;1#2;50;
0122;145144490;1;0;563;1#2;50;
0122;145144490;1;0;563;1;80;
0122;145144490;1;0;563;2;70;
0122;145144490;2;94;563;1#2;80;
0122;145144491;1;0;308;1#2;80;
0122;145144492;1;0;309;1#2;80;
0122;145144493;1;0;13;1#2;80;
0122;145144494;1;0;133;1#2;80;
0122;145144495;1;0;76;1#2;80;
0122;145144496;1;0;328;1#2;80;
0122;145144497;1;0;42;1#2;80;
0122;145144498;1;0;285;1#2;80;
0122;145144499;1;0;45;1#2;80;
0122;145144500;1;0;118;1#2;80;
0122;145144501;1;0;240;1#2;80;
0122;145144502;1;0;102;1#2;80;
0122;145144503;1;0;86;1#2;80;
0122;145144504;1;0;121;1#2;80;
0122;145144505;1;0;44;1#2;80;
0122;145144506;1;0;411;1#2;80;
0122;145144506;2;332;411;1#2;60;
0122;145144507;1;0;143;1#2;60;
0122;145144508;1;0;23;1#2;60;
0122;145144509;1;0;104;1#2;60;
0122;145144510;1;0;45;1#2;60;
0122;145144511;1;0;46;1#2;60;
0122;145144512;1;0;201;1#2;60;
0122;145144513;1;0;147;1#2;60;
0122;145144514;1;0;74;1#2;60;
0122;145144515;1;0;26;1#2;60;
0122;145144516;1;0;94;1#2;60;
0122;145144517;1;0;295;1#2;60;
0122;145144517;2;80;295;1#2;70;
0122;145144518;1;0;174;1#2;70;
0122;145144519;1;0;109;1#2;70;
0122;145144520;1;0;37;1#2;70;
0122;145144521;1;0;541;1#2;70;
0122;145144522;1;0;648;1#2;70;
0122;145144522;2;522;648;1#2;60;
0122;145144523;1;0;197;1#2;60;
0122;145144524;1;0;76;1#2;60;
0122;145145773;1;0;502;1#2;80;
0122;145145774;1;0;249;1#2;80;
0122;145145775;1;0;6;1#2;80;
0122;145145776;1;0;213;1#2;80;
0122;145145777;1;0;472;1#2;80;
0122;145145777;2;281;472;1#2;60;
0122;145145778;1;0;72;1#2;60;
0122;145145779;1;0;23;1#2;60;
0122;145145780;1;0;21;1#2;60;
0122;145145781;1;0;6;1#2;60;
0122;145145782;1;0;24;1#2;60;
0122;145145783;1;0;394;1#2;60;
0122;145145783;2;201;394;1#2;80;
0122;145145784;1;0;1064;1#2;80;
0122;145145785;1;0;298;1#2;80;
0122;145145786;1;0;208;1#2;80;
0122;275240626;1;0;192;1#2;80;
0122;275240627;1;0;9;1#2;80;
0122;145145788;1;0;76;1#2;80;
0122;145145789;1;0;30;1#2;80;
0122;145145790;1;0;258;1#2;80;
0122;145145791;1;0;287;1#2;80;
0122;145145792;1;0;147;1#2;80;
0122;145145793;1;0;603;1#2;80;
0122;145145794;1;0;289;1#2;80;
0122;145145795;1;0;256;1#2;80;
0122;145145796;1;0;35;1#2;80;
0122;145145797;1;0;86;1#2;80;
0122;145145798;1;0;396;1#2;80;
0122;145145799;1;0;15;1#2;80;
0122;145145800;1;0;24;1#2;80;
0122;145145801;1;0;398;1#2;80;
0122;145145801;2;312;398;1;70;
0122;145145802;1;0;177;1;70;
0122;145145802;2;64;177;1#2;50;
0122;145145803;1;0;54;1#2;50;
0122;145145804;1;0;183;1#2;50;
0122;275240628;1;0;5;1#2;40;
0122;275240629;1;0;45;1#2;40;
0122;246315118;1;0;44;1#2;40;
0122;145145808;1;0;14;1#2;40;
0122;145145809;1;0;88;1#2;40;
0122;145145810;1;0;79;1#2;40;
0122;163302204;1;0;81;1#2;40;
0122;163302205;1;0;526;1#2;40;
0122;163302205;2;83;526;1#2;50;
0122;145145812;1;0;100;1#2;50;
0122;145145813;1;0;6;1#2;50;
0122;145145814;1;0;5;1#2;50;
0122;145145815;1;0;10;1#2;50;
0122;145145816;1;0;360;1#2;50;
0122;145145816;1;0;360;2;70;
0122;145145816;2;101;360;1#2;80;
0122;145145817;1;0;341;1#2;80;
0122;145145818;1;0;850;1#2;80;
0122;275240630;1;0;449;1#2;80;
0122;275240631;1;0;452;1#2;80;
0122;145145820;1;0;146;1#2;80;
0122;145145821;1;0;1028;1#2;80;
0122;145145822;1;0;488;1#2;80;
0122;145145823;1;0;802;1#2;80;
0122;145145823;2;568;802;1#2;60;
0122;275240632;1;0;79;1#2;60;
0122;275240633;1;0;58;1#2;60;
0122;145145825;1;0;94;1#2;60;
0122;145145826;1;0;38;1#2;60;
0122;145145827;1;0;232;1#2;60;
0122;275240634;1;0;575;1#2;60;
0122;275240634;2;77;575;1#2;80;
0122;275240635;1;0;148;1#2;80;
0122;212637521;1;0;72;1#2;80;
0122;212637522;1;0;39;1#2;80;
0122;212637523;1;0;496;1#2;80;
0122;275240636;1;0;243;1#2;80;
0122;275240637;1;0;162;1#2;80;
0122;145146698;1;0;7;1#2;80;
0122;145146699;1;0;67;1#2;80;
0122;275332875;1;0;372;1#2;80;
0122;275332876;1;0;448;1#2;80;
0122;275332876;2;315;448;1#2;70;
0122;145146701;1;0;165;1#2;70;
0122;145146702;1;0;12;1#2;70;
0122;145146703;1;0;226;1#2;70;
0122;145146704;1;0;628;1#2;70;
0122;145146704;2;32;628;1#2;80;
0122;145146705;1;0;747;1#2;80;
0122;145146706;1;0;140;1#2;80;
0122;145146707;1;0;58;1#2;80;
0122;145146708;1;0;9;1#2;80;
0122;145146709;1;0;391;1#2;80;
0122;145146710;1;0;481;1;70;
0122;145146710;1;0;481;1#2;80;
0122;145146710;2;409;481;1#2;50;
0122;145146711;1;0;200;1#2;50;
0122;145146712;1;0;79;1#2;50;
0122;145146713;1;0;102;1#2;50;
0122;145146714;1;0;32;1#2;50;
0122;145146715;1;0;20;1#2;50;
0122;145146716;1;0;15;1#2;50;
0122;145146717;1;0;37;1#2;50;
0122;145146718;1;0;57;1#2;50;
0122;145146719;1;0;96;1#2;50;
0122;145146720;1;0;80;1#2;50;
0122;145146721;1;0;123;1#2;50;
0122;145146722;1;0;278;2;70;
0122;145146722;1;0;278;1#2;50;
0122;145146722;1;0;278;1#2;50;
0122;145146722;2;265;278;1#2;80;
0122;145146723;1;0;292;1#2;80;
0122;145146724;1;0;333;1#2;80;
0122;258337231;1;0;714;1#2;80;
0122;275332877;1;0;237;1#2;80;
0122;275332878;1;0;129;1#2;80;
0122;145146726;1;0;61;1#2;80;
0122;145146727;1;0;114;1#2;80;
0122;145146728;1;0;1231;1#2;80;
0122;145146729;1;0;391;1#2;80;
0122;145146730;1;0;49;1#2;80;
0122;145146731;1;0;400;1#2;80;
0122;145146732;1;0;257;1#2;80;
0122;145146733;1;0;283;1#2;80;
0122;145146734;1;0;40;1#2;80;
0122;145146735;1;0;31;1#2;80;
0122;275332879;1;0;13;1#2;80;
0122;275332880;1;0;95;1#2;80;
0122;145146737;1;0;114;1#2;80;
0122;145146738;1;0;615;1#2;80;
0122;145146739;1;0;168;1#2;80;
0122;145146740;1;0;482;1#2;80;
0122;145146741;1;0;281;1#2;80;
0122;145146742;1;0;502;1#2;80;
0122;145146743;1;0;522;1#2;80;
0122;145146744;1;0;46;1#2;80;
0122;145146745;1;0;730;1#2;80;
0122;145146746;1;0;65;1#2;80;
0122;145149573;1;0;565;1#2;80;
0122;145149574;1;0;87;1#2;80;
0122;145149575;1;0;154;1#2;80;
0122;145149576;1;0;369;1#2;80;
0122;145149577;1;0;4;1#2;80;
0122;145149596;1;0;4;1#2;50;
0122;145149597;1;0;6;1#2;50;
0122;260801725;1;0;16;1#2;50;
0122;260801726;1;0;204;1#2;50;
0122;260801726;2;119;204;1#2;50;
0122;145149599;1;0;122;1#2;50;
0122;145149600;1;0;10;1#2;50;
0122;145149601;1;0;256;1#2;50;
0122;145149602;1;0;153;1#2;50;
0122;145149603;1;0;624;1#2;50;
0122;145149604;1;0;218;1#2;50;
0122;145149605;1;0;63;1#2;50;
0122;145149606;1;0;216;1#2;50;
0122;145149607;1;0;555;1#2;50;
0122;145149608;1;0;4;1#2;80;
0122;145149609;1;0;566;1#2;80;
0122;145149610;1;0;16;1#2;80;
0122;145149611;1;0;126;1#2;80;
0122;145149612;1;0;179;1#2;80;
0122;145149613;1;0;109;1#2;80;
0122;145149614;1;0;664;1#2;80;
0122;145149615;1;0;268;1#2;80;
0122;145149616;1;0;85;1#2;80;
0122;145149617;1;0;137;1#2;80;
0122;145149618;1;0;34;1#2;80;
0122;145149619;1;0;171;1#2;80;
0122;145149620;1;0;305;1#2;80;
0122;145149621;1;0;9;1#2;80;
0122;145149622;1;0;10;1#2;80;
0122;145149623;1;0;510;1#2;80;
0122;145149624;1;0;112;1#2;80;
0122;145149625;1;0;416;1#2;80;
0122;145149626;1;0;304;1#2;80;
0122;145149627;1;0;4;1#2;80;
0122;145149628;1;0;5;1#2;80;
0122;145149629;1;0;140;1#2;80;
0122;145149630;1;0;907;1#2;80;
0122;145149631;1;0;217;1#2;80;
0122;145149632;1;0;29;1#2;80;
0122;145149633;1;0;762;1#2;80;
0122;145149634;1;0;151;1#2;80;
0122;145149635;1;0;650;1#2;80;
0122;145149636;1;0;252;1#2;80;
0122;145149637;1;0;246;1#2;80;
0122;145149638;1;0;271;1#2;80;
0122;145149639;1;0;4;1#2;80;
0122;145149640;1;0;169;1#2;80;
0122;145149641;1;0;220;1#2;80;
0122;145149642;1;0;190;1#2;80;
0122;276766853;1;0;429;1#2;80;
0122;276766854;1;0;979;1#2;80;
0122;145149644;1;0;340;1#2;80;
0122;145149645;1;0;320;1#2;80;
0122;145149646;1;0;62;1#2;80;
0122;145149647;1;0;292;1#2;80;
0122;145149648;1;0;144;1#2;80;
0122;145149649;1;0;288;1#2;80;
0122;145149650;1;0;302;1#2;80;
0122;145149651;1;0;22;1#2;80;
0122;145149652;1;0;77;1#2;80;
0122;145149653;1;0;4;1#2;80;
0122;145149655;1;0;49;1#2;80;
0122;145149656;1;0;81;1#2;80;
0122;145149657;1;0;289;1#2;80;
0122;145149658;1;0;77;1#2;80;
0122;145149659;1;0;305;1#2;80;
0122;145149660;1;0;63;1#2;80;
0122;145149661;1;0;967;1#2;80;
0122;145149662;1;0;44;1#2;80;
0122;145149663;1;0;880;1#2;80;
0122;145149664;1;0;331;1#2;80;
0122;145149665;1;0;63;1#2;80;
0122;145149666;1;0;478;1#2;80;
0122;145149667;1;0;502;1#2;80;
0122;145149668;1;0;499;1#2;80;
0122;145149669;1;0;175;1#2;80;
0122;145149670;1;0;443;1#2;80;
0122;145149671;1;0;20;1#2;80;
0122;145149672;1;0;250;1#2;80;
0122;145149672;2;210;250;1#2;60;
0122;145149673;1;0;168;1#2;60;
0122;145149674;1;0;490;1#2;60;
0122;145149674;2;346;490;1#2;50;
0122;145149675;1;0;206;1#2;50;
0122;145149676;1;0;46;1#2;50;
0122;145149677;1;0;45;1#2;50;
0122;145149678;1;0;63;1#2;50;
0122;145149679;1;0;20;1#2;50;
0122;145149680;1;0;160;1#2;50;
0122;145149681;1;0;37;1#2;50;
0122;145149682;1;0;22;1#2;50;
0122;145149683;1;0;35;1#2;50;
0122;145149684;1;0;49;1#2;50;
0122;145149687;1;0;4;1#2;80;
0122;145149688;1;0;318;1#2;80;
0122;145149689;1;0;383;1#2;80;
0122;145149690;1;0;439;1#2;80;
0122;145149691;1;0;39;1#2;80;
0122;145149692;1;0;152;1#2;80;
0122;145149693;1;0;65;1#2;80;
0122;145149694;1;0;732;1#2;80;
0122;145149695;1;0;4;1#2;80;
0122;145149699;1;0;11;1#2;80;
0122;145149700;1;0;40;1#2;80;
0122;145149701;1;0;180;1#2;80;
0122;145149702;1;0;217;1#2;80;
0122;145149703;1;0;86;1#2;80;
0122;145149704;1;0;685;1#2;80;
0122;145149705;1;0;17;1#2;80;
0122;145149706;1;0;367;1#2;80;
0122;145149707;1;0;365;1#2;80;
0122;145149708;1;0;99;1#2;80;
0122;145149709;1;0;150;1#2;80;
0122;145149710;1;0;677;1#2;80;
0122;145149711;1;0;80;1#2;80;
0122;145149712;1;0;859;1#2;80;
0122;145149713;1;0;759;1#2;80;
0122;145149714;1;0;86;1#2;80;
0122;145149715;1;0;4;1#2;80;
0122;145149716;1;0;4;1#2;80;
0122;145149717;1;0;382;1#2;80;
0122;145149718;1;0;188;1#2;80;
0122;145149719;1;0;359;1#2;80;
0122;145149720;1;0;224;1#2;80;
0122;145149721;1;0;376;1#2;80;
0122;145149722;1;0;243;1#2;80;
0122;145149723;1;0;239;1#2;80;
0122;145149724;1;0;267;1#2;80;
0122;145149725;1;0;13;1#2;80;
0122;145149726;1;0;273;1#2;80;
0122;145149727;1;0;73;1#2;80;
0122;145149728;1;0;97;1#2;80;
0122;145149729;1;0;78;1#2;80;
0122;145149730;1;0;607;1#2;80;
0122;145149731;1;0;328;1#2;80;
0122;145149732;1;0;212;1#2;80;
0122;145149733;1;0;1297;1#2;80;
0122;145149734;1;0;4;1#2;80;
0122;145149735;1;0;3;1#2;80;
0122;145149736;1;0;134;1#2;80;
0122;145149737;1;0;1098;1#2;80;
0122;145149738;1;0;69;1#2;80;
0122;145149739;1;0;226;1#2;80;
0122;145149740;1;0;529;1#2;80;
0122;145149741;1;0;7;1#2;80;
0122;145149742;1;0;31;1#2;80;
0122;145149743;1;0;215;1#2;80;
0122;145149744;1;0;1969;1#2;80;
0122;145149745;1;0;93;1#2;80;
0122;145149746;1;0;3;1#2;80;
0122;145149747;1;0;4;1#2;80;
0122;145149748;1;0;131;1#2;80;
0122;145149749;1;0;1310;1#2;80;
0122;145149750;1;0;36;1#2;80;
0122;145149751;1;0;38;1#2;80;
0122;145149752;1;0;421;1#2;80;
0122;145149753;1;0;625;1#2;80;
0122;145149754;1;0;388;1#2;80;
0122;145149755;1;0;620;1#2;80;
0122;145149756;1;0;1059;1#2;80;
0122;145149757;1;0;4;1#2;80;
0122;145149758;1;0;4;1#2;80;
0122;145149759;1;0;290;1#2;80;
0122;145149760;1;0;482;1#2;80;
0122;145149761;1;0;136;1#2;80;
0122;145149762;1;0;485;1#2;80;
0122;145149763;1;0;124;1#2;80;
0122;145149764;1;0;303;1#2;80;
0122;145149765;1;0;171;1#2;80;
0122;145149766;1;0;171;1#2;80;
0122;145149767;1;0;179;1#2;80;
0122;145149768;1;0;20;1#2;80;
0122;145149769;1;0;1333;1#2;80;
0122;145149770;1;0;5;1#2;80;
0122;145149771;1;0;4;1#2;80;
0122;145149772;1;0;118;1#2;80;
0122;145149773;1;0;258;1#2;80;
0122;145149774;1;0;337;1#2;80;
0122;145149775;1;0;132;1#2;80;
0122;145149776;1;0;164;1#2;80;
0122;145149777;1;0;257;1#2;80;
0122;145149778;1;0;600;1#2;80;
0122;145149779;1;0;80;1#2;80;
0122;145149780;1;0;1312;1#2;80;
0122;145149781;1;0;57;1#2;80;
0122;145149782;1;0;532;1#2;80;
0122;145149783;1;0;172;1#2;80;
0122;145149784;1;0;263;1#2;80;
0122;145149785;1;0;115;1#2;80;
0122;145149786;1;0;632;1#2;80;
0122;145149787;1;0;4;1#2;80;
0122;154764085;1;0;1339;1#2;80;
0122;145151209;1;0;309;1#2;80;
0122;145151210;1;0;79;1#2;80;
0122;145151211;1;0;517;1#2;80;
0122;145151212;1;0;291;1#2;80;
0122;145151213;1;0;375;1#2;80;
0122;145151214;1;0;157;1#2;80;
0122;145151215;1;0;244;1#2;80;
0122;145151216;1;0;185;1#2;80;
0122;145151217;1;0;543;1#2;80;
0122;145151218;1;0;133;1#2;80;
0122;145151219;1;0;499;1#2;80;
0122;145151220;1;0;189;1#2;80;
0122;145151221;1;0;387;1#2;80;
0122;145151222;1;0;10;1#2;80;
0122;145151223;1;0;153;1#2;80;
0122;145151224;1;0;46;1#2;80;
0122;145151225;1;0;81;1#2;80;
0122;145151226;1;0;403;1#2;80;
0122;145151227;1;0;95;1#2;80;
0122;145151228;1;0;74;1#2;80;
0122;258337233;1;0;94;1#2;80;
0122;258337234;1;0;266;1#2;80;
0122;258337234;2;123;266;1#2;50;
0122;145151230;1;0;81;1#2;50;
0122;145151231;1;0;205;1#2;50;
0122;145151232;1;0;8;1#2;50;
0122;145151233;1;0;13;1#2;50;
0122;145151234;1;0;62;1#2;50;
0122;145151235;1;0;55;1#2;50;
0122;145151236;1;0;76;1#2;50;
0122;145151236;2;38;76;1#2;40;
0122;145151237;1;0;56;1#2;40;
0122;145151238;1;0;10;1#2;40;
0122;145151239;1;0;57;1#2;40;
0122;145151240;1;0;42;1#2;40;
0122;258337235;1;0;4;1#2;40;
0122;258337236;1;0;10;1#2;40;
0122;258337237;1;0;38;1#2;40;
0122;258337238;1;0;7;1#2;40;
0122;145151243;1;0;10;1#2;40;
0122;145151244;1;0;62;1#2;40;
0122;258337239;1;0;29;1#2;40;
0122;258337240;1;0;2;1#2;40;
0122;145151246;1;0;5;1#2;40;
0122;145151247;1;0;3;1#2;40;
0122;145151248;1;0;46;1#2;40;
0122;258337241;1;0;17;1#2;40;
0122;258337242;1;0;83;1#2;40;
0122;145151250;1;0;72;1#2;40;
0122;145151250;2;53;72;1#2;60;
0122;164970681;1;0;22;1#2;60;
0122;164970682;1;0;68;1#2;60;
0122;145151252;1;0;510;1#2;60;
0122;145151252;2;91;510;1#2;80;
0122;145151253;1;0;246;1#2;80;
0122;163302208;1;0;57;1#2;80;
0122;163302209;1;0;105;1#2;80;
0122;145151255;1;0;295;1#2;80;
0122;145151256;1;0;777;1#2;80;
0122;145151257;1;0;20;1#2;80;
0122;145151258;1;0;554;1#2;80;
0122;145151259;1;0;194;1#2;80;
0122;145151260;1;0;383;1#2;80;
0122;145151261;1;0;216;1#2;80;
0122;145151262;1;0;839;1#2;80;
0122;145151263;1;0;437;1#2;80;
0122;145151264;1;0;175;1#2;80;
0122;163302210;1;0;30;1#2;80;
0122;163302211;1;0;464;1#2;80;
0122;163302211;2;362;464;1#2;60;
0122;145151266;1;0;232;1#2;60;
0122;145151267;1;0;207;1#2;60;
0122;145151268;1;0;35;1#2;60;
0122;145151269;1;0;30;1#2;60;
0122;145151270;1;0;182;1#2;60;
0122;145151271;1;0;111;1#2;60;
0122;145151272;1;0;40;1#2;60;
0122;145151273;1;0;9;1#2;60;
0122;145151274;1;0;45;1#2;60;
0122;145151275;1;0;62;1#2;60;
0122;145151276;1;0;2;1#2;60;
0122;145151277;1;0;194;1#2;60;
0122;145151278;1;0;205;1#2;60;
0122;145151278;2;98;205;1#2;50;
0122;145151279;1;0;34;1#2;50;
0122;145151280;1;0;259;1#2;50;
0122;145151281;1;0;66;1#2;50;
0122;145151282;1;0;12;1#2;50;
0122;145151283;1;0;6;1#2;50;
0122;145151284;1;0;7;1#2;50;
0122;145151285;1;0;126;1#2;50;
0122;145151286;1;0;81;1#2;50;
0122;145151287;1;0;63;1#2;50;
0122;145151288;1;0;210;1#2;50;
0122;145151289;1;0;64;1#2;50;
0122;145151290;1;0;61;1#2;50;
0122;145151291;1;0;61;1#2;50;
0122;145151292;1;0;186;1#2;50;
0122;145151293;1;0;4;1#2;50;
0122;145151294;1;0;4;1#2;50;
0122;145153925;1;0;248;1#2;80;
0122;145153926;1;0;495;1#2;80;
0122;145153927;1;0;150;1#2;80;
0122;145153928;1;0;335;1#2;80;
0122;145153929;1;0;112;1#2;80;
0122;145153930;1;0;375;1#2;80;
0122;145153931;1;0;4;1#2;80;
0122;145153989;1;0;542;1#2;80;
0122;145153990;1;0;562;1#2;80;
0122;145153991;1;0;227;1#2;80;
0122;145153992;1;0;778;1#2;80;
0122;145153993;1;0;236;1#2;80;
0122;145153994;1;0;50;1#2;80;
0122;145153995;1;0;433;1#2;80;
0122;145153996;1;0;132;1#2;80;
0122;145153997;1;0;102;1#2;80;
0122;145153998;1;0;323;1#2;80;
0122;145153999;1;0;478;1#2;80;
0122;145154000;1;0;4;1#2;80;
0122;145154001;1;0;4;1#2;80;
0122;145154002;1;0;252;1#2;80;
0122;145154003;1;0;20;1#2;80;
0122;145154004;1;0;191;1#2;80;
0122;145154005;1;0;8;1#2;80;
0122;145154017;1;0;20;1#2;80;
0122;145154018;1;0;36;1#2;80;
0122;145154019;1;0;45;1#2;80;
0122;145154020;1;0;196;1#2;80;
0122;145154021;1;0;15;1#2;80;
0122;145154022;1;0;13;1#2;80;
0122;145154023;1;0;370;1#2;80;
0122;145154024;1;0;144;1#2;80;
0122;145154025;1;0;589;1#2;80;
0122;145154026;1;0;6;1#2;80;
0122;145154027;1;0;95;1#2;80;
0122;145154028;1;0;56;1#2;80;
0122;145154029;1;0;68;1#2;80;
0122;163302212;1;0;54;1#2;80;
0122;163302213;1;0;9;1#2;80;
0122;145154031;1;0;5;1#2;80;
0122;145154132;1;0;187;1#2;80;
0122;145154133;1;0;639;1#2;80;
0122;145154134;1;0;11;1#2;80;
0122;145154135;1;0;396;1#2;80;
0122;145154136;1;0;751;1#2;80;
0122;145154137;1;0;831;1#2;80;
0122;145154138;1;0;84;1#2;80;
0122;145154139;1;0;51;1#2;80;
0122;145154140;1;0;19;1#2;80;
0122;145154141;1;0;20;1#2;80;
0122;145154142;1;0;62;1#2;80;
0122;145154143;1;0;1135;1#2;80;
0122;145154144;1;0;63;1#2;80;
0122;145154152;1;0;187;1#2;80;
0122;145154153;1;0;280;1#2;80;
0122;145154154;1;0;641;1#2;80;
0122;145154155;1;0;209;1#2;80;
0122;145154156;1;0;854;1#2;80;
0122;145154157;1;0;4;1#2;80;
0122;145154158;1;0;4;1#2;80;
0122;145154159;1;0;230;1#2;80;
0122;145154160;1;0;246;1#2;80;
0122;145154161;1;0;171;1#2;80;
0122;145154162;1;0;742;1#2;80;
0122;145154163;1;0;257;1#2;80;
0122;145154164;1;0;203;1#2;80;
0122;145154165;1;0;301;1#2;80;
0122;145154770;1;0;28;1;50;
0122;145154771;1;0;8;1;50;
0122;163302214;1;0;25;1;50;
0122;163302215;1;0;6;1;50;
0122;145155169;1;0;3;1;80;
0122;145155170;1;0;9;1;80;
0122;145155171;1;0;8;1;80;
0122;145155612;1;0;26;1;50;
0122;163302216;1;0;10;1;50;
0122;163302217;1;0;18;1;50;
0122;145155719;1;0;8;1#2;30;
0122;145155720;1;0;3;1#2;30;
0122;145156242;1;0;28;2;50;
0122;145156243;1;0;8;2;50;
0122;163302218;1;0;25;2;50;
0122;163302219;1;0;6;2;50;
0122;145156625;1;0;3;2;80;
0122;145156626;1;0;6;2;80;
0122;145156627;1;0;3;2;80;
0122;145156628;1;0;8;2;80;
0122;145156931;1;0;26;2;50;
0122;163302220;1;0;10;2;50;
0122;163302221;1;0;18;2;50;
0122;154764105;1;0;16;1;60;
0122;154764106;1;0;7;1;60;
0122;154764107;1;0;5;1;60;
0122;154764108;1;0;28;1;60;
0122;154764109;1;0;5;1;60;
0122;154764110;1;0;6;1;60;
0122;154764111;1;0;8;1;60;
0122;154764112;1;0;6;1;60;
0122;154764113;1;0;7;1;60;
0122;154764136;1;0;16;1#2;30;
0122;154764140;1;0;18;1#2;60;
0122;154764141;1;0;23;1#2;60;
0122;154764149;1;0;936;1#2;30;
0122;154764160;1;0;183;1#2;30;
0122;154764164;1;0;137;1#2;60;
0122;154764164;2;86;137;1#2;80;
0122;154764165;1;0;16;1#2;80;
0122;154764166;1;0;177;1#2;80;
0122;154764167;1;0;22;1#2;80;
0122;154764168;1;0;66;1#2;80;
0122;154764169;1;0;119;1#2;80;
0122;154764177;1;0;106;2;60;
0122;154764178;1;0;162;2;60;
0122;154764179;1;0;106;1;60;
0122;154764180;1;0;162;1;60;
0122;154764184;1;0;27;1#2;30;
0122;154764186;1;0;79;1#2;30;
0122;154764187;1;0;24;1;60;
0122;154764188;1;0;24;2;60;
0122;154764189;1;0;22;1;60;
0122;154764191;1;0;22;2;60;
0122;154764193;1;0;298;1#2;30;
0122;163901278;1;0;96;1#2;30;
0122;163901279;1;0;12;1#2;30;
0122;154764196;1;0;89;1#2;30;
0122;154764197;1;0;89;1#2;30;
0122;154764198;1;0;11;1#3;80;
0122;154764199;1;0;123;1#3;80;
0122;154764220;1;0;11;2#4;80;
0122;154764221;1;0;119;2#4;80;
0122;154764231;1;0;271;1#2;30;
0122;154764233;1;0;20;1;80;
0122;154764235;1;0;107;1;80;
0122;154764335;1;0;136;2;60;
0122;154764336;1;0;939;2#4;80;
0122;154764337;1;0;46;2#4;80;
0122;154764338;1;0;600;2#4;80;
0122;154764339;1;0;28;2#4;80;
0122;154764340;1;0;136;1;60;
0122;154764341;1;0;939;1#3;80;
0122;154764342;1;0;46;1#3;80;
0122;154764343;1;0;600;1#3;80;
0122;154764344;1;0;28;1#3;80;
0122;258337243;1;0;18;1#2;50;
0122;258337244;1;0;52;1#2;50;
0122;258337245;1;0;220;1#2;50;
0122;258337246;1;0;14;1#2;50;
0122;258337247;1;0;13;1#2;50;
0122;258337248;1;0;13;1#2;50;
0122;258337249;1;0;73;1#2;50;
0122;258337250;1;0;17;1#2;50;
0122;258337251;1;0;33;1#2;50;
0122;258337252;1;0;11;1#2;50;
0122;258337253;1;0;125;1#2;50;
0122;258337254;1;0;55;1#2;50;
0122;258337255;1;0;113;1#2;50;
0122;258337256;1;0;88;1#2;50;
0122;258337257;1;0;51;1#2;30;
0122;258337258;1;0;58;1#2;30;
0122;258337259;1;0;273;1#2;50;
0122;258337260;1;0;137;1#2;50;
0122;258337261;1;0;188;1#2;30;
0122;258337262;1;0;7;1#2;50;
0122;258337263;1;0;75;1#2;50;
0122;258337264;1;0;18;1#2;50;
0122;258337265;1;0;72;1#2;50;
0122;258337266;1;0;95;1#2;30;
0122;258337267;1;0;136;1#2;30;
0122;258337268;1;0;34;1#2;50;
0122;258337269;1;0;23;1#2;50;
0122;258337270;1;0;88;1#2;50;
0122;258337271;1;0;241;1#2;50;
0122;258337272;1;0;378;1#2;50;
0122;258337273;1;0;206;1#2;50;
0122;258337274;1;0;26;1#2;50;
0122;258337275;1;0;29;1#2;50;
0122;258337276;1;0;40;1#2;50;
0122;258337277;1;0;34;1#2;50;
0122;258337278;1;0;10;1#2;50;
0122;258337279;1;0;83;1#2;50;
0122;258337280;1;0;51;1#2;50;
0122;258337281;1;0;85;1#2;50;
0122;258337282;1;0;51;1#2;50;
0122;258337283;1;0;42;1#2;50;
0122;258337284;1;0;58;1#2;50;
0122;258337285;1;0;39;1#2;50;
0122;258337286;1;0;134;1#2;50;
0122;258337287;1;0;71;1#2;50;
0122;258337288;1;0;66;1#2;50;
0122;258337289;1;0;94;1#2;50;
0122;258337290;1;0;58;1#2;50;
0122;258337291;1;0;21;1#2;50;
0122;258337292;1;0;15;1#2;50;
0122;258337293;1;0;16;1#2;50;
0122;258337294;1;0;176;1#2;50;
0122;258337295;1;0;48;1#2;50;
0122;258337296;1;0;92;1#2;50;
0122;258337297;1;0;78;1#2;50;
0122;258337298;1;0;51;1#2;50;
0122;258337299;1;0;41;1#2;50;
0122;258337300;1;0;435;1#2;50;
0122;258337301;1;0;152;1#2;50;
0122;258337302;1;0;191;1#2;50;
0122;258337303;1;0;29;1#2;50;
0122;258337304;1;0;74;1#2;50;
0122;258337305;1;0;111;1#2;50;
0122;258337306;1;0;98;1#2;50;
0122;258337307;1;0;28;1#2;50;
0122;258337308;1;0;56;1#2;50;
0122;258337309;1;0;57;1#2;50;
0122;258337310;1;0;18;1#2;50;
0122;258337311;1;0;73;1#2;50;
0122;258337312;1;0;25;1#2;50;
0122;258337313;1;0;18;1#2;50;
0122;258337314;1;0;101;1#2;50;
0122;258337315;1;0;170;1#2;50;
0122;258337316;1;0;61;1#2;50;
0122;258337317;1;0;37;1#2;50;
0122;258337318;1;0;119;1#2;50;
0122;258337319;1;0;132;1#2;50;
0122;258337320;1;0;35;1#2;50;
0122;258337321;1;0;135;1#2;30;
0122;258337322;1;0;120;1#2;50;
0122;258337323;1;0;47;1#2;50;
0122;258337324;1;0;26;1#2;50;
0122;258337325;1;0;18;1#2;50;
0122;258337326;1;0;36;1#2;50;
0122;258337327;1;0;34;1#2;50;
0122;258337328;1;0;59;1#2;50;
0122;258337329;1;0;191;1#2;50;
0122;258337333;1;0;77;1#2;50;
0122;258337334;1;0;46;1#2;50;
0122;258337335;1;0;127;1#2;50;
0122;258337336;1;0;27;1#2;50;
0122;258337338;1;0;34;1#2;50;
0122;258337339;1;0;70;1#2;50;
0122;258337340;1;0;115;1#2;30;
0122;258337341;1;0;323;1#2;30;
0122;260801727;1;0;56;1#2;30;
0122;260801728;1;0;98;1#2;30;
0122;276766855;1;0;40;1#2;30;
0122;276766856;1;0;40;1#2;30;
0122;276766857;1;0;60;1#2;30;
0122;276766858;1;0;87;1#2;30;
0122;276766859;1;0;55;1#2;30;
0122;276766860;1;0;86;1#2;30;
0122;276766861;1;0;67;1#2;30;
0122;276766862;1;0;45;1#2;30;
0122;276766863;1;0;205;1#2;30;
0122;276766864;1;0;134;1#2;30;
0122;276766865;1;0;366;1#2;30;
0122;276766866;1;0;134;1#2;30;
