*0234*2011 VEGNETT*20110511*FART*20110511*VDB SVNT*AHT
..Eksport-dato 20110511
50;

Komm; TransID;kode;Fra;   Til;felt; Fart;
0234;145185172;1;0;174;1#2;50;
0234;145185173;1;0;46;1#2;50;
0234;145185174;1;0;7;1#2;50;
0234;145185175;1;0;87;1#2;50;
0234;145185176;1;0;76;1#2;50;
0234;145185177;1;0;475;1#2;50;
0234;145185178;1;0;1091;1#2;50;
0234;145185179;1;0;106;1#2;50;
0234;145185180;1;0;31;1#2;50;
0234;275447770;1;0;5;1#2;50;
0234;145185183;1;0;128;1#2;50;
0234;145185184;1;0;434;1#2;50;
0234;275447772;1;0;68;1#2;50;
0234;275447773;1;0;296;1#2;50;
0234;145185186;1;0;242;1#2;80;
0234;145185187;1;0;41;1#2;80;
0234;145185188;1;0;404;1#2;80;
0234;145185189;1;0;46;1#2;50;
0234;145185190;1;0;34;1#2;50;
0234;145185191;1;0;19;1#2;50;
0234;275486509;1;0;121;1#2;50;
0234;275486510;1;0;6;1#2;50;
0234;275486511;1;0;246;1#2;50;
0234;275486512;1;0;122;1#2;50;
0234;145185193;1;0;33;1#2;60;
0234;145185194;1;0;80;1#2;60;
0234;275447774;1;0;132;1#2;60;
0234;275447775;1;0;67;1#2;60;
0234;145185196;1;0;116;1#2;60;
0234;275486513;1;0;9;1#2;60;
0234;275486514;1;0;189;1#2;60;
0234;275486515;1;0;180;1#2;60;
0234;145185198;1;0;62;1#2;60;
0234;275447776;1;0;8;1#2;60;
0234;275486516;1;0;59;1#2;60;
0234;275486517;1;0;148;1#2;60;
0234;145185200;1;0;69;1#2;60;
0234;145185201;1;0;337;1#2;50;
0234;145185202;1;0;716;1#2;50;
0234;145185203;1;0;30;1#2;60;
0234;145185204;1;0;414;1#2;60;
0234;275486518;1;0;118;1#2;60;
0234;275486519;1;0;6;1#2;60;
0234;145185206;1;0;260;1#2;60;
0234;145185207;1;0;70;1#2;60;
0234;145185208;1;0;1005;1#2;50;
0234;275486520;1;0;348;1#2;50;
0234;275486521;1;0;7;1#2;50;
0234;145185210;1;0;708;1#2;80;
0234;145185211;1;0;89;1#2;80;
0234;145185212;1;0;28;1#2;80;
0234;275486522;1;0;64;1#2;80;
0234;275486523;1;0;80;1#2;80;
0234;145185214;1;0;454;1#2;80;
0234;145185215;1;0;53;1#2;50;
0234;145185216;1;0;32;1#2;50;
0234;145185217;1;0;147;1#2;80;
0234;145185218;1;0;163;1#2;80;
0234;145185219;1;0;139;1#2;80;
0234;159618207;1;0;33;1#2;50;
0234;159618208;1;0;100;1#2;50;
0234;145185221;1;0;263;1#2;50;
0234;145185222;1;0;263;1#2;50;
0234;145185223;1;0;61;1#2;50;
0234;145185224;1;0;116;1#2;50;
0234;145185225;1;0;59;1#2;50;
0234;145185226;1;0;33;1#2;50;
0234;145185227;1;0;285;1#2;50;
0234;145185228;1;0;189;1#2;50;
0234;145185229;1;0;46;1#2;50;
0234;145185230;1;0;290;1#2;50;
0234;145185231;1;0;32;1#2;50;
0234;268590274;1;0;214;1#2;50;
0234;268590275;1;0;20;1#2;50;
0234;275486524;1;0;75;1#2;50;
0234;275486525;1;0;199;1#2;50;
0234;145185234;1;0;122;1#2;50;
0234;145185235;1;0;38;1#2;50;
0234;145185236;1;0;252;1#2;30;
0234;145185237;1;0;220;1#2;30;
0234;145185238;1;0;74;1#2;30;
0234;145185239;1;0;163;1#2;50;
0234;145185240;1;0;165;1#2;50;
0234;145185241;1;0;112;1#2;50;
0234;145185242;1;0;87;1#2;50;
0234;145185243;1;0;46;1#2;50;
0234;145185244;1;0;26;1#2;30;
0234;145185245;1;0;63;1#2;30;
0234;145185246;1;0;128;1#2;30;
0234;145185247;1;0;36;1#2;30;
0234;145185248;1;0;69;1#2;50;
0234;145185249;1;0;41;1#2;30;
0234;275486526;1;0;5;1#2;30;
0234;275486527;1;0;49;1#2;30;
0234;145185251;1;0;133;1#2;50;
0234;145185252;1;0;231;1#2;30;
0234;145185253;1;0;90;1#2;50;
0234;145185254;1;0;158;1#2;30;
0234;145185255;1;0;255;1#2;30;
0234;145185256;1;0;31;1#2;30;
0234;145185257;1;0;125;1#2;30;
0234;145185258;1;0;58;1#2;30;
0234;145185259;1;0;116;1#2;30;
0234;145185260;1;0;44;1#2;30;
0234;145185261;1;0;22;1#2;30;
0234;145185262;1;0;153;1#2;30;
0234;145185263;1;0;51;1#2;30;
0234;145185264;1;0;104;1#2;30;
0234;145185265;1;0;29;1#2;30;
0234;145185266;1;0;25;1#2;30;
0234;145185267;1;0;59;1#2;30;
0234;145185268;1;0;68;1#2;30;
0234;145185269;1;0;71;1#2;30;
0234;145185270;1;0;76;1#2;30;
0234;145185271;1;0;56;1#2;30;
0234;275447778;1;0;267;1#2;30;
0234;275447779;1;0;215;1#2;30;
0234;145185273;1;0;142;1#2;30;
0234;145185274;1;0;111;1#2;30;
0234;145185275;1;0;19;1#2;30;
0234;145185276;1;0;85;1#2;30;
0234;145185277;1;0;36;1#2;30;
0234;145185278;1;0;25;1#2;30;
0234;145185279;1;0;31;1#2;30;
0234;145185280;1;0;145;1#2;30;
0234;145185281;1;0;5;1#2;30;
0234;145185282;1;0;94;1#2;30;
0234;275447780;1;0;47;1#2;30;
0234;275447781;1;0;56;1#2;30;
0234;145185285;1;0;68;1#2;30;
0234;145185286;1;0;18;1#2;30;
0234;145185288;1;0;72;1#2;30;
0234;145185292;1;0;191;1#2;30;
0234;145185293;1;0;74;1#2;30;
0234;145185294;1;0;50;1#2;50;
0234;145185295;1;0;70;1#2;30;
0234;145185296;1;0;33;1#2;30;
0234;145185297;1;0;14;1#2;30;
0234;145185298;1;0;91;1#2;30;
0234;145185299;1;0;40;1#2;30;
0234;145185300;1;0;46;1#2;30;
0234;275447782;1;0;11;1#2;30;
0234;145185302;1;0;62;1#2;30;
0234;145185303;1;0;124;1#2;30;
0234;145185304;1;0;39;1#2;30;
0234;145185305;1;0;101;1#2;30;
0234;145185306;1;0;169;1#2;30;
0234;145185307;1;0;75;1#2;30;
0234;145185308;1;0;52;1#2;30;
0234;145185309;1;0;108;1#2;30;
0234;145185310;1;0;191;1#2;30;
0234;145185311;1;0;263;1#2;30;
0234;145185312;1;0;110;1#2;30;
0234;145185313;1;0;65;1#2;30;
0234;145185314;1;0;73;1#2;30;
0234;145185315;1;0;57;1#2;30;
0234;145185316;1;0;266;1#2;30;
0234;145185317;1;0;17;1#2;30;
0234;145185318;1;0;33;1#2;30;
0234;145185319;1;0;54;1#2;30;
0234;145185320;1;0;73;1#2;30;
0234;145185321;1;0;59;1#2;30;
0234;145185322;1;0;73;1#2;30;
0234;268496359;1;0;11;1#2;60;
0234;268496360;1;0;26;1#2;60;
0234;145185324;1;0;218;1#2;60;
0234;145185325;1;0;56;1#2;60;
0234;145185326;1;0;198;1#2;60;
0234;145185327;1;0;110;1#2;50;
0234;145185328;1;0;52;1#2;50;
0234;145185329;1;0;36;1#2;50;
0234;145185330;1;0;29;1#2;50;
0234;145185331;1;0;41;1#2;50;
0234;145185332;1;0;24;1#2;50;
0234;145185333;1;0;24;1#2;50;
0234;145185334;1;0;100;1#2;50;
0234;145185335;1;0;30;1#2;50;
0234;145185336;1;0;18;1#2;50;
0234;145185337;1;0;85;1#2;50;
0234;145185339;1;0;119;1#2;50;
0234;145185340;1;0;42;1#2;50;
0234;159618209;1;0;7;1#2;50;
0234;159618210;1;0;58;1#2;50;
0234;145185342;1;0;83;1#2;50;
0234;145185343;1;0;104;1#2;50;
0234;145185344;1;0;41;1#2;50;
0234;145185345;1;0;17;1#2;50;
0234;145185346;1;0;60;1#2;50;
0234;145185347;1;0;22;1#2;50;
0234;145213881;1;0;58;1#2;30;
0234;145213882;1;0;135;1#2;30;
0234;145213883;1;0;381;1#2;30;
0234;145213884;1;0;21;1#2;30;
0234;145213885;1;0;19;1#2;30;
0234;275447783;1;0;15;1#2;30;
0234;275447784;1;0;20;1#2;30;
0234;145213887;1;0;34;1#2;30;
0234;275447785;1;0;38;1#2;30;
0234;275447786;1;0;69;1#2;30;
0234;275486528;1;0;65;1#2;30;
0234;275486529;1;0;35;1#2;30;
0234;145213890;1;0;72;1#2;30;
0234;275447787;1;0;38;1#2;30;
0234;275447788;1;0;62;1#2;30;
0234;145213892;1;0;39;1#2;30;
0234;145213895;1;0;66;1#2;30;
0234;167074578;1;0;7;1#2;30;
0234;167074579;1;0;116;1#2;30;
0234;145213897;1;0;161;1#2;30;
0234;145213898;1;0;96;1#2;30;
0234;145213899;1;0;79;1#2;30;
0234;145213900;1;0;106;1#2;30;
0234;145213901;1;0;119;1#2;30;
0234;145213902;1;0;47;1#2;30;
0234;145213903;1;0;86;1#2;30;
0234;145213904;1;0;51;1#2;30;
0234;145213905;1;0;63;1#2;30;
0234;145213906;1;0;101;1#2;30;
0234;145213907;1;0;110;1#2;30;
0234;145213908;1;0;46;1#2;30;
0234;145213909;1;0;17;1#2;30;
0234;145213910;1;0;42;1#2;30;
0234;145213911;1;0;50;1#2;30;
0234;145213912;1;0;5;1#2;30;
0234;145213913;1;0;50;1#2;30;
0234;145213914;1;0;183;1#2;30;
0234;145213915;1;0;22;1#2;30;
0234;145213916;1;0;19;1#2;30;
0234;145213917;1;0;44;1#2;30;
0234;145213918;1;0;9;1#2;30;
0234;145213919;1;0;87;1#2;30;
0234;145213920;1;0;26;1#2;30;
0234;145213921;1;0;70;1#2;30;
0234;275447789;1;0;8;1#2;30;
0234;275447790;1;0;75;1#2;30;
0234;145213923;1;0;165;1#2;30;
0234;145213925;1;0;126;1#2;30;
0234;145213926;1;0;34;1#2;30;
0234;145213927;1;0;24;1#2;30;
0234;145213928;1;0;35;1#2;30;
0234;145213929;1;0;147;1#2;30;
0234;145213930;1;0;83;1#2;30;
0234;145213931;1;0;50;1#2;30;
0234;145213932;1;0;294;1#2;30;
0234;145213933;1;0;28;1#2;30;
0234;145213934;1;0;328;1#2;30;
0234;145213935;1;0;15;1#2;30;
0234;145213936;1;0;61;1#2;30;
0234;145213937;1;0;126;1#2;30;
0234;145213938;1;0;319;1#2;30;
0234;145213939;1;0;209;1#2;30;
0234;145213940;1;0;30;1#2;30;
0234;145213941;1;0;33;1#2;30;
0234;145213942;1;0;32;1#2;30;
0234;145213943;1;0;40;1#2;30;
0234;275486530;1;0;895;1#2;30;
0234;275486531;1;0;32;1#2;30;
0234;268590276;1;0;193;1#2;30;
0234;268590277;1;0;119;1#2;30;
0234;268590278;1;0;28;1#2;30;
0234;145213948;1;0;13;1#2;30;
0234;145213949;1;0;83;1#2;30;
0234;145213950;1;0;36;1#2;30;
0234;145213951;1;0;38;1#2;30;
0234;145213952;1;0;35;1#2;30;
0234;145213953;1;0;213;1#2;30;
0234;268496361;1;0;167;1#2;30;
0234;268806200;1;0;84;1#2;30;
0234;268806201;1;0;54;1#2;30;
0234;145213955;1;0;20;1#2;30;
0234;268496363;1;0;36;1#2;30;
0234;268496364;1;0;6;1#2;30;
0234;268496365;1;0;9;1#2;30;
0234;145213958;1;0;117;1#2;30;
0234;145213959;1;0;111;1#2;30;
0234;145213960;1;0;167;1#2;30;
0234;145213961;1;0;73;1#2;30;
0234;145213962;1;0;106;1#2;30;
0234;145213963;1;0;118;1#2;30;
0234;145213964;1;0;101;1#2;30;
0234;145213965;1;0;15;1#2;30;
0234;145213966;1;0;109;1#2;30;
0234;145213967;1;0;99;1#2;30;
0234;145213968;1;0;51;1#2;30;
0234;145213969;1;0;32;1#2;30;
0234;145213970;1;0;65;1#2;30;
0234;145213971;1;0;215;1#2;30;
0234;145213972;1;0;304;1#2;30;
0234;145213973;1;0;132;1#2;30;
0234;145213974;1;0;71;1#2;30;
0234;145213975;1;0;18;1#2;30;
0234;145213976;1;0;386;1#2;30;
0234;145213977;1;0;147;1#2;30;
0234;145213983;1;0;114;1#2;30;
0234;145213984;1;0;75;1#2;30;
0234;145213985;1;0;22;1#2;30;
0234;145213986;1;0;13;1#2;30;
0234;145213987;1;0;115;1#2;30;
0234;275447791;1;0;343;1#2;30;
0234;275447792;1;0;9;1#2;30;
0234;145213989;1;0;38;1#2;30;
0234;145213990;1;0;903;1#2;30;
0234;145213991;1;0;64;1#2;30;
0234;275447793;1;0;79;1#2;30;
0234;275447794;1;0;8;1#2;30;
0234;145213993;1;0;95;1#2;30;
0234;159618211;1;0;8;1#2;30;
0234;159618212;1;0;13;1#2;30;
0234;145213998;1;0;89;1#2;30;
0234;145213999;1;0;50;1#2;30;
0234;145214000;1;0;137;1#2;30;
0234;145214001;1;0;122;1#2;30;
0234;145214002;1;0;227;1#2;30;
0234;275486532;1;0;41;1#2;30;
0234;275486533;1;0;276;1#2;30;
0234;275447796;1;0;17;1#2;30;
0234;145214004;1;0;102;1#2;30;
0234;145214005;1;0;75;1#2;30;
0234;145214006;1;0;139;1#2;30;
0234;145214007;1;0;81;1#2;30;
0234;145214008;1;0;83;1#2;30;
0234;145214011;1;0;152;1#2;30;
0234;145214012;1;0;37;1#2;30;
0234;275486534;1;0;96;1#2;30;
0234;275486535;1;0;250;1#2;30;
0234;145214014;1;0;118;1#2;30;
0234;145214015;1;0;184;1#2;30;
0234;159618213;1;0;8;1#2;30;
0234;159618214;1;0;123;1#2;30;
0234;145214018;1;0;16;1#2;30;
0234;145214019;1;0;78;1#2;30;
0234;145214020;1;0;128;1#2;30;
0234;145214021;1;0;75;1#2;30;
0234;145214022;1;0;91;1#2;30;
0234;145214023;1;0;31;1#2;30;
0234;145214024;1;0;201;1#2;30;
0234;145214025;1;0;33;1#2;30;
0234;145214026;1;0;151;1#2;30;
0234;145214027;1;0;43;1#2;30;
0234;145214028;1;0;89;1#2;30;
0234;145214029;1;0;35;1#2;30;
0234;275447797;1;0;22;1#2;30;
0234;275447798;1;0;40;1#2;30;
0234;275486536;1;0;36;1#2;30;
0234;275486537;1;0;6;1#2;30;
0234;145214031;1;0;91;1#2;30;
0234;145214034;1;0;98;1#2;30;
0234;145214035;1;0;178;1#2;30;
0234;145214036;1;0;153;1#2;30;
0234;145214037;1;0;123;1#2;30;
0234;145214038;1;0;85;1#2;30;
0234;145214039;1;0;160;1#2;30;
0234;145214040;1;0;49;1#2;30;
0234;145214041;1;0;60;1#2;30;
0234;145214042;1;0;45;1#2;30;
0234;145214043;1;0;25;1#2;30;
0234;145214044;1;0;47;1#2;30;
0234;145214045;1;0;73;1#2;30;
0234;275486538;1;0;69;1#2;30;
0234;275486539;1;0;28;1#2;30;
0234;145214049;1;0;47;1#2;30;
0234;145214050;1;0;53;1#2;30;
0234;145214051;1;0;240;1#2;30;
0234;145214052;1;0;144;1#2;30;
0234;145214053;1;0;34;1#2;30;
0234;145214056;1;0;30;1#2;30;
0234;145214057;1;0;63;1#2;30;
0234;145214058;1;0;21;1#2;30;
0234;145214059;1;0;241;1#2;30;
0234;145214060;1;0;22;1#2;30;
0234;145214061;1;0;74;1#2;30;
0234;145214062;1;0;79;1#2;30;
0234;159618215;1;0;9;1#2;30;
0234;159618216;1;0;40;1#2;30;
0234;275486540;1;0;31;1#2;30;
0234;275486541;1;0;6;1#2;30;
0234;145214065;1;0;123;1#2;30;
0234;159618217;1;0;7;1#2;30;
0234;159618218;1;0;68;1#2;30;
0234;145214067;1;0;70;1#2;30;
0234;145214068;1;0;169;1#2;30;
0234;145214069;1;0;151;1#2;30;
0234;145214070;1;0;110;1#2;30;
0234;145214071;1;0;70;1#2;30;
0234;145214076;1;0;38;1#2;30;
0234;145214077;1;0;36;1#2;30;
0234;145214078;1;0;42;1#2;30;
0234;145214079;1;0;50;1#2;30;
0234;145214080;1;0;35;1#2;30;
0234;145214081;1;0;66;1#2;30;
0234;145214082;1;0;89;1#2;30;
0234;145214083;1;0;22;1#2;30;
0234;145214084;1;0;22;1#2;30;
0234;145214085;1;0;38;1#2;30;
0234;145214086;1;0;44;1#2;30;
0234;145214087;1;0;18;1#2;30;
0234;145214088;1;0;51;1#2;30;
0234;145214089;1;0;83;1#2;30;
0234;145214091;1;0;217;1#2;30;
0234;145214092;1;0;223;1#2;30;
0234;145214093;1;0;9;1#2;30;
0234;145214095;1;0;85;1#2;30;
0234;159618219;1;0;7;1#2;30;
0234;159618220;1;0;7;1#2;30;
0234;275447800;1;0;3;1#2;30;
0234;275447801;1;0;3;1#2;30;
0234;275447802;1;0;15;1#2;30;
0234;275447803;1;0;104;1#2;30;
0234;159618221;1;0;6;1#2;30;
0234;159618222;1;0;223;1#2;30;
0234;145214100;1;0;194;1#2;30;
0234;145214101;1;0;58;1#2;30;
0234;145214102;1;0;44;1#2;30;
0234;145214103;1;0;26;1#2;30;
0234;145214104;1;0;55;1#2;30;
0234;145214105;1;0;90;1#2;30;
0234;145214106;1;0;417;1#2;30;
0234;145214107;1;0;31;1#2;30;
0234;275486542;1;0;59;1#2;30;
0234;145214109;1;0;431;1#2;30;
0234;145214110;1;0;398;1#2;30;
0234;145214111;1;0;66;1#2;30;
0234;145214112;1;0;76;1#2;30;
0234;145214113;1;0;8;1#2;30;
0234;145214114;1;0;15;1#2;30;
0234;145214115;1;0;20;1#2;30;
0234;145214116;1;0;20;1#2;30;
0234;145214117;1;0;80;1#2;30;
0234;145214118;1;0;31;1#2;30;
0234;145214119;1;0;26;1#2;30;
0234;145214120;1;0;56;1#2;30;
0234;145214121;1;0;79;1#2;30;
0234;145214122;1;0;70;1;30;
0234;145214123;1;0;52;1#2;30;
0234;145214124;1;0;17;1#2;30;
0234;145214125;1;0;85;1#2;30;
0234;275486543;1;0;37;1#2;30;
0234;275486544;1;0;48;1#2;30;
0234;145214127;1;0;19;1#2;30;
0234;145214128;1;0;14;1#2;30;
0234;145214129;1;0;17;1#2;30;
0234;145214130;1;0;9;1#2;30;
0234;145214131;1;0;14;1#2;30;
0234;145214132;1;0;25;1#2;30;
0234;145214133;1;0;26;1#2;30;
0234;145214134;1;0;31;1#2;30;
0234;145214136;1;0;21;1#2;30;
0234;145214137;1;0;11;1#2;30;
0234;145214138;1;0;12;1#2;30;
0234;145214139;1;0;25;1#2;30;
0234;145214140;1;0;35;1#2;30;
0234;145214141;1;0;18;1#2;30;
0234;145214142;1;0;20;1#2;30;
0234;145214143;1;0;15;1#2;30;
0234;145214145;1;0;4;1#2;30;
0234;145214146;1;0;7;1#2;30;
0234;145214147;1;0;8;1#2;30;
0234;159618223;1;0;2;1#2;30;
0234;159618224;1;0;8;1#2;30;
0234;145214150;1;0;23;1#2;30;
0234;145214151;1;0;14;1#2;30;
0234;145214152;1;0;23;1#2;30;
0234;145214153;1;0;82;1#2;30;
0234;145214154;1;0;79;1#2;30;
0234;145214155;1;0;90;1#2;30;
0234;145214156;1;0;13;1#2;30;
0234;145214157;1;0;201;1#2;30;
0234;145214158;1;0;42;1#2;30;
0234;145214159;1;0;95;1#2;30;
0234;145214160;1;0;142;1#2;30;
0234;145214161;1;0;37;1#2;30;
0234;145214162;1;0;262;1#2;30;
0234;145214163;1;0;57;1#2;30;
0234;145214164;1;0;77;1#2;30;
0234;145214165;1;0;18;1#2;30;
0234;145214166;1;0;27;1#2;30;
0234;145214167;1;0;54;1#2;30;
0234;145214168;1;0;955;1#2;30;
0234;145214171;1;0;130;1#2;30;
0234;145214172;1;0;108;1#2;30;
0234;145214173;1;0;15;1#2;30;
0234;145214174;1;0;263;1#2;30;
0234;145214175;1;0;195;1#2;30;
0234;145214177;1;0;15;1#2;30;
0234;145214180;1;0;19;1#2;30;
0234;145214183;1;0;48;1#2;30;
0234;272136425;1;0;9;1#2;30;
0234;272136426;1;0;35;1#2;30;
0234;272136427;1;0;9;1#2;30;
0234;272136428;1;0;46;1#2;30;
0234;272136429;1;0;7;1#2;30;
0234;272136430;1;0;32;1#2;30;
0234;145214187;1;0;23;1#2;30;
0234;145214188;1;0;69;1#2;30;
0234;145214190;1;0;16;1#2;30;
0234;145214191;1;0;84;1#2;30;
0234;145214192;1;0;45;1#2;30;
0234;145214193;1;0;40;1#2;30;
0234;268496366;1;0;557;1#2;30;
0234;145214196;1;0;20;1#2;30;
0234;268590279;1;0;43;1#2;30;
0234;145214198;1;0;54;1#2;30;
0234;145214200;1;0;51;1#2;30;
0234;145214201;1;0;53;1#2;30;
0234;145214202;1;0;53;1#2;30;
0234;145214203;1;0;84;1#2;30;
0234;145214204;1;0;241;1#2;30;
0234;145214205;1;0;29;1#2;30;
0234;145214206;1;0;67;1#2;30;
0234;145214207;1;0;81;1#2;30;
0234;145214208;1;0;53;1#2;30;
0234;275486545;1;0;7;1#2;30;
0234;275486546;1;0;69;1#2;30;
0234;275486547;1;0;98;1#2;30;
0234;145214210;1;0;34;1#2;30;
0234;145214211;1;0;65;1#2;30;
0234;145214212;1;0;55;1#2;30;
0234;145214213;1;0;78;1#2;30;
0234;145214214;1;0;106;1#2;30;
0234;145214215;1;0;64;1#2;30;
0234;145214216;1;0;475;1#2;30;
0234;145214217;1;0;167;1#2;30;
0234;145214218;1;0;42;1#2;30;
0234;145214219;1;0;68;1#2;30;
0234;145214220;1;0;130;1#2;30;
0234;145214221;1;0;68;1#2;30;
0234;145214223;1;0;59;1#2;30;
0234;145214224;1;0;78;1#2;30;
0234;145214225;1;0;181;1#2;30;
0234;145214226;1;0;43;1#2;30;
0234;145214227;1;0;50;1#2;30;
0234;145214229;1;0;73;1#2;30;
0234;145214230;1;0;35;1#2;30;
0234;145214231;1;0;46;1#2;30;
0234;145214232;1;0;64;1#2;30;
0234;145214233;1;0;79;1#2;30;
0234;145214235;1;0;58;1#2;30;
0234;145214236;1;0;146;1#2;30;
0234;145214237;1;0;175;1#2;30;
0234;145214238;1;0;65;1#2;30;
0234;145214240;1;0;68;1#2;30;
0234;145214241;1;0;36;1#2;30;
0234;145214242;1;0;31;1#2;30;
0234;145214243;1;0;67;1#2;30;
0234;275486548;1;0;34;1#2;30;
0234;275486549;1;0;20;1#2;30;
0234;145214248;1;0;232;1#2;30;
0234;145214250;1;0;181;1#2;30;
0234;275486550;1;0;203;1#2;30;
0234;275486551;1;0;360;1#2;30;
0234;145214252;1;0;93;1#2;30;
0234;145214253;1;0;61;1#2;30;
0234;145214254;1;0;93;1#2;30;
0234;145214255;1;0;63;1#2;30;
0234;145214256;1;0;43;1#2;30;
0234;145214257;1;0;63;1#2;30;
0234;145214258;1;0;34;1#2;30;
0234;145214259;1;0;113;1#2;30;
0234;159618225;1;0;6;1#2;30;
0234;159618226;1;0;243;1#2;30;
0234;159618227;1;0;7;1#2;30;
0234;159618228;1;0;32;1#2;30;
0234;145214262;1;0;60;1#2;30;
0234;145214263;1;0;78;1#2;30;
0234;145214264;1;0;47;1#2;30;
0234;145214265;1;0;61;1#2;30;
0234;145214266;1;0;43;1#2;30;
0234;145214267;1;0;48;1#2;30;
0234;145214268;1;0;79;1#2;30;
0234;145214271;1;0;58;1#2;30;
0234;145214272;1;0;34;1#2;30;
0234;159618229;1;0;6;1#2;30;
0234;159618230;1;0;40;1#2;30;
0234;159618231;1;0;8;1#2;30;
0234;159618232;1;0;41;1#2;30;
0234;145214275;1;0;226;1#2;30;
0234;145214276;1;0;50;1#2;30;
0234;145214277;1;0;107;1#2;30;
0234;145214278;1;0;34;1#2;30;
0234;145214279;1;0;96;1#2;30;
0234;145214280;1;0;51;1#2;30;
0234;145214283;1;0;70;1#2;30;
0234;145214284;1;0;31;1#2;30;
0234;145214285;1;0;42;1#2;30;
0234;145214286;1;0;79;1#2;30;
0234;159462945;1;0;257;1#2;30;
0234;145214288;1;0;46;1#2;30;
0234;145214289;1;0;39;1#2;30;
0234;145214290;1;0;44;1#2;30;
0234;145214291;1;0;77;1#2;30;
0234;145214292;1;0;37;1#2;30;
0234;145214294;1;0;184;1#2;30;
0234;145214296;1;0;45;1#2;30;
0234;145214297;1;0;30;1#2;30;
0234;145214298;1;0;40;1#2;30;
0234;145214299;1;0;56;1#2;30;
0234;145214300;1;0;194;1#2;30;
0234;145214301;1;0;70;1#2;30;
0234;145214302;1;0;37;1#2;30;
0234;145214303;1;0;63;1#2;30;
0234;145214304;1;0;20;1#2;30;
0234;145214305;1;0;97;1#2;30;
0234;145214306;1;0;30;1#2;30;
0234;145214307;1;0;57;1#2;30;
0234;145214308;1;0;30;1#2;30;
0234;145214309;1;0;70;1#2;30;
0234;145214311;1;0;57;1#2;30;
0234;145214315;1;0;14;1#2;30;
0234;275486552;1;0;160;1#2;30;
0234;145214317;1;0;60;1#2;30;
0234;145214318;1;0;51;1#2;30;
0234;145214319;1;0;79;1#2;30;
0234;145214321;1;0;74;1#2;30;
0234;145214322;1;0;37;1#2;30;
0234;145214323;1;0;83;1#2;30;
0234;145214325;1;0;105;1#2;30;
0234;145214326;1;0;245;1#2;30;
0234;145214327;1;0;218;1#2;30;
0234;145214328;1;0;640;1#2;30;
0234;145214329;1;0;233;1#2;30;
0234;145214330;1;0;1159;1#2;30;
0234;145214331;1;0;44;1#2;30;
0234;145214332;1;0;92;1#2;30;
0234;145214333;1;0;77;1#2;30;
0234;145214334;1;0;29;1#2;30;
0234;145214335;1;0;64;1#2;30;
0234;145214336;1;0;90;1#2;30;
0234;145214337;1;0;288;1#2;30;
0234;145214338;1;0;93;1#2;30;
0234;145214340;1;0;154;1#2;30;
0234;275486553;1;0;176;1#2;30;
0234;275486554;1;0;44;1#2;30;
0234;145214343;1;0;23;1#2;30;
0234;145214344;1;0;80;1#2;30;
0234;145214345;1;0;201;1#2;30;
0234;145214346;1;0;76;1#2;30;
0234;145214347;1;0;150;1#2;30;
0234;145214348;1;0;107;1#2;30;
0234;275486555;1;0;41;1#2;30;
0234;275486556;1;0;271;1#2;30;
0234;275486557;1;0;354;1#2;30;
0234;145214350;1;0;36;1#2;30;
0234;145214351;1;0;153;1#2;30;
0234;145214352;1;0;92;1#2;30;
0234;145214354;1;0;103;1#2;30;
0234;145214355;1;0;284;1#2;30;
0234;145214356;1;0;38;1#2;30;
0234;145214357;1;0;106;1#2;30;
0234;145214358;1;0;180;1#2;30;
0234;145214359;1;0;107;1#2;30;
0234;145214360;1;0;64;1#2;30;
0234;145214361;1;0;384;1#2;30;
0234;145214362;1;0;167;1#2;30;
0234;145214363;1;0;56;1#2;30;
0234;145214364;1;0;45;1#2;30;
0234;145214365;1;0;265;1#2;30;
0234;145214366;1;0;85;1#2;30;
0234;145214367;1;0;85;1#2;30;
0234;145214368;1;0;306;1#2;30;
0234;145214369;1;0;68;1#2;30;
0234;145214370;1;0;186;1#2;30;
0234;145214371;1;0;382;1#2;30;
0234;145214372;1;0;17;1#2;30;
0234;145214373;1;0;70;1#2;30;
0234;275447804;1;0;194;1#2;30;
0234;145214375;1;0;125;1#2;30;
0234;145214376;1;0;37;1#2;30;
0234;268496367;1;0;58;1#2;30;
0234;145214379;1;0;480;1#2;30;
0234;145214380;1;0;149;1#2;30;
0234;275486558;1;0;30;1#2;30;
0234;275486559;1;0;50;1#2;30;
0234;145214382;1;0;20;1#2;30;
0234;145214383;1;0;151;1#2;30;
0234;145214384;1;0;146;1#2;30;
0234;275486560;1;0;8;1#2;30;
0234;275486561;1;0;77;1#2;30;
0234;145214386;1;0;69;1#2;30;
0234;145214387;1;0;89;1#2;30;
0234;145214388;1;0;133;1#2;30;
0234;145214389;1;0;99;1#2;30;
0234;145214390;1;0;228;1#2;30;
0234;145214391;1;0;620;1#2;30;
0234;275447805;1;0;681;1#2;30;
0234;275447806;1;0;332;1#2;30;
0234;145214393;1;0;360;1#2;30;
0234;275447807;1;0;209;1#2;30;
0234;275447808;1;0;51;1#2;30;
0234;145214395;1;0;202;1#2;30;
0234;145214396;1;0;348;1#2;30;
0234;145214398;1;0;26;1#2;30;
0234;145214399;1;0;310;1#2;30;
0234;275447809;1;0;265;1#2;30;
0234;275447810;1;0;39;1#2;30;
0234;275447811;1;0;281;1#2;30;
0234;145214402;1;0;81;1#2;30;
0234;275486562;1;0;25;1#2;30;
0234;275486563;1;0;23;1#2;30;
0234;145214404;1;0;42;1#2;30;
0234;145214405;1;0;65;1#2;30;
0234;145214408;1;0;92;1#2;30;
0234;145214409;1;0;57;1#2;30;
0234;145214411;1;0;107;1#2;30;
0234;145214412;1;0;55;1#2;30;
0234;145214413;1;0;25;1#2;30;
0234;145214414;1;0;96;1#2;30;
0234;145214415;1;0;330;1#2;30;
0234;145214416;1;0;70;1#2;30;
0234;145214418;1;0;77;1#2;30;
0234;145214419;1;0;18;1#2;30;
0234;145214420;1;0;156;1#2;30;
0234;145214421;1;0;76;1#2;30;
0234;145214422;1;0;54;1#2;30;
0234;145214423;1;0;72;1#2;30;
0234;145214425;1;0;44;1#2;30;
0234;145214426;1;0;834;1#2;30;
0234;145214427;1;0;48;1#2;30;
0234;145214428;1;0;181;1#2;30;
0234;145214429;1;0;47;1#2;30;
0234;145214430;1;0;154;1#2;30;
0234;159618233;1;0;6;1#2;30;
0234;159618234;1;0;25;1#2;30;
0234;145214432;1;0;48;1#2;30;
0234;145214433;1;0;38;1#2;30;
0234;145214434;1;0;67;1#2;30;
0234;145214439;1;0;41;1#2;30;
0234;159618237;1;0;17;1#2;30;
0234;159618238;1;0;80;1#2;30;
0234;145214442;1;0;227;1#2;30;
0234;145214443;1;0;52;1#2;30;
0234;145214444;1;0;44;1#2;30;
0234;145214445;1;0;61;1#2;30;
0234;145214446;1;0;65;1#2;30;
0234;145214447;1;0;50;1#2;30;
0234;145214448;1;0;38;1#2;30;
0234;145214449;1;0;40;1#2;30;
0234;145214450;1;0;66;1#2;30;
0234;145214451;1;0;108;1#2;30;
0234;268590280;1;0;29;1#2;30;
0234;268590281;1;0;106;1#2;30;
0234;145214453;1;0;34;1#2;30;
0234;275486564;1;0;37;1#2;30;
0234;272136431;1;0;10;1#2;30;
0234;275447812;1;0;87;1#2;30;
0234;275447813;1;0;362;1#2;30;
0234;159618239;1;0;6;1#2;30;
0234;159618240;1;0;37;1#2;30;
0234;159618241;1;0;7;1#2;30;
0234;159618242;1;0;36;1#2;30;
0234;145214458;1;0;52;1#2;30;
0234;145214459;1;0;66;1#2;30;
0234;145214460;1;0;38;1#2;30;
0234;145214461;1;0;39;1#2;30;
0234;145214462;1;0;15;1#2;30;
0234;145214464;1;0;281;1#2;30;
0234;145214465;1;0;39;1#2;30;
0234;145214466;1;0;53;1#2;30;
0234;159618243;1;0;8;1#2;30;
0234;159618244;1;0;67;1#2;30;
0234;145214468;1;0;117;1#2;30;
0234;145214469;1;0;35;1#2;30;
0234;145214471;1;0;99;1#2;30;
0234;145214472;1;0;231;1#2;30;
0234;145214474;1;0;28;1#2;30;
0234;145214475;1;0;682;1#2;30;
0234;145214476;1;0;154;1#2;30;
0234;145214478;1;0;52;1#2;30;
0234;145214479;1;0;89;1#2;30;
0234;145214480;1;0;52;1#2;30;
0234;145214481;1;0;56;1#2;30;
0234;145214482;1;0;78;1#2;30;
0234;145214484;1;0;29;1#2;30;
0234;145214485;1;0;34;1#2;30;
0234;159618245;1;0;6;1#2;30;
0234;145214488;1;0;53;1#2;30;
0234;145214490;1;0;141;1#2;30;
0234;145214491;1;0;96;1#2;30;
0234;145214492;1;0;28;1#2;30;
0234;145214496;1;0;34;1#2;30;
0234;145214497;1;0;47;1#2;30;
0234;145214498;1;0;35;1#2;30;
0234;145214499;1;0;35;1#2;30;
0234;145214500;1;0;282;1#2;30;
0234;145214501;1;0;37;1#2;30;
0234;145214502;1;0;58;1#2;30;
0234;145214503;1;0;50;1#2;30;
0234;145214504;1;0;38;1#2;30;
0234;145214505;1;0;71;1#2;30;
0234;145214506;1;0;133;1#2;30;
0234;145214507;1;0;72;1#2;30;
0234;145214508;1;0;57;1#2;30;
0234;145214509;1;0;29;1#2;30;
0234;145214510;1;0;56;1#2;30;
0234;145214511;1;0;12;1#2;30;
0234;145230645;1;0;85;1#2;50;
0234;145230646;1;0;74;1#2;50;
0234;145230647;1;0;108;1#2;50;
0234;145230648;1;0;450;1#2;50;
0234;145230649;1;0;12;1#2;50;
0234;275447814;1;0;340;1#2;50;
0234;275447815;1;0;542;1#2;50;
0234;145230651;1;0;24;1#2;50;
0234;145230652;1;0;311;1#2;50;
0234;145230653;1;0;818;1#2;50;
0234;145230654;1;0;492;1#2;50;
0234;145230655;1;0;3815;1#2;50;
0234;145230656;1;0;25;1#2;50;
0234;145230657;1;0;2475;1#2;50;
0234;145230658;1;0;33;1#2;50;
0234;145230659;1;0;45;1#2;50;
0234;145230660;1;0;32;1#2;50;
0234;145230661;1;0;2325;1#2;50;
0234;145230662;1;0;18;1#2;50;
0234;275447816;1;0;1341;1#2;50;
0234;145230665;1;0;159;1#2;50;
0234;145230666;1;0;28;1#2;50;
0234;145230667;1;0;647;1#2;50;
0234;145230668;1;0;315;1#2;50;
0234;145230669;1;0;2401;1#2;50;
0234;145230670;1;0;63;1#2;50;
0234;145230671;1;0;2343;1#2;50;
0234;145230672;1;0;40;1#2;50;
0234;145230673;1;0;51;1#2;50;
0234;145230674;1;0;43;1#2;50;
0234;275447817;1;0;45;1#2;50;
0234;145230679;1;0;474;1#2;50;
0234;145230680;1;0;58;1#2;50;
0234;145230681;1;0;169;1#2;50;
0234;145230682;1;0;264;1#2;50;
0234;145230683;1;0;541;1#2;50;
0234;145230684;1;0;144;1#2;50;
0234;145230685;1;0;197;1#2;50;
0234;145230686;1;0;130;1#2;50;
0234;145230687;1;0;95;1#2;50;
0234;145245606;1;0;73;1#2;50;
0234;275447818;1;0;198;1#2;50;
0234;275447819;1;0;232;1#2;50;
0234;275447820;1;0;20;1#2;50;
0234;145245608;1;0;62;1#2;50;
0234;145245609;1;0;121;1#2;50;
0234;145245609;2;15;121;1#2;50;
0234;145245610;1;0;71;1#2;50;
0234;167355381;1;0;86;1#2;50;
0234;275486565;1;0;4;1#2;50;
0234;275486566;1;0;14;1#2;50;
0234;145245612;1;0;4;1#2;50;
0234;145245615;1;0;11;1#2;50;
0234;145245616;1;0;19;1#2;50;
0234;145245617;1;0;68;1#2;50;
0234;145245618;1;0;46;1#2;50;
0234;145245620;1;0;37;1#2;50;
0234;145245621;1;0;23;1#2;50;
0234;145245622;1;0;36;1#2;50;
0234;145245623;1;0;83;1#2;50;
0234;145245624;1;0;29;1#2;50;
0234;145245625;1;0;61;1#2;50;
0234;145245626;1;0;256;1#2;50;
0234;145245627;1;0;113;1#2;50;
0234;145245627;2;19;113;1#2;60;
0234;145245628;1;0;37;1#2;60;
0234;275447821;1;0;58;1#2;60;
0234;275447822;1;0;19;1#2;60;
0234;145245630;1;0;46;1#2;60;
0234;145245631;1;0;102;1#2;60;
0234;145245632;1;0;19;1#2;60;
0234;145245633;1;0;8;1#2;60;
0234;275447823;1;0;119;1#2;60;
0234;275447823;2;43;119;1#2;80;
0234;275447824;1;0;84;1#2;80;
0234;145245635;1;0;34;1#2;80;
0234;145245636;1;0;219;1#2;80;
0234;145245637;1;0;235;1#2;80;
0234;145245638;1;0;54;1#2;80;
0234;145245639;1;0;406;1#2;80;
0234;275447825;1;0;22;1#2;80;
0234;275447826;1;0;269;1#2;80;
0234;145245641;1;0;89;1#2;80;
0234;145245642;1;0;45;1#2;80;
0234;145245643;1;0;270;1#2;80;
0234;145245644;1;0;141;1#2;80;
0234;145245645;1;0;279;1#2;80;
0234;145245646;1;0;233;1#2;80;
0234;145245646;2;16;233;1#2;60;
0234;145245647;1;0;217;1#2;60;
0234;275486567;1;0;5;1#2;60;
0234;275486568;1;0;58;1#2;60;
0234;145245649;1;0;37;1#2;60;
0234;145245650;1;0;16;1#2;60;
0234;145245651;1;0;30;1#2;60;
0234;145245652;1;0;55;1#2;60;
0234;145245653;1;0;385;1#2;60;
0234;145245653;2;13;385;1#2;80;
0234;145245654;1;0;49;1#2;80;
0234;145245655;1;0;36;1#2;80;
0234;145245656;1;0;118;1#2;80;
0234;145245657;1;0;55;1#2;80;
0234;167355383;1;0;88;1#2;80;
0234;167355384;1;0;9;1#2;80;
0234;145245659;1;0;5;1#2;80;
0234;145245660;1;0;8;1#2;50;
0234;145245661;1;0;72;1#2;50;
0234;145245662;1;0;109;1#2;50;
0234;145245662;2;43;109;1#2;60;
0234;145245663;1;0;144;1#2;60;
0234;145245664;1;0;57;1#2;60;
0234;145245665;1;0;80;1#2;60;
0234;145245666;1;0;48;1#2;60;
0234;145245667;1;0;72;1#2;60;
0234;145245668;1;0;66;1#2;60;
0234;145245669;1;0;78;1#2;60;
0234;145245670;1;0;99;1#2;60;
0234;275447827;1;0;121;1#2;60;
0234;275447828;1;0;179;1#2;60;
0234;145245672;1;0;48;1#2;60;
0234;145245673;1;0;641;1#2;60;
0234;145245674;1;0;30;1#2;60;
0234;145245675;1;0;48;1#2;60;
0234;145245676;1;0;78;1#2;60;
0234;145245677;1;0;13;1#2;60;
0234;145245678;1;0;12;1#2;60;
0234;145245679;1;0;38;1#2;60;
0234;145245680;1;0;35;1#2;60;
0234;145245681;1;0;204;1#2;60;
0234;145245682;1;0;154;1#2;60;
0234;145245683;1;0;107;1#2;60;
0234;145245684;1;0;26;1#2;60;
0234;145245685;1;0;12;1#2;60;
0234;145245686;1;0;26;1#2;60;
0234;145245687;1;0;26;1#2;60;
0234;145245688;1;0;120;1#2;60;
0234;145245688;2;65;120;1#2;40;
0234;145245689;1;0;9;1#2;40;
0234;275447829;1;0;113;1#2;40;
0234;275447830;1;0;62;1#2;40;
0234;275447831;1;0;7;1#2;40;
0234;275447832;1;0;13;1#2;40;
0234;145245692;1;0;51;1#2;40;
0234;145245693;1;0;113;1#2;40;
0234;145245694;1;0;166;1#2;40;
0234;145245694;2;95;166;1#2;60;
0234;145245695;1;0;103;1#2;60;
0234;145245696;1;0;3;1#2;60;
0234;145245697;1;0;4;1#2;60;
0234;145245698;1;0;41;1#2;60;
0234;145245699;1;0;126;1#2;60;
0234;145245700;1;0;28;1#2;60;
0234;145245701;1;0;63;1#2;60;
0234;145245702;1;0;127;1#2;60;
0234;145245703;1;0;228;1#2;60;
0234;145245703;2;23;228;1#2;80;
0234;145245704;1;0;320;1#2;80;
0234;145245705;1;0;342;1#2;80;
0234;145245706;1;0;22;1#2;80;
0234;145245707;1;0;118;1#2;80;
0234;145245708;1;0;226;1#2;80;
0234;145245709;1;0;49;1#2;80;
0234;145245710;1;0;533;1#2;80;
0234;145245710;2;264;533;1#2;60;
0234;145245711;1;0;396;1#2;60;
0234;145245712;1;0;108;1#2;60;
0234;145245713;1;0;15;1#2;60;
0234;145245714;1;0;17;1#2;60;
0234;145245715;1;0;4;1#2;60;
0234;145245718;1;0;3;1#2;40;
0234;145245719;1;0;26;1#2;40;
0234;145245720;1;0;38;1#2;40;
0234;275486569;1;0;29;1#2;40;
0234;275486570;1;0;6;1#2;40;
0234;145245722;1;0;10;1#2;40;
0234;145245723;1;0;10;1#2;40;
0234;145245724;1;0;38;1#2;40;
0234;145245725;1;0;28;1#2;40;
0234;145245726;1;0;248;1#2;40;
0234;145245726;2;105;248;1#2;60;
0234;145245727;1;0;294;1#2;60;
0234;145245728;1;0;4;1#2;60;
0234;145245729;1;0;150;1#2;60;
0234;145245730;1;0;19;1#2;60;
0234;145245731;1;0;95;1#2;60;
0234;145245732;1;0;36;1#2;60;
0234;145245733;1;0;79;1#2;60;
0234;145245734;1;0;566;1#2;60;
0234;145245734;2;256;566;1#2;80;
0234;145245735;1;0;145;1#2;80;
0234;145245736;1;0;40;1#2;80;
0234;145245737;1;0;324;1#2;80;
0234;145245738;1;0;222;1#2;80;
0234;145245739;1;0;111;1#2;80;
0234;145245740;1;0;134;1#2;80;
0234;145245741;1;0;170;1#2;80;
0234;145245741;2;98;170;1#2;60;
0234;145245742;1;0;78;1#2;60;
0234;275486571;1;0;7;1#2;60;
0234;275486572;1;0;37;1#2;60;
0234;145245744;1;0;343;1#2;60;
0234;145245745;1;0;115;1#2;60;
0234;145245746;1;0;53;1#2;60;
0234;145245747;1;0;18;1#2;60;
0234;145245748;1;0;220;1#2;60;
0234;145245749;1;0;11;1#2;60;
0234;145245750;1;0;199;1#2;60;
0234;145245750;2;23;199;1#2;80;
0234;145245751;1;0;15;1#2;80;
0234;145245752;1;0;618;1#2;80;
0234;145245753;1;0;45;1#2;80;
0234;145245754;1;0;4;1#2;80;
0234;145245755;1;0;33;1#2;80;
0234;275486573;1;0;90;1#2;80;
0234;275486574;1;0;320;1#2;80;
0234;145245757;1;0;135;1#2;80;
0234;145245758;1;0;116;1#2;80;
0234;145245759;1;0;110;1#2;80;
0234;145245760;1;0;254;1#2;80;
0234;145245761;1;0;700;1#2;80;
0234;145245762;1;0;587;1#2;80;
0234;145245763;1;0;7;1#2;60;
0234;145245764;1;0;112;1#2;60;
0234;275486575;1;0;197;1#2;60;
0234;275486576;1;0;111;1#2;60;
0234;275486577;1;0;109;1#2;60;
0234;275486578;1;0;24;1#2;60;
0234;275486579;1;0;87;1#2;60;
0234;145245767;1;0;24;1#2;60;
0234;145245768;1;0;132;1#2;60;
0234;145245769;1;0;64;1#2;60;
0234;268590282;1;0;172;1#2;60;
0234;268590283;1;0;100;1#2;60;
0234;268590284;1;0;93;1#2;60;
0234;268590285;1;0;42;1#2;60;
0234;268590286;1;0;97;1#2;60;
0234;268590287;1;0;7;1#2;60;
0234;268590288;1;0;41;1#2;60;
0234;268590289;1;0;47;1#2;60;
0234;268590290;1;0;45;1#2;60;
0234;268590291;1;0;201;1#2;60;
0234;268590292;1;0;5;1#2;60;
0234;145245773;1;0;174;1#2;60;
0234;145245774;1;0;28;1#2;60;
0234;145245775;1;0;83;1#2;60;
0234;145245776;1;0;15;1#2;60;
0234;268590293;1;0;42;1#2;60;
0234;268590294;1;0;97;1#2;60;
0234;145245778;1;0;253;1#2;60;
0234;268590295;1;0;44;1#2;60;
0234;268590296;1;0;24;1#2;60;
0234;268590297;1;0;124;1#2;60;
0234;145245780;1;0;36;1#2;60;
0234;145245781;1;0;35;1#2;60;
0234;145245782;1;0;25;1#2;60;
0234;145245785;1;0;562;1#2;80;
0234;145245786;1;0;374;1#2;80;
0234;145245786;2;277;374;1#2;50;
0234;145245787;1;0;202;1#2;50;
0234;145245788;1;0;30;1#2;50;
0234;275447833;1;0;33;1#2;50;
0234;275447834;1;0;43;1#2;50;
0234;145245790;1;0;128;1#2;50;
0234;145245791;1;0;199;1#2;50;
0234;145245792;1;0;23;1#2;50;
0234;275486580;1;0;70;1#2;50;
0234;275486581;1;0;19;1#2;50;
0234;275486582;1;0;39;1#2;50;
0234;145245794;1;0;14;1#2;50;
0234;145245795;1;0;10;1#2;50;
0234;145249565;1;0;37;1#2;80;
0234;145249566;1;0;208;1#2;80;
0234;145249567;1;0;418;1#2;80;
0234;145249568;1;0;921;1#2;80;
0234;145249569;1;0;60;1#2;80;
0234;145249570;1;0;48;1#2;80;
0234;145249571;1;0;29;1#2;80;
0234;145249572;1;0;108;1#2;80;
0234;275486583;1;0;34;1#2;80;
0234;275486584;1;0;8;1#2;80;
0234;145249574;1;0;232;1#2;80;
0234;145249575;1;0;144;1#2;80;
0234;145249576;1;0;410;1#2;80;
0234;145249577;1;0;45;1#2;80;
0234;275447835;1;0;565;1#2;80;
0234;275447836;1;0;37;1#2;80;
0234;145249579;1;0;6;1#2;80;
0234;145249580;1;0;31;1#2;80;
0234;145249581;1;0;59;1#2;80;
0234;145249582;1;0;38;1#2;80;
0234;145249583;1;0;442;1#2;80;
0234;218785647;1;0;116;1#2;80;
0234;218785647;2;110;116;1#2;50;
0234;218785648;1;0;118;1#2;50;
0234;145249587;1;0;133;1#2;50;
0234;145249588;1;0;44;1#2;50;
0234;145249589;1;0;71;1#2;50;
0234;145249590;1;0;53;1#2;50;
0234;145249591;1;0;69;1#2;50;
0234;145249592;1;0;88;1#2;50;
0234;145249593;1;0;29;1#2;50;
0234;145249594;1;0;26;1#2;50;
0234;145249595;1;0;90;1#2;50;
0234;145249596;1;0;98;1#2;50;
0234;145249597;1;0;30;1#2;50;
0234;145249598;1;0;10;1#2;50;
0234;145249599;1;0;8;1#2;50;
0234;145249600;1;0;55;1#2;50;
0234;145249601;1;0;20;1#2;50;
0234;159618251;1;0;79;1#2;50;
0234;159618252;1;0;21;1#2;50;
0234;145249603;1;0;6;1#2;50;
0234;145249604;1;0;7;1#2;50;
0234;145249605;1;0;49;1#2;50;
0234;145249606;1;0;24;1#2;50;
0234;145249607;1;0;40;1#2;50;
0234;145249608;1;0;49;1#2;50;
0234;145249609;1;0;35;1#2;50;
0234;145249610;1;0;6;1#2;50;
0234;247564072;1;0;59;1#2;50;
0234;247564073;1;0;24;1#2;50;
0234;145249612;1;0;6;1#2;50;
0234;145249613;1;0;34;1#2;50;
0234;145249614;1;0;284;1#2;50;
0234;145249614;2;106;284;1#2;80;
0234;145249615;1;0;270;1#2;80;
0234;145249616;1;0;49;1#2;80;
0234;145249617;1;0;62;1#2;80;
0234;145249618;1;0;166;1#2;80;
0234;145249619;1;0;52;1#2;80;
0234;145249620;1;0;170;1#2;80;
0234;145249621;1;0;479;1#2;80;
0234;145249622;1;0;48;1#2;80;
0234;145249623;1;0;60;1#2;80;
0234;145249624;1;0;52;1#2;80;
0234;145249625;1;0;757;1#2;80;
0234;145249626;1;0;7;1#2;80;
0234;145249627;1;0;5;1#2;80;
0234;167355385;1;0;38;1#2;80;
0234;167355386;1;0;50;1#2;80;
0234;145249629;1;0;26;1#2;80;
0234;145249630;1;0;1000;1#2;80;
0234;145249631;1;0;93;1#2;80;
0234;145249632;1;0;287;1#2;80;
0234;145255261;1;0;5;1;50;
0234;159618253;1;0;9;1;50;
0234;159618254;1;0;11;1;50;
0234;145255263;1;0;30;1;50;
0234;145255264;1;0;5;1;40;
0234;159618255;1;0;8;1;40;
0234;159618256;1;0;18;1;40;
0234;145255266;1;0;6;1;80;
0234;145255267;1;0;27;1;80;
0234;145256297;1;0;28;1;30;
0234;145256298;1;0;27;1;30;
0234;145259051;1;0;5;2;50;
0234;159618257;1;0;10;2;50;
0234;159618258;1;0;10;2;50;
0234;145259053;1;0;30;2;50;
0234;145259054;1;0;5;2;40;
0234;159618259;1;0;6;2;40;
0234;159618260;1;0;12;2;40;
0234;145259056;1;0;8;2;40;
0234;145259057;1;0;6;2;80;
0234;145259058;1;0;27;2;80;
0234;145259940;1;0;28;2;30;
0234;145259941;1;0;27;2;30;
0234;145260347;1;0;265;1#2;80;
0234;159462948;1;0;8;1;50;
0234;159462949;1;0;6;1;50;
0234;159462950;1;0;4;1;50;
0234;159462951;1;0;11;1;50;
0234;159462952;1;0;4;1;50;
0234;159462953;1;0;6;1;50;
0234;159462954;1;0;8;1;50;
0234;159462955;1;0;6;1;50;
0234;159462956;1;0;5;1;50;
0234;159462957;1;0;7;1;50;
0234;159462958;1;0;6;1;50;
0234;159462959;1;0;5;1;50;
0234;159462960;1;0;47;1#2;50;
0234;159462963;1;0;24;1#2;30;
0234;159462965;1;0;6;1#2;30;
0234;159462967;1;0;12;1#2;50;
0234;159462968;1;0;72;1#2;50;
0234;218785651;1;0;7;1;30;
0234;218785652;1;0;10;1;30;
0234;218785653;1;0;9;2;30;
0234;218785654;1;0;8;2;30;
0234;159462971;1;0;17;2;50;
0234;159462972;1;0;17;1;50;
0234;159462973;1;0;19;1;30;
0234;159462974;1;0;19;2;30;
0234;159462975;1;0;21;1;50;
0234;159462976;1;0;21;2;50;
0234;275447837;1;0;195;1#2;30;
0234;275447838;1;0;225;1#2;30;
0234;275447839;1;0;128;1#2;30;
0234;218785656;1;0;69;1#2;30;
0234;268496368;1;0;87;1#2;30;
0234;268496369;1;0;42;1#2;30;
0234;268496370;1;0;35;1#2;30;
0234;268496371;1;0;45;1#2;30;
0234;268496372;1;0;49;1#2;30;
0234;268496373;1;0;72;1#2;30;
0234;268496374;1;0;49;1#2;30;
0234;268496375;1;0;42;1#2;30;
0234;268496376;1;0;35;1#2;30;
0234;268496377;1;0;98;1#2;30;
0234;268496378;1;0;31;1#2;30;
0234;268496379;1;0;9;1#2;30;
0234;275447840;1;0;73;1#2;30;
0234;268590299;1;0;12;1#2;30;
0234;268590300;1;0;31;1#2;30;
0234;268590301;1;0;54;1#2;30;
0234;268590302;1;0;30;1#2;30;
0234;268590303;1;0;22;1#2;30;
0234;268590304;1;0;26;1#2;30;
0234;268590305;1;0;21;1#2;30;
0234;268590306;1;0;42;1#2;30;
0234;268590307;1;0;674;1#2;30;
0234;268590308;1;0;114;1#2;30;
0234;268590309;1;0;18;1#2;30;
0234;268590310;1;0;38;1#2;30;
0234;268590311;1;0;32;1#2;30;
0234;268806202;1;0;4;1#2;30;
0234;268806203;1;0;32;1#2;30;
0234;268590313;1;0;33;1#2;30;
0234;268590315;1;0;51;1#2;30;
0234;268590316;1;0;26;1#2;30;
0234;268590317;1;0;131;1#2;30;
0234;268590318;1;0;43;1#2;30;
0234;268590319;1;0;113;1#2;30;
0234;275486585;1;0;63;1#2;30;
0234;275486586;1;0;91;1#2;30;
0234;275447842;1;0;965;1#2;30;
0234;275447843;1;0;73;1#2;30;
0234;275447844;1;0;781;1#2;30;
0234;275447845;1;0;48;1#2;30;
0234;275447846;1;0;33;1#2;30;
0234;275447847;1;0;66;1#2;50;
0234;275447848;1;0;659;1#2;50;
0234;275447849;1;0;166;1#2;30;
0234;275486587;1;0;16;1#2;30;
0234;275486588;1;0;20;1#2;30;
0234;275447851;1;0;48;1#2;30;
0234;275447852;1;0;107;1#2;30;
0234;275447853;1;0;204;1#2;30;
0234;275447854;1;0;90;1#2;30;
0234;275447855;1;0;82;1#2;30;
0234;275447856;1;0;172;1#2;30;
0234;275447857;1;0;395;1#2;30;
0234;275447858;1;0;461;1#2;30;
0234;275486589;1;0;63;1#2;30;
0234;275486590;1;0;217;1#2;30;
0234;275447860;1;0;72;1#2;30;
0234;275447861;1;0;123;1#2;30;
0234;275447862;1;0;59;1#2;30;
0234;275447863;1;0;57;1#2;30;
0234;275447864;1;0;74;1#2;30;
0234;275447865;1;0;15;1#2;30;
0234;275447866;1;0;289;1#2;30;
0234;275447867;1;0;45;1#2;30;
0234;275447868;1;0;66;1#2;30;
0234;275447869;1;0;70;1#2;30;
0234;275447870;1;0;2553;1#2;50;
0234;275447871;1;0;47;1#2;30;
0234;275447872;1;0;1522;1#2;30;
0234;275447873;1;0;735;1#2;30;
0234;275447874;1;0;44;1#2;30;
0234;275447875;1;0;37;1#2;30;
0234;275447876;1;0;112;1#2;30;
0234;275447877;1;0;8;1#2;30;
0234;275447878;1;0;15;1#2;30;
0234;275447879;1;0;26;1#2;30;
0234;275447880;1;0;77;1#2;30;
0234;275447881;1;0;14;1#2;30;
0234;275447882;1;0;33;1#2;30;
0234;275447883;1;0;104;1#2;30;
0234;275447884;1;0;148;1#2;30;
0234;275447885;1;0;90;1#2;30;
0234;275447886;1;0;789;1#2;30;
0234;275447887;1;0;72;1#2;30;
0234;275447888;1;0;146;1#2;30;
0234;275447889;1;0;117;1#2;30;
0234;275447890;1;0;34;1#2;30;
0234;275447891;1;0;264;1#2;30;
0234;275447892;1;0;6;1#2;30;
0234;275447893;1;0;219;1#2;30;
0234;275447894;1;0;356;1#2;30;
0234;275447895;1;0;1218;1#2;30;
0234;275447896;1;0;77;1#2;30;
0234;275447897;1;0;57;1#2;30;
0234;275447898;1;0;83;1#2;30;
0234;275447899;1;0;124;1#2;30;
0234;275447900;1;0;86;1#2;30;
0234;275447901;1;0;24;1#2;30;
0234;275447902;1;0;133;1#2;30;
0234;275447903;1;0;43;1#2;30;
0234;275447904;1;0;221;1#2;30;
0234;275447905;1;0;165;1#2;30;
0234;275486591;1;0;62;1#2;30;
0234;275486592;1;0;39;1#2;30;
0234;275447907;1;0;49;1#2;30;
0234;275447908;1;0;34;1#2;30;
0234;275447909;1;0;55;1#2;30;
0234;275447910;1;0;31;1#2;30;
0234;275447911;1;0;58;1#2;30;
0234;275447912;1;0;101;1#2;30;
0234;275447913;1;0;54;1#2;30;
0234;275447914;1;0;16;1#2;30;
0234;275447915;1;0;29;1#2;30;
0234;275447916;1;0;87;1#2;30;
0234;275447917;1;0;34;1#2;30;
0234;275447918;1;0;326;1#2;30;
0234;275447919;1;0;308;1#2;30;
0234;275447920;1;0;44;1#2;30;
0234;275447921;1;0;167;1#2;30;
0234;275447922;1;0;15;1#2;30;
0234;275447923;1;0;37;1#2;30;
0234;275447924;1;0;30;1#2;30;
0234;275447925;1;0;143;1#2;50;
0234;275447926;1;0;105;1#2;30;
0234;275447927;1;0;205;1#2;50;
0234;275447928;1;0;1270;1#2;50;
0234;275447929;1;0;55;1#2;30;
0234;275447930;1;0;156;1#2;50;
0234;275447931;1;0;83;1#2;30;
0234;275447932;1;0;17;1#2;50;
0234;275447933;1;0;553;1#2;50;
0234;275447934;1;0;69;1#2;30;
0234;275447935;1;0;75;1#2;30;
0234;275447936;1;0;116;1#2;30;
0234;275447937;1;0;43;1#2;50;
0234;275447938;1;0;154;1#2;50;
0234;275447939;1;0;62;1#2;30;
0234;275447940;1;0;110;1#2;30;
0234;275447941;1;0;30;1#2;30;
0234;275447942;1;0;88;1#2;30;
0234;275447943;1;0;25;1#2;30;
0234;275447944;1;0;52;1#2;30;
0234;275447945;1;0;202;1#2;30;
0234;275447946;1;0;69;1#2;30;
0234;275447947;1;0;96;1#2;30;
0234;275447948;1;0;4;1#2;30;
0234;275447949;1;0;631;1#2;30;
0234;275447950;1;0;61;1#2;30;
0234;275447951;1;0;143;1#2;30;
0234;275447952;1;0;75;1#2;30;
0234;275486593;1;0;788;1#2;30;
0234;275486594;1;0;7;1#2;30;
0234;275486595;1;0;188;1#2;30;
0234;275447954;1;0;339;1#2;30;
0234;275447955;1;0;69;1#2;30;
0234;275447956;1;0;83;1#2;30;
0234;275447957;1;0;141;1#2;30;
0234;275447958;1;0;309;1#2;30;
0234;275447959;1;0;42;1#2;30;
0234;275447960;1;0;72;1#2;30;
0234;275486596;1;0;30;1#2;30;
0234;275486597;1;0;215;1#2;30;
0234;275447962;1;0;5;1#2;50;
0234;275447963;1;0;199;1#2;30;
0234;275447964;1;0;53;1#2;30;
0234;275447965;1;0;159;1#2;30;
0234;275447966;1;0;200;1#2;30;
0234;275447967;1;0;39;1#2;30;
0234;275486598;1;0;9;1#2;30;
0234;275486599;1;0;110;1#2;30;
0234;275447969;1;0;9;1#2;30;
0234;275447970;1;0;147;1#2;30;
0234;275447971;1;0;9;1#2;30;
0234;275447972;1;0;6;1#2;30;
0234;275447973;1;0;114;1#2;30;
0234;275486600;1;0;46;1#2;30;
0234;275486601;1;0;54;1#2;30;
0234;275486602;1;0;70;1#2;30;
0234;275486603;1;0;48;1#2;30;
0234;275486604;1;0;45;1#2;30;
0234;275486605;1;0;53;1#2;30;
0234;276872613;1;0;5;1#2;30;
0234;276872614;1;0;176;1#2;30;
0234;275486607;1;0;22;1#2;30;
0234;275486608;1;0;86;1#2;30;
0234;275486609;1;0;58;1#2;30;
0234;275486610;1;0;62;1#2;30;
0234;275486611;1;0;86;1#2;30;
0234;275486612;1;0;93;1#2;30;
0234;275486613;1;0;131;1#2;30;
0234;275486614;1;0;12;1#2;30;
0234;275486615;1;0;49;1#2;30;
0234;275486616;1;0;22;1#2;30;
0234;275486617;1;0;55;1#2;30;
0234;275486618;1;0;76;1#2;30;
0234;275486619;1;0;8;1#2;30;
0234;275486620;1;0;72;1#2;30;
0234;275486621;1;0;57;1#2;30;
0234;275486622;1;0;46;1#2;30;
0234;275486623;1;0;80;1#2;30;
0234;275486624;1;0;28;1#2;30;
0234;275486625;1;0;77;1#2;30;
0234;275486626;1;0;17;1#2;30;
0234;275486627;1;0;19;1#2;30;
0234;275486628;1;0;18;1#2;30;
0234;275486629;1;0;26;1#2;30;
0234;275486630;1;0;22;1#2;30;
0234;275486631;1;0;57;1#2;30;
0234;275486632;1;0;30;1#2;30;
0234;275486633;1;0;19;1#2;30;
0234;275486634;1;0;38;1#2;30;
0234;275486635;1;0;19;1#2;30;
0234;275486636;1;0;31;1#2;30;
0234;275486637;1;0;88;1#2;30;
0234;275486638;1;0;61;1#2;30;
0234;275486639;1;0;61;1#2;30;
0234;275486640;1;0;39;1#2;30;
0234;275486641;1;0;53;1#2;30;
0234;275486642;1;0;37;1#2;30;
0234;275486643;1;0;37;1#2;30;
0234;275486644;1;0;16;1#2;30;
0234;275486645;1;0;27;1#2;30;
0234;275486646;1;0;38;1#2;30;
0234;275486647;1;0;33;1#2;30;
0234;275486648;1;0;22;1#2;30;
0234;275486649;1;0;25;1#2;30;
0234;275486650;1;0;33;1#2;30;
0234;275486651;1;0;20;1#2;30;
0234;275486652;1;0;46;1#2;30;
0234;275486653;1;0;28;1#2;30;
0234;275486654;1;0;32;1#2;30;
0234;275486655;1;0;75;1#2;30;
0234;275486656;1;0;56;1#2;30;
0234;275486657;1;0;62;1#2;30;
0234;275486658;1;0;38;1#2;30;
0234;275486659;1;0;63;1#2;30;
0234;275486660;1;0;17;1#2;30;
0234;275486661;1;0;31;1#2;30;
0234;275486662;1;0;65;1#2;30;
0234;275486663;1;0;15;1#2;30;
0234;275486664;1;0;16;1#2;30;
0234;275486665;1;0;75;1#2;30;
0234;275486666;1;0;67;1#2;30;
0234;275486667;1;0;45;1#2;30;
0234;275486668;1;0;36;1#2;30;
0234;275486669;1;0;64;1#2;30;
0234;275486670;1;0;22;1#2;30;
0234;275486671;1;0;45;1#2;30;
0234;275486672;1;0;44;1#2;30;
0234;275486673;1;0;15;1#2;30;
0234;275486674;1;0;381;1#2;30;
0234;275486675;1;0;322;1#2;30;
0234;275486676;1;0;47;1#2;30;
0234;275486677;1;0;39;1#2;30;
0234;275486678;1;0;78;1#2;30;
0234;275486679;1;0;101;1#2;30;
0234;275486680;1;0;64;1#2;30;
0234;275486681;1;0;217;1#2;50;
0234;275486682;1;0;198;1#2;30;
0234;275486683;1;0;384;1#2;30;
0234;275486684;1;0;27;1#2;30;
