*0519*2011 VEGNETT*20110511*FART*20110511*VDB SVNT*AHT
..Eksport-dato 20110511
50;

Komm; TransID;kode;Fra;   Til;felt; Fart;
0519;145424424;1;0;35;1#2;80;
0519;145424425;1;0;58;1#2;80;
0519;145424426;1;0;336;1#2;80;
0519;145424427;1;0;211;1#2;80;
0519;145424428;1;0;322;1#2;80;
0519;145424429;1;0;158;1#2;80;
0519;145424430;1;0;110;1#2;80;
0519;145424431;1;0;231;1#2;80;
0519;145424432;1;0;80;1#2;80;
0519;145424433;1;0;234;1#2;80;
0519;145424434;1;0;17;1#2;80;
0519;145424435;1;0;89;1#2;80;
0519;145424436;1;0;58;1#2;80;
0519;145424437;1;0;1616;1#2;80;
0519;145424438;1;0;331;1#2;80;
0519;145424439;1;0;59;1#2;80;
0519;145424440;1;0;11;1#2;80;
0519;145424441;1;0;850;1#2;80;
0519;145424442;1;0;404;1#2;80;
0519;145424443;1;0;607;1#2;80;
0519;145424444;1;0;32;1#2;80;
0519;145424445;1;0;206;1#2;50;
0519;145424446;1;0;196;1#2;50;
0519;145424447;1;0;142;1#2;50;
0519;145424448;1;0;121;1#2;50;
0519;145424449;1;0;27;1#2;50;
0519;145424450;1;0;193;1#2;30;
0519;145424451;1;0;75;1#2;30;
0519;145424452;1;0;170;1#2;80;
0519;145424453;1;0;77;1#2;80;
0519;145424454;1;0;169;1#2;80;
0519;145424455;1;0;181;1#2;80;
0519;145424456;1;0;321;1#2;80;
0519;145424457;1;0;39;1#2;80;
0519;145424458;1;0;11;1#2;80;
0519;145424459;1;0;409;1#2;80;
0519;145424460;1;0;936;1#2;80;
0519;145424461;1;0;238;1#2;80;
0519;145424462;1;0;772;1#2;80;
0519;145424463;1;0;1127;1#2;80;
0519;145424464;1;0;356;1#2;80;
0519;145424465;1;0;585;1#2;80;
0519;145424466;1;0;10;1#2;80;
0519;145424467;1;0;8;1#2;80;
0519;145424468;1;0;59;1#2;80;
0519;145424469;1;0;103;1#2;80;
0519;145424470;1;0;20;1#2;30;
0519;145424471;1;0;75;1#2;30;
0519;145424472;1;0;21;1#2;30;
0519;145424473;1;0;125;1#2;30;
0519;145424474;1;0;56;1#2;30;
0519;145424475;1;0;15;1#2;30;
0519;145424476;1;0;156;1#2;30;
0519;145424477;1;0;187;1#2;30;
0519;145424478;1;0;138;1#2;30;
0519;145424479;1;0;39;1#2;30;
0519;145424480;1;0;54;1#2;30;
0519;145424481;1;0;94;1#2;30;
0519;145424482;1;0;71;1#2;30;
0519;145424483;1;0;18;1#2;80;
0519;145424484;1;0;174;1#2;80;
0519;145424485;1;0;31;1#2;80;
0519;145424486;1;0;178;1#2;80;
0519;145424487;1;0;62;1#2;80;
0519;145424488;1;0;365;1#2;80;
0519;145424489;1;0;191;1#2;80;
0519;145424490;1;0;334;1#2;80;
0519;145424491;1;0;298;1#2;80;
0519;145424492;1;0;446;1#2;80;
0519;145424493;1;0;376;1#2;80;
0519;145424494;1;0;433;1#2;80;
0519;145424495;1;0;28;1#2;80;
0519;145424496;1;0;88;1#2;80;
0519;145424497;1;0;151;1#2;80;
0519;145424498;1;0;69;1#2;80;
0519;145424499;1;0;33;1#2;80;
0519;145424500;1;0;110;1#2;80;
0519;145424501;1;0;122;1#2;80;
0519;145424502;1;0;52;1#2;80;
0519;145424503;1;0;66;1#2;80;
0519;145424504;1;0;125;1#2;80;
0519;145424505;1;0;339;1#2;80;
0519;145424506;1;0;445;1#2;80;
0519;145424507;1;0;189;1#2;80;
0519;145424508;1;0;291;1#2;80;
0519;145424509;1;0;186;1#2;80;
0519;145424510;1;0;212;1#2;80;
0519;145424511;1;0;141;1#2;80;
0519;145424512;1;0;213;1#2;80;
0519;145424513;1;0;39;1#2;80;
0519;145424514;1;0;149;1#2;80;
0519;145424515;1;0;1225;1#2;80;
0519;145424516;1;0;1655;1#2;80;
0519;145424517;1;0;785;1#2;80;
0519;145424518;1;0;138;1#2;80;
0519;145424519;1;0;1357;1#2;80;
0519;145424520;1;0;961;1#2;80;
0519;145424521;1;0;341;1#2;80;
0519;145424522;1;0;120;1#2;80;
0519;145424523;1;0;482;1#2;80;
0519;145424524;1;0;69;1#2;80;
0519;145424525;1;0;196;1#2;30;
0519;145424526;1;0;407;1#2;30;
0519;145424527;1;0;32;1#2;30;
0519;145424528;1;0;325;1#2;30;
0519;145424529;1;0;573;1#2;30;
0519;167588792;1;0;179;1#2;30;
0519;167588793;1;0;16;1#2;30;
0519;145424531;1;0;79;1#2;30;
0519;145424532;1;0;219;1#2;30;
0519;145424533;1;0;203;1#2;30;
0519;145424534;1;0;238;1#2;30;
0519;145424535;1;0;133;1#2;30;
0519;145424536;1;0;183;1#2;80;
0519;145424537;1;0;658;1#2;80;
0519;145424539;1;0;287;1#2;80;
0519;145424540;1;0;216;1#2;80;
0519;145424541;1;0;263;1#2;80;
0519;145424542;1;0;280;1#2;80;
0519;145424543;1;0;106;1#2;80;
0519;145424544;1;0;261;1#2;80;
0519;145424545;1;0;329;1#2;80;
0519;145424546;1;0;167;1#2;80;
0519;145424547;1;0;142;1#2;80;
0519;157084600;1;0;987;1#2;80;
0519;157084601;1;0;391;1#2;80;
0519;145424550;1;0;423;1#2;80;
0519;145424551;1;0;130;1#2;80;
0519;145424552;1;0;75;1#2;80;
0519;145424553;1;0;34;1#2;30;
0519;145424554;1;0;81;1#2;30;
0519;167588794;1;0;49;1#2;30;
0519;145424557;1;0;107;1#2;30;
0519;145424558;1;0;168;1#2;30;
0519;145424559;1;0;11;1#2;30;
0519;145424560;1;0;135;1#2;30;
0519;145424561;1;0;260;1#2;30;
0519;145424563;1;0;253;1#2;40;
0519;145424564;1;0;312;1#2;40;
0519;145424565;1;0;78;1#2;40;
0519;145424566;1;0;125;1#2;80;
0519;145424567;1;0;117;1#2;80;
0519;145424568;1;0;339;1#2;80;
0519;145424569;1;0;220;1#2;80;
0519;145424570;1;0;28;1#2;80;
0519;145424571;1;0;88;1#2;80;
0519;145424572;1;0;8;1#2;40;
0519;145424573;1;0;383;1#2;40;
0519;145424574;1;0;207;1#2;40;
0519;145424575;1;0;37;1#2;40;
0519;145424576;1;0;50;1#2;40;
0519;145424577;1;0;130;1#2;40;
0519;145424578;1;0;301;1#2;30;
0519;145424579;1;0;20;1#2;30;
0519;167588795;1;0;19;1#2;80;
0519;167588796;1;0;190;1#2;80;
0519;145424581;1;0;80;1#2;80;
0519;145424582;1;0;68;1#2;80;
0519;145424583;1;0;198;1#2;80;
0519;145424584;1;0;25;1#2;80;
0519;145424585;1;0;18;1#2;80;
0519;145424586;1;0;39;1#2;80;
0519;145424587;1;0;224;1#2;80;
0519;145424588;1;0;229;1#2;40;
0519;145424589;1;0;117;1#2;40;
0519;145424590;1;0;60;1#2;80;
0519;145424591;1;0;358;1#2;80;
0519;145424592;1;0;96;1#2;40;
0519;145424593;1;0;123;1#2;40;
0519;145424594;1;0;81;1#2;40;
0519;145424595;1;0;224;1#2;80;
0519;145424596;1;0;104;1#2;80;
0519;145424597;1;0;260;1#2;80;
0519;145424598;1;0;125;1#2;80;
0519;145424599;1;0;57;1#2;80;
0519;145424600;1;0;62;1#2;80;
0519;145424601;1;0;554;1#2;80;
0519;145424602;1;0;352;1#2;80;
0519;145424603;1;0;287;1#2;80;
0519;145424604;1;0;433;1#2;80;
0519;145424605;1;0;194;1#2;80;
0519;145424606;1;0;364;1#2;40;
0519;145424607;1;0;544;1#2;40;
0519;145424608;1;0;112;1#2;40;
0519;145424609;1;0;2233;1#2;50;
0519;145424610;1;0;186;1#2;80;
0519;145424611;1;0;68;1#2;80;
0519;145424612;1;0;44;1#2;80;
0519;145424613;1;0;404;1#2;80;
0519;145424614;1;0;727;1#2;80;
0519;145424615;1;0;110;1#2;80;
0519;145424616;1;0;361;1#2;80;
0519;145424617;1;0;116;1#2;80;
0519;145424618;1;0;97;1#2;80;
0519;145424619;1;0;73;1#2;80;
0519;145424620;1;0;396;1#2;80;
0519;145424621;1;0;399;1#2;80;
0519;145424622;1;0;13;1#2;80;
0519;145424623;1;0;1803;1#2;80;
0519;145424624;1;0;31;1#2;80;
0519;145424625;1;0;202;1#2;50;
0519;145424626;1;0;110;1#2;50;
0519;145424627;1;0;50;1#2;50;
0519;145424628;1;0;3;1#2;50;
0519;145424629;1;0;50;1#2;30;
0519;145424630;1;0;22;1#2;80;
0519;145424631;1;0;15;1#2;80;
0519;145424632;1;0;160;1#2;80;
0519;145424633;1;0;234;1#2;80;
0519;145424634;1;0;163;1#2;30;
0519;145424635;1;0;41;1#2;30;
0519;145424636;1;0;146;1#2;80;
0519;167588797;1;0;166;1#2;30;
0519;167588798;1;0;103;1#2;30;
0519;145424638;1;0;135;1#2;80;
0519;145424639;1;0;84;1#2;80;
0519;145424640;1;0;107;1#2;80;
0519;145424641;1;0;69;1#2;80;
0519;145424642;1;0;188;1#2;80;
0519;145424643;1;0;25;1#2;80;
0519;145424644;1;0;24;1#2;80;
0519;145424645;1;0;126;1#2;80;
0519;145424646;1;0;83;1#2;80;
0519;145424647;1;0;144;1#2;80;
0519;145424648;1;0;62;1#2;80;
0519;145424649;1;0;35;1#2;30;
0519;167588799;1;0;10;1#2;30;
0519;167588800;1;0;3;1#2;30;
0519;145424651;1;0;9;1#2;30;
0519;145424652;1;0;146;1#2;30;
0519;145424653;1;0;171;1#2;30;
0519;145424654;1;0;93;1#2;30;
0519;145424655;1;0;274;1#2;30;
0519;145424656;1;0;138;1#2;30;
0519;145424657;1;0;117;1#2;30;
0519;145424658;1;0;151;1#2;30;
0519;145424659;1;0;50;1#2;30;
0519;145424660;1;0;211;1#2;30;
0519;145424661;1;0;368;2;30;
0519;145424662;1;0;122;1#2;30;
0519;145424663;1;0;4;1#2;30;
0519;145424664;1;0;34;1#2;30;
0519;145424665;1;0;97;1#2;30;
0519;145424666;1;0;145;1#2;30;
0519;145424667;1;0;257;1#2;30;
0519;145424668;1;0;53;1#2;30;
0519;145424669;1;0;254;1#2;30;
0519;145424670;1;0;31;1#2;30;
0519;145424671;1;0;100;1#2;30;
0519;145424672;1;0;6;1#2;30;
0519;145424673;1;0;182;1#2;30;
0519;145424674;1;0;422;1#2;30;
0519;145424675;1;0;14;1#2;30;
0519;145424676;1;0;36;1#2;30;
0519;145424677;1;0;54;1#2;30;
0519;145424678;1;0;151;1#2;30;
0519;145424679;1;0;48;1#2;30;
0519;145424680;1;0;152;1#2;30;
0519;145424681;1;0;53;1#2;30;
0519;145424682;1;0;19;1#2;30;
0519;145424683;1;0;121;1#2;30;
0519;145424684;1;0;74;1#2;30;
0519;145424685;1;0;46;1#2;30;
0519;145424686;1;0;23;1#2;30;
0519;145424687;1;0;67;1#2;30;
0519;145424688;1;0;84;1#2;30;
0519;145424689;1;0;123;1#2;30;
0519;145424690;1;0;31;1#2;30;
0519;145424691;1;0;208;1#2;30;
0519;145424692;1;0;248;1#2;30;
0519;145424693;1;0;227;1#2;30;
0519;167588801;1;0;9;1#2;30;
0519;167588802;1;0;262;1#2;30;
0519;145424695;1;0;36;1#2;30;
0519;145424696;1;0;366;1#2;30;
0519;145424697;1;0;28;1#2;30;
0519;145424698;1;0;57;1#2;30;
0519;145424699;1;0;72;1#2;30;
0519;145424700;1;0;80;1#2;30;
0519;145424701;1;0;137;1#2;30;
0519;145424702;1;0;255;1#2;30;
0519;145424703;1;0;125;1#2;30;
0519;145424704;1;0;163;1#2;30;
0519;167588803;1;0;31;1#2;30;
0519;167588804;1;0;12;1#2;30;
0519;145424706;1;0;67;1#2;30;
0519;145424707;1;0;125;1#2;30;
0519;145424708;1;0;89;1#2;30;
0519;145424709;1;0;30;1#2;30;
0519;145424710;1;0;34;1#2;30;
0519;145424711;1;0;69;1#2;30;
0519;145424712;1;0;37;1#2;30;
0519;145448818;1;0;19;1#2;30;
0519;145448819;1;0;23;1#2;30;
0519;145448820;1;0;121;1#2;30;
0519;145448821;1;0;55;1#2;30;
0519;145448822;1;0;321;1#2;30;
0519;145448823;1;0;1338;1#2;30;
0519;145448824;1;0;41;1#2;30;
0519;145448825;1;0;938;1#2;30;
0519;145448826;1;0;86;1#2;30;
0519;145448827;1;0;73;1#2;30;
0519;145448828;1;0;84;1#2;30;
0519;145448829;1;0;75;1#2;30;
0519;145448830;1;0;85;1#2;30;
0519;145448831;1;0;49;1#2;30;
0519;145448832;1;0;122;1#2;30;
0519;145448833;1;0;43;1#2;30;
0519;145448834;1;0;48;1#2;30;
0519;145448835;1;0;238;1#2;30;
0519;145448836;1;0;136;1#2;30;
0519;145448837;1;0;42;1#2;30;
0519;145448838;1;0;91;1#2;30;
0519;145448839;1;0;33;1#2;30;
0519;145448840;1;0;48;1#2;30;
0519;145448841;1;0;941;1#2;30;
0519;145448842;1;0;253;1#2;30;
0519;145448843;1;0;4;1#2;30;
0519;145448844;1;0;3;1#2;30;
0519;145448845;1;0;94;1#2;30;
0519;145448846;1;0;213;1#2;30;
0519;145448847;1;0;83;1#2;30;
0519;145448848;1;0;46;1#2;30;
0519;145448849;1;0;16;1#2;30;
0519;145448850;1;0;56;1#2;30;
0519;145448851;1;0;177;1#2;30;
0519;145448852;1;0;286;1#2;30;
0519;145448853;1;0;109;1#2;30;
0519;145448854;1;0;115;1#2;30;
0519;145448855;1;0;105;1#2;30;
0519;145448856;1;0;60;1#2;30;
0519;145448857;1;0;106;1#2;30;
0519;145448858;1;0;237;1#2;30;
0519;145448859;1;0;13;1#2;30;
0519;145448860;1;0;138;1#2;30;
0519;145448861;1;0;4;1#2;30;
0519;145448862;1;0;415;1#2;30;
0519;145448863;1;0;53;1#2;30;
0519;145448864;1;0;71;1#2;30;
0519;145448865;1;0;124;1#2;30;
0519;145448866;1;0;106;1#2;30;
0519;145448867;1;0;106;1#2;30;
0519;145448868;1;0;66;1#2;30;
0519;145448869;1;0;73;1#2;30;
0519;145448870;1;0;290;1#2;30;
0519;145448871;1;0;71;1#2;30;
0519;145448872;1;0;149;1#2;30;
0519;145448873;1;0;93;1#2;30;
0519;145448874;1;0;117;1#2;30;
0519;145448875;1;0;30;1#2;30;
0519;145448876;1;0;61;1#2;30;
0519;145448877;1;0;1334;1#2;30;
0519;145448878;1;0;108;1#2;30;
0519;145448879;1;0;31;1#2;30;
0519;145448880;1;0;451;1#2;30;
0519;145448881;1;0;82;1#2;30;
0519;145448882;1;0;142;1#2;30;
0519;145448883;1;0;119;1#2;30;
0519;145448884;1;0;72;1#2;30;
0519;145448885;1;0;79;1#2;30;
0519;145448886;1;0;59;1#2;30;
0519;145448887;1;0;45;1#2;30;
0519;145448888;1;0;50;1#2;30;
0519;145448889;1;0;136;1#2;30;
0519;145448890;1;0;118;1#2;30;
0519;145448891;1;0;270;1#2;30;
0519;145448892;1;0;37;1#2;30;
0519;145448893;1;0;68;1#2;30;
0519;145448894;1;0;157;1#2;30;
0519;145448895;1;0;144;1#2;30;
0519;145448896;1;0;110;1#2;30;
0519;145448897;1;0;116;1#2;30;
0519;145448898;1;0;57;1#2;30;
0519;145448899;1;0;289;1#2;30;
0519;145448900;1;0;109;1#2;30;
0519;145448901;1;0;158;1#2;30;
0519;145448902;1;0;105;1#2;30;
0519;145448903;1;0;92;1#2;30;
0519;145448904;1;0;53;1#2;30;
0519;145448905;1;0;87;1#2;30;
0519;145448906;1;0;26;1#2;30;
0519;145448907;1;0;63;1#2;30;
0519;145448908;1;0;84;1#2;30;
0519;145448909;1;0;121;1#2;30;
0519;145448910;1;0;108;1#2;30;
0519;145448911;1;0;69;1#2;30;
0519;145448912;1;0;35;1#2;30;
0519;145448913;1;0;25;1#2;30;
0519;145448914;1;0;152;1#2;30;
0519;145448915;1;0;55;1#2;30;
0519;145448916;1;0;53;1#2;30;
0519;145448917;1;0;213;1#2;30;
0519;145448918;1;0;27;1#2;30;
0519;145448919;1;0;39;1#2;30;
0519;145448920;1;0;49;1#2;30;
0519;145448921;1;0;308;1#2;30;
0519;145448922;1;0;43;1#2;30;
0519;145448923;1;0;30;1#2;30;
0519;145448924;1;0;271;1#2;30;
0519;145448925;1;0;96;1#2;30;
0519;145448926;1;0;153;1#2;30;
0519;145448927;1;0;206;1#2;30;
0519;145448928;1;0;12;1#2;30;
0519;145448929;1;0;317;1#2;30;
0519;145448930;1;0;54;1#2;30;
0519;145448931;1;0;564;1#2;30;
0519;145448932;1;0;229;1#2;30;
0519;145448933;1;0;166;1#2;30;
0519;145448934;1;0;6;1#2;30;
0519;145448935;1;0;81;1#2;30;
0519;145448936;1;0;81;1#2;30;
0519;145448937;1;0;41;1#2;30;
0519;145448938;1;0;108;1#2;30;
0519;145448939;1;0;124;1#2;30;
0519;145448940;1;0;6;1#2;30;
0519;145448941;1;0;76;1#2;30;
0519;145448942;1;0;45;1#2;30;
0519;145448943;1;0;419;1#2;30;
0519;145448944;1;0;72;1#2;30;
0519;145448945;1;0;126;1#2;30;
0519;145448946;1;0;53;1#2;30;
0519;145448947;1;0;77;1#2;30;
0519;145448948;1;0;271;1#2;30;
0519;145448949;1;0;970;1#2;30;
0519;145448950;1;0;1584;1#2;30;
0519;145448951;1;0;651;1#2;30;
0519;145448952;1;0;153;1#2;30;
0519;145448953;1;0;108;1#2;30;
0519;145448954;1;0;106;1#2;30;
0519;145448955;1;0;105;1#2;30;
0519;145448956;1;0;246;1#2;30;
0519;145448957;1;0;185;1#2;30;
0519;145448958;1;0;64;1#2;30;
0519;145448959;1;0;123;1#2;30;
0519;145448960;1;0;56;1#2;30;
0519;145448961;1;0;185;1#2;30;
0519;145448962;1;0;115;1#2;30;
0519;145448963;1;0;297;1#2;30;
0519;145448964;1;0;199;1#2;30;
0519;145448965;1;0;26;1#2;30;
0519;145448966;1;0;391;1#2;30;
0519;145448967;1;0;170;1#2;30;
0519;145448968;1;0;399;1#2;30;
0519;145448969;1;0;357;1#2;30;
0519;145448970;1;0;57;1#2;30;
0519;145448971;1;0;2081;1#2;30;
0519;145448972;1;0;177;1#2;30;
0519;145448973;1;0;6;1#2;30;
0519;145448974;1;0;2;1#2;30;
0519;145448975;1;0;113;1#2;30;
0519;145448976;1;0;200;1#2;30;
0519;145448977;1;0;680;1#2;30;
0519;145448978;1;0;1378;1#2;30;
0519;145448979;1;0;1292;1#2;30;
0519;145448980;1;0;98;1#2;30;
0519;145448981;1;0;1298;1#2;30;
0519;145448982;1;0;206;1#2;30;
0519;145448983;1;0;568;1#2;30;
0519;145448984;1;0;47;1#2;30;
0519;145448985;1;0;160;1#2;30;
0519;145448986;1;0;7;1#2;30;
0519;167588805;1;0;7;1#2;30;
0519;167588806;1;0;161;1#2;30;
0519;145448988;1;0;19;1#2;30;
0519;145448989;1;0;196;1#2;30;
0519;145448990;1;0;23;1#2;30;
0519;145448991;1;0;206;1#2;30;
0519;145448992;1;0;46;1#2;30;
0519;145448993;1;0;117;1#2;30;
0519;145448994;1;0;70;1#2;30;
0519;145448995;1;0;278;1#2;30;
0519;145448996;1;0;205;1#2;30;
0519;145448997;1;0;323;1#2;30;
0519;145448998;1;0;80;1#2;30;
0519;145448999;1;0;111;1#2;30;
0519;145449000;1;0;168;1#2;30;
0519;145449001;1;0;364;1#2;30;
0519;145449002;1;0;456;1#2;30;
0519;145449003;1;0;443;1#2;30;
0519;145449004;1;0;36;1#2;30;
0519;145449005;1;0;207;1#2;30;
0519;145449006;1;0;225;1#2;30;
0519;145449007;1;0;269;1#2;30;
0519;145449008;1;0;51;1#2;30;
0519;145449009;1;0;228;1#2;30;
0519;145449010;1;0;105;1#2;30;
0519;145449011;1;0;218;1#2;30;
0519;145449012;1;0;296;1#2;30;
0519;145449013;1;0;55;1#2;30;
0519;145449014;1;0;119;1#2;30;
0519;145449015;1;0;30;1#2;30;
0519;145449016;1;0;54;1#2;30;
0519;145449017;1;0;63;1#2;30;
0519;145449018;1;0;14;1#2;30;
0519;145449019;1;0;153;1#2;30;
0519;145449020;1;0;75;1#2;30;
0519;145449021;1;0;44;1#2;30;
0519;145449022;1;0;130;1#2;30;
0519;145449023;1;0;97;1#2;30;
0519;145449024;1;0;285;1#2;30;
0519;145449025;1;0;10;1#2;30;
0519;145449026;1;0;10;1#2;30;
0519;145449027;1;0;5;1#2;30;
0519;145449028;1;0;7;1#2;30;
0519;145449029;1;0;2;1#2;30;
0519;145449030;1;0;2;1#2;30;
0519;145449031;1;0;8;1#2;30;
0519;145449032;1;0;8;1#2;30;
0519;145449033;1;0;3;1#2;30;
0519;145449034;1;0;5;1#2;30;
0519;145449035;1;0;3;1#2;30;
0519;145449036;1;0;3;1#2;30;
0519;145449037;1;0;4;1#2;30;
0519;145449038;1;0;10;1#2;30;
0519;145449039;1;0;15;1#2;30;
0519;145449040;1;0;5;1#2;30;
0519;145449041;1;0;7;1#2;30;
0519;145449042;1;0;7;1#2;30;
0519;145449043;1;0;7;1#2;30;
0519;145449044;1;0;6;1#2;30;
0519;145449045;1;0;5;1#2;30;
0519;145449046;1;0;17;1#2;30;
0519;145449047;1;0;3;1#2;30;
0519;145449048;1;0;70;1#2;30;
0519;145449049;1;0;33;1#2;30;
0519;145449050;1;0;214;1#2;30;
0519;145449051;1;0;61;1#2;30;
0519;145449052;1;0;98;1#2;30;
0519;145449053;1;0;90;1#2;30;
0519;145449054;1;0;432;1#2;30;
0519;145449055;1;0;30;1#2;30;
0519;145449056;1;0;35;1#2;30;
0519;145449057;1;0;555;1#2;30;
0519;145449058;1;0;41;1#2;30;
0519;145449059;1;0;83;1#2;30;
0519;145449060;1;0;142;1#2;30;
0519;145449061;1;0;36;1#2;30;
0519;145449062;1;0;64;1#2;30;
0519;145449063;1;0;433;1#2;30;
0519;145449064;1;0;12;1#2;30;
0519;145449065;1;0;1199;1#2;30;
0519;145449066;1;0;118;1#2;30;
0519;145449067;1;0;61;1#2;30;
0519;145449068;1;0;115;1#2;30;
0519;145449069;1;0;906;1#2;30;
0519;145449070;1;0;58;1#2;30;
0519;145449071;1;0;57;1#2;30;
0519;145449072;1;0;170;1#2;30;
0519;145449073;1;0;150;1#2;30;
0519;145449074;1;0;178;1#2;30;
0519;145449075;1;0;40;1#2;30;
0519;145449076;1;0;177;1#2;30;
0519;145449077;1;0;410;1#2;30;
0519;145449078;1;0;499;1#2;30;
0519;145449079;1;0;26;1#2;30;
0519;145449080;1;0;814;1#2;30;
0519;145449081;1;0;157;1#2;30;
0519;145449082;1;0;70;1#2;30;
0519;145449083;1;0;171;1#2;30;
0519;145449084;1;0;89;1#2;30;
0519;145449085;1;0;260;1#2;30;
0519;145449086;1;0;51;1#2;30;
0519;145449087;1;0;889;1#2;30;
0519;145449088;1;0;133;1#2;30;
0519;145449089;1;0;287;1#2;30;
0519;145449090;1;0;199;1#2;30;
0519;145449091;1;0;16;1#2;30;
0519;145449092;1;0;7;1#2;30;
0519;145449093;1;0;78;1#2;30;
0519;145449094;1;0;35;1#2;30;
0519;145449095;1;0;1668;1#2;30;
0519;145449096;1;0;156;1#2;30;
0519;145449097;1;0;159;1#2;30;
0519;145449098;1;0;68;1#2;30;
0519;145449099;1;0;274;1#2;30;
0519;145449100;1;0;229;1#2;30;
0519;145449101;1;0;30;1#2;30;
0519;145449102;1;0;428;1#2;30;
0519;145449103;1;0;155;1#2;30;
0519;145449104;1;0;1201;1#2;30;
0519;145449105;1;0;940;1#2;30;
0519;145449106;1;0;639;1#2;30;
0519;145449107;1;0;1515;1#2;30;
0519;145449108;1;0;1090;1#2;30;
0519;145449109;1;0;88;1#2;30;
0519;145449110;1;0;193;1#2;30;
0519;145449111;1;0;818;1#2;30;
0519;145449112;1;0;272;1#2;30;
0519;145449113;1;0;89;1#2;30;
0519;145449114;1;0;161;1#2;30;
0519;145449115;1;0;72;1#2;30;
0519;145449116;1;0;209;1#2;30;
0519;145449117;1;0;88;1#2;30;
0519;145449118;1;0;314;1#2;30;
0519;145449119;1;0;353;1#2;30;
0519;145449120;1;0;117;1#2;30;
0519;145449121;1;0;83;1#2;30;
0519;145449122;1;0;115;1#2;30;
0519;145449123;1;0;442;1#2;30;
0519;145449124;1;0;276;1#2;30;
0519;145449125;1;0;354;1#2;30;
0519;145449126;1;0;451;1#2;30;
0519;145449127;1;0;554;1#2;30;
0519;145449128;1;0;159;1#2;30;
0519;145449129;1;0;32;1#2;30;
0519;145449130;1;0;93;1#2;30;
0519;145449131;1;0;702;1#2;30;
0519;145449132;1;0;23;1#2;30;
0519;145449133;1;0;127;1#2;30;
0519;145449134;1;0;171;1#2;30;
0519;145449135;1;0;30;1#2;30;
0519;145449136;1;0;61;1#2;30;
0519;145449137;1;0;236;1#2;30;
0519;145449138;1;0;115;1#2;30;
0519;145449139;1;0;68;1#2;30;
0519;145449140;1;0;95;1#2;30;
0519;145449141;1;0;3679;1#2;30;
0519;145449142;1;0;3818;1#2;30;
0519;145449143;1;0;524;1#2;30;
0519;145449144;1;0;1286;1#2;30;
0519;145449145;1;0;45;1#2;30;
0519;145449146;1;0;442;1#2;30;
0519;145449147;1;0;311;1#2;30;
0519;145449148;1;0;3338;1#2;30;
0519;145449149;1;0;1105;1#2;30;
0519;145449150;1;0;406;1#2;30;
0519;145449151;1;0;1639;1#2;30;
0519;145449152;1;0;1021;1#2;30;
0519;145449153;1;0;463;1#2;30;
0519;145449154;1;0;1969;1#2;30;
0519;145449155;1;0;307;1#2;30;
0519;145449156;1;0;883;1#2;30;
0519;145449157;1;0;603;1#2;30;
0519;145449158;1;0;1778;1#2;30;
0519;145449159;1;0;1037;1#2;30;
0519;145449160;1;0;532;1#2;30;
0519;145449161;1;0;274;1#2;30;
0519;145449162;1;0;646;1#2;30;
0519;145449163;1;0;2264;1#2;30;
0519;145449164;1;0;1670;1#2;30;
0519;145449165;1;0;1773;1#2;30;
0519;145449166;1;0;974;1#2;30;
0519;145449167;1;0;329;1#2;30;
0519;145449168;1;0;410;1#2;30;
0519;145449169;1;0;2913;1#2;30;
0519;145449170;1;0;1188;1#2;30;
0519;145449171;1;0;326;1#2;30;
0519;145449172;1;0;1976;1#2;30;
0519;145449173;1;0;292;1#2;30;
0519;145449174;1;0;413;1#2;30;
0519;145449175;1;0;1786;1#2;30;
0519;145449176;1;0;208;1#2;30;
0519;145449177;1;0;1280;1#2;30;
0519;145449178;1;0;158;1#2;30;
0519;145449179;1;0;517;1#2;30;
0519;145449180;1;0;845;1#2;30;
0519;145449181;1;0;122;1#2;30;
0519;145449182;1;0;447;1#2;30;
0519;145449183;1;0;380;1#2;30;
0519;145449184;1;0;143;1#2;30;
0519;145449185;1;0;237;1#2;30;
0519;145449186;1;0;58;1#2;30;
0519;145449187;1;0;54;1#2;30;
0519;145449188;1;0;61;1#2;30;
0519;145449189;1;0;39;1#2;30;
0519;145449190;1;0;82;1#2;30;
0519;145449191;1;0;184;1#2;30;
0519;145449192;1;0;94;1#2;30;
0519;145449193;1;0;98;1#2;30;
0519;145449194;1;0;111;1#2;30;
0519;145449195;1;0;106;1#2;30;
0519;145449196;1;0;50;1#2;30;
0519;145449197;1;0;48;1#2;30;
0519;145449198;1;0;114;1#2;30;
0519;145449199;1;0;331;1#2;30;
0519;145449200;1;0;198;1#2;30;
0519;145449201;1;0;29;1#2;30;
0519;145449202;1;0;131;1#2;30;
0519;145449203;1;0;103;1#2;30;
0519;145449204;1;0;215;1#2;30;
0519;145449205;1;0;67;1#2;30;
0519;145449206;1;0;94;1#2;30;
0519;145449207;1;0;71;1#2;30;
0519;145449208;1;0;40;1#2;30;
0519;145449209;1;0;244;1#2;30;
0519;145449210;1;0;146;1#2;30;
0519;145449211;1;0;71;1#2;30;
0519;145449212;1;0;69;1#2;30;
0519;145449213;1;0;301;1#2;30;
0519;145449214;1;0;181;1#2;30;
0519;145449215;1;0;268;1#2;30;
0519;145449216;1;0;324;1#2;30;
0519;145449217;1;0;16;1#2;30;
0519;145449218;1;0;40;1#2;30;
0519;145449219;1;0;284;1#2;30;
0519;145449220;1;0;83;1#2;30;
0519;145449221;1;0;264;1#2;30;
0519;145449222;1;0;77;1#2;30;
0519;145449223;1;0;70;1#2;30;
0519;145449224;1;0;185;1#2;30;
0519;145449225;1;0;222;1#2;30;
0519;145449226;1;0;184;1#2;30;
0519;145449227;1;0;66;1#2;30;
0519;145449228;1;0;69;1#2;30;
0519;145449229;1;0;75;1#2;30;
0519;145449230;1;0;211;1#2;30;
0519;145449231;1;0;381;1#2;30;
0519;145449232;1;0;31;1#2;30;
0519;145449233;1;0;144;1#2;30;
0519;145449234;1;0;174;1#2;30;
0519;145449235;1;0;77;1#2;30;
0519;145449236;1;0;71;1#2;30;
0519;145449237;1;0;206;1#2;30;
0519;145449238;1;0;19;1#2;30;
0519;145449239;1;0;54;1#2;30;
0519;145449240;1;0;46;1#2;30;
0519;145449241;1;0;18;1#2;30;
0519;145449242;1;0;50;1#2;30;
0519;145449243;1;0;184;1#2;30;
0519;145449244;1;0;308;1#2;30;
0519;145449245;1;0;217;1#2;30;
0519;145449246;1;0;49;1#2;30;
0519;145449247;1;0;95;1#2;30;
0519;145449248;1;0;35;1#2;30;
0519;145449249;1;0;245;1#2;30;
0519;145449250;1;0;34;1#2;30;
0519;145449251;1;0;92;1#2;30;
0519;145449252;1;0;411;1#2;30;
0519;145449253;1;0;19;1#2;30;
0519;145449254;1;0;33;1#2;30;
0519;145449255;1;0;116;1#2;30;
0519;145449256;1;0;67;1#2;30;
0519;145449257;1;0;239;1#2;30;
0519;145449258;1;0;103;1#2;30;
0519;145449259;1;0;101;1#2;30;
0519;145449260;1;0;105;1#2;30;
0519;145449261;1;0;41;1#2;30;
0519;145449262;1;0;86;1#2;30;
0519;145449263;1;0;18;1#2;30;
0519;145449264;1;0;126;1#2;30;
0519;145449265;1;0;150;1#2;30;
0519;145449266;1;0;48;1#2;30;
0519;145449267;1;0;105;1#2;30;
0519;145449268;1;0;279;1#2;30;
0519;145449269;1;0;518;1#2;30;
0519;145449270;1;0;89;1#2;30;
0519;145449271;1;0;146;1#2;30;
0519;145449272;1;0;387;1#2;30;
0519;145449273;1;0;420;1#2;30;
0519;145449274;1;0;157;1#2;30;
0519;145449275;1;0;56;1#2;30;
0519;145449276;1;0;239;1#2;30;
0519;145449277;1;0;348;1#2;30;
0519;145449278;1;0;70;1#2;30;
0519;145449279;1;0;274;1#2;30;
0519;167588807;1;0;123;1#2;30;
0519;234092767;1;0;49;1#2;30;
0519;234092768;1;0;12;1#2;30;
0519;145449281;1;0;441;1#2;30;
0519;145449282;1;0;157;1#2;30;
0519;145449283;1;0;49;1#2;30;
0519;145449284;1;0;80;1#2;30;
0519;145449285;1;0;83;1#2;30;
0519;145449286;1;0;324;1#2;30;
0519;145449287;1;0;233;1#2;30;
0519;145449288;1;0;153;1#2;30;
0519;145449289;1;0;30;1#2;30;
0519;145449290;1;0;102;1#2;30;
0519;145449291;1;0;33;1#2;30;
0519;145449292;1;0;186;1#2;30;
0519;145449293;1;0;48;1#2;30;
0519;145449294;1;0;348;1#2;30;
0519;145449295;1;0;35;1#2;30;
0519;145449296;1;0;21;1#2;30;
0519;145449297;1;0;40;1#2;30;
0519;145449298;1;0;193;1#2;30;
0519;145449299;1;0;102;1#2;30;
0519;145449300;1;0;59;1#2;30;
0519;145449301;1;0;92;1#2;30;
0519;145449302;1;0;82;1#2;30;
0519;145449303;1;0;21;1#2;30;
0519;145449304;1;0;28;1#2;30;
0519;145449305;1;0;45;1#2;30;
0519;145449306;1;0;19;1#2;30;
0519;145449307;1;0;244;1#2;30;
0519;145449308;1;0;508;1#2;30;
0519;145449309;1;0;49;1#2;30;
0519;145449310;1;0;121;1#2;30;
0519;145449311;1;0;112;1#2;30;
0519;145449312;1;0;100;1#2;30;
0519;145449313;1;0;83;1#2;30;
0519;145449314;1;0;158;1#2;30;
0519;145449315;1;0;99;1#2;30;
0519;145449316;1;0;46;1#2;30;
0519;145449317;1;0;165;1#2;30;
0519;145449318;1;0;65;1#2;30;
0519;145449319;1;0;19;1#2;30;
0519;145449320;1;0;17;1#2;30;
0519;145449321;1;0;713;1#2;30;
0519;145449322;1;0;189;1#2;30;
0519;145449323;1;0;21;1#2;30;
0519;145449324;1;0;106;1#2;30;
0519;145449325;1;0;11;1#2;30;
0519;145449326;1;0;48;1#2;30;
0519;145449327;1;0;166;1#2;30;
0519;145449328;1;0;207;1#2;30;
0519;145449329;1;0;345;1#2;30;
0519;145449330;1;0;43;1#2;30;
0519;145449331;1;0;412;1#2;30;
0519;145449332;1;0;197;1#2;30;
0519;145449333;1;0;325;1#2;30;
0519;145449334;1;0;461;1#2;30;
0519;145449335;1;0;263;1#2;30;
0519;145449336;1;0;37;1#2;30;
0519;145449337;1;0;16;1#2;30;
0519;145449338;1;0;48;1#2;30;
0519;145449339;1;0;447;1#2;30;
0519;145449340;1;0;81;1#2;30;
0519;145449341;1;0;18;1#2;30;
0519;145449342;1;0;518;1#2;30;
0519;145449343;1;0;407;1#2;30;
0519;145449344;1;0;165;1#2;30;
0519;145449345;1;0;430;1#2;30;
0519;145449346;1;0;24;1#2;30;
0519;145449347;1;0;217;1#2;30;
0519;145449348;1;0;302;1#2;30;
0519;145449349;1;0;107;1#2;30;
0519;145449350;1;0;24;1#2;30;
0519;145449351;1;0;56;1#2;30;
0519;145449352;1;0;228;1#2;30;
0519;145449353;1;0;51;1#2;30;
0519;145449354;1;0;48;1#2;30;
0519;145449355;1;0;15;1#2;30;
0519;145449356;1;0;292;1#2;30;
0519;145449357;1;0;186;1#2;30;
0519;145449358;1;0;215;1#2;30;
0519;145449359;1;0;205;1#2;30;
0519;145449360;1;0;28;1#2;30;
0519;145449361;1;0;192;1#2;30;
0519;145449362;1;0;14;1#2;30;
0519;145449363;1;0;93;1#2;30;
0519;145449364;1;0;154;1#2;30;
0519;145449365;1;0;180;1#2;30;
0519;145449366;1;0;79;1#2;30;
0519;145449367;1;0;217;1#2;30;
0519;145449368;1;0;30;1#2;30;
0519;145449369;1;0;113;1#2;30;
0519;145449370;1;0;94;1#2;30;
0519;145449371;1;0;116;1#2;30;
0519;145449372;1;0;165;1#2;30;
0519;145449373;1;0;220;1#2;30;
0519;145449374;1;0;537;1#2;30;
0519;145449375;1;0;132;1#2;30;
0519;145449376;1;0;100;1#2;30;
0519;145449377;1;0;55;1#2;30;
0519;145449378;1;0;118;1#2;30;
0519;145449379;1;0;107;1#2;30;
0519;145449380;1;0;86;1#2;30;
0519;145449381;1;0;67;1#2;30;
0519;145449382;1;0;118;1#2;30;
0519;145449383;1;0;128;1#2;30;
0519;145449384;1;0;28;1#2;30;
0519;145449385;1;0;12;1#2;30;
0519;145449386;1;0;303;1#2;30;
0519;145449387;1;0;83;1#2;30;
0519;145449388;1;0;199;1#2;30;
0519;145449389;1;0;95;1#2;30;
0519;145449390;1;0;93;1#2;30;
0519;145449391;1;0;179;1#2;30;
0519;145449392;1;0;94;1#2;30;
0519;145449393;1;0;80;1#2;30;
0519;145449394;1;0;21;1#2;30;
0519;145449395;1;0;155;1#2;30;
0519;145449396;1;0;39;1#2;30;
0519;145449397;1;0;232;1#2;30;
0519;145449398;1;0;29;1#2;30;
0519;145449399;1;0;102;1#2;30;
0519;145449400;1;0;96;1#2;30;
0519;145449401;1;0;140;1#2;30;
0519;145449402;1;0;276;1#2;30;
0519;145449403;1;0;52;1#2;30;
0519;145449404;1;0;263;1#2;30;
0519;145449405;1;0;70;1#2;30;
0519;145449406;1;0;133;1#2;30;
0519;145449407;1;0;35;1#2;30;
0519;145449408;1;0;22;1#2;30;
0519;145449409;1;0;201;1#2;30;
0519;145449410;1;0;36;1#2;30;
0519;145449411;1;0;61;1#2;30;
0519;145449412;1;0;231;1#2;30;
0519;145449413;1;0;34;1#2;30;
0519;145449414;1;0;91;1#2;30;
0519;145449415;1;0;133;1#2;30;
0519;145449416;1;0;48;1#2;30;
0519;145449417;1;0;160;1#2;30;
0519;145449418;1;0;101;1#2;30;
0519;145449419;1;0;60;1#2;30;
0519;145449420;1;0;73;1#2;30;
0519;145449421;1;0;54;1#2;30;
0519;145449422;1;0;16;1#2;30;
0519;145449423;1;0;16;1#2;30;
0519;145449424;1;0;19;1#2;30;
0519;145449425;1;0;11;1#2;30;
0519;145449426;1;0;23;1#2;30;
0519;145449427;1;0;125;1#2;30;
0519;145449428;1;0;28;1#2;30;
0519;145449429;1;0;273;1#2;30;
0519;145449430;1;0;25;1#2;30;
0519;145449431;1;0;205;1#2;30;
0519;145449432;1;0;10;1#2;30;
0519;145449433;1;0;353;1#2;30;
0519;145449434;1;0;6;1#2;30;
0519;145449435;1;0;27;1#2;30;
0519;145449436;1;0;118;1#2;30;
0519;145449437;1;0;198;1#2;30;
0519;145449438;1;0;45;1#2;30;
0519;145449439;1;0;45;1#2;30;
0519;145449440;1;0;91;1#2;30;
0519;145449441;1;0;29;1#2;30;
0519;145449442;1;0;18;1#2;30;
0519;145449443;1;0;42;1#2;30;
0519;145449444;1;0;143;1#2;30;
0519;145449445;1;0;117;1#2;30;
0519;145449446;1;0;57;1#2;30;
0519;145449447;1;0;141;1#2;30;
0519;145449448;1;0;27;1#2;30;
0519;145449449;1;0;195;1#2;30;
0519;145449450;1;0;88;1#2;30;
0519;145449451;1;0;250;1#2;30;
0519;145449452;1;0;82;1#2;30;
0519;145449453;1;0;180;1#2;30;
0519;145449454;1;0;120;1#2;30;
0519;145449455;1;0;101;1#2;30;
0519;145449456;1;0;150;1#2;30;
0519;145449457;1;0;23;1#2;30;
0519;145449458;1;0;545;1#2;30;
0519;145449459;1;0;172;1#2;30;
0519;145449460;1;0;86;1#2;30;
0519;145449461;1;0;304;1#2;30;
0519;145449462;1;0;207;1#2;30;
0519;145449463;1;0;49;1#2;30;
0519;145449464;1;0;474;1#2;30;
0519;145449465;1;0;125;1#2;30;
0519;145449466;1;0;129;1#2;30;
0519;145449467;1;0;155;1#2;30;
0519;145449468;1;0;283;1#2;30;
0519;145449469;1;0;33;1#2;30;
0519;145449470;1;0;350;1#2;30;
0519;145449471;1;0;213;1#2;30;
0519;145449472;1;0;277;1#2;30;
0519;145449473;1;0;177;1#2;30;
0519;145449474;1;0;49;1#2;30;
0519;145449475;1;0;215;1#2;30;
0519;145449476;1;0;252;1#2;30;
0519;145449477;1;0;72;1#2;30;
0519;145449478;1;0;51;1#2;30;
0519;145449479;1;0;174;1#2;30;
0519;145449480;1;0;197;1#2;30;
0519;145449481;1;0;234;1#2;30;
0519;145449482;1;0;16;1#2;30;
0519;145449483;1;0;29;1#2;30;
0519;145449484;1;0;10;1#2;30;
0519;145449485;1;0;79;1#2;30;
0519;145449486;1;0;225;1#2;30;
0519;145449487;1;0;733;1#2;30;
0519;145449488;1;0;580;1#2;30;
0519;145449489;1;0;449;1#2;30;
0519;145449490;1;0;74;1#2;30;
0519;145449491;1;0;489;1#2;30;
0519;145449492;1;0;29;1#2;30;
0519;145449493;1;0;137;1#2;30;
0519;145449494;1;0;235;1#2;30;
0519;145449495;1;0;448;1#2;30;
0519;145449496;1;0;421;1#2;30;
0519;145449497;1;0;87;1#2;30;
0519;145449498;1;0;378;1#2;30;
0519;145449499;1;0;261;1#2;30;
0519;145449500;1;0;374;1#2;30;
0519;145449501;1;0;276;1#2;30;
0519;145449502;1;0;313;1#2;30;
0519;145449503;1;0;196;1#2;30;
0519;145449504;1;0;62;1#2;30;
0519;145449505;1;0;52;1#2;30;
0519;145449506;1;0;510;1#2;30;
0519;145449507;1;0;102;1#2;30;
0519;145449508;1;0;235;1#2;30;
0519;145449509;1;0;314;1#2;30;
0519;145449510;1;0;174;1#2;30;
0519;145449511;1;0;242;1#2;30;
0519;145449512;1;0;48;1#2;30;
0519;145449513;1;0;187;1#2;30;
0519;145449514;1;0;200;1#2;30;
0519;145449515;1;0;100;1#2;30;
0519;145449516;1;0;101;1#2;30;
0519;145449517;1;0;56;1#2;30;
0519;145449518;1;0;229;1#2;30;
0519;145449519;1;0;44;1#2;30;
0519;145449520;1;0;192;1#2;30;
0519;145449521;1;0;495;1#2;30;
0519;145449522;1;0;12;1#2;30;
0519;145449523;1;0;23;1#2;30;
0519;145449524;1;0;52;1#2;30;
0519;145449525;1;0;384;1#2;30;
0519;145449526;1;0;251;1#2;30;
0519;145449527;1;0;131;1#2;30;
0519;145449528;1;0;692;1#2;30;
0519;145449529;1;0;266;1#2;30;
0519;145449530;1;0;102;1#2;30;
0519;145449531;1;0;125;1#2;30;
0519;145449532;1;0;188;1#2;30;
0519;145449533;1;0;20;1#2;30;
0519;145449534;1;0;17;1#2;30;
0519;145449535;1;0;630;1#2;30;
0519;145449536;1;0;82;1#2;30;
0519;145449537;1;0;96;1#2;30;
0519;145449538;1;0;58;1#2;30;
0519;145449539;1;0;448;1#2;30;
0519;145449540;1;0;95;1#2;30;
0519;145449541;1;0;256;1#2;30;
0519;145449542;1;0;186;1#2;30;
0519;145449543;1;0;85;1#2;30;
0519;145449544;1;0;26;1#2;30;
0519;145449545;1;0;89;1#2;30;
0519;145449546;1;0;298;1#2;30;
0519;145449547;1;0;256;1#2;30;
0519;145449548;1;0;228;1#2;30;
0519;145449549;1;0;221;1#2;30;
0519;145449550;1;0;222;1#2;30;
0519;145449551;1;0;435;1#2;30;
0519;145449552;1;0;55;1#2;30;
0519;145449553;1;0;598;1#2;30;
0519;145449554;1;0;60;1#2;30;
0519;145449555;1;0;71;1#2;30;
0519;145449556;1;0;129;1#2;30;
0519;145449557;1;0;212;1#2;30;
0519;145449558;1;0;443;1#2;30;
0519;145449559;1;0;228;1#2;30;
0519;145449560;1;0;278;1#2;30;
0519;145449561;1;0;26;1#2;30;
0519;145449562;1;0;123;1#2;30;
0519;145449563;1;0;121;1#2;30;
0519;145449564;1;0;50;1#2;30;
0519;145449565;1;0;51;1#2;30;
0519;145449566;1;0;165;1#2;30;
0519;145449567;1;0;77;1#2;30;
0519;145449568;1;0;233;1#2;30;
0519;145449569;1;0;192;1#2;30;
0519;145449570;1;0;23;1#2;30;
0519;145449571;1;0;63;1#2;30;
0519;145449572;1;0;325;1#2;30;
0519;145449573;1;0;48;1#2;30;
0519;145449574;1;0;96;1#2;30;
0519;145449575;1;0;249;1#2;30;
0519;145449576;1;0;103;1#2;30;
0519;145449577;1;0;37;1#2;30;
0519;145449578;1;0;103;1#2;30;
0519;145449579;1;0;66;1#2;30;
0519;145449580;1;0;339;1#2;30;
0519;145449581;1;0;272;1#2;30;
0519;145449582;1;0;197;1#2;30;
0519;145449583;1;0;118;1#2;30;
0519;145449584;1;0;107;1#2;30;
0519;145449585;1;0;163;1#2;30;
0519;145449586;1;0;66;1#2;30;
0519;145449587;1;0;130;1#2;30;
0519;145449588;1;0;198;1#2;30;
0519;145449589;1;0;15;1#2;30;
0519;145449590;1;0;143;1#2;30;
0519;145449591;1;0;623;1#2;30;
0519;234092769;1;0;55;1#2;30;
0519;145449593;1;0;97;1#2;30;
0519;145449594;1;0;36;1#2;30;
0519;145449595;1;0;160;1#2;30;
0519;145449596;1;0;29;1#2;30;
0519;145449597;1;0;90;1#2;30;
0519;234092770;1;0;108;1#2;30;
0519;145449599;1;0;36;1#2;30;
0519;145449600;1;0;209;1#2;30;
0519;145449601;1;0;72;1#2;30;
0519;145449602;1;0;37;1#2;30;
0519;145449603;1;0;71;1#2;30;
0519;145449604;1;0;403;1#2;30;
0519;145449605;1;0;55;1#2;30;
0519;145449606;1;0;29;1#2;30;
0519;145449607;1;0;131;1#2;30;
0519;234092771;1;0;379;1#2;30;
0519;145449609;1;0;152;1#2;30;
0519;145449610;1;0;86;1#2;30;
0519;145449611;1;0;811;1#2;30;
0519;145449612;1;0;47;1#2;30;
0519;145449613;1;0;7;1#2;30;
0519;145449614;1;0;263;1#2;30;
0519;145449615;1;0;34;1#2;30;
0519;145449616;1;0;30;1#2;30;
0519;145449617;1;0;223;1#2;30;
0519;145449618;1;0;28;1#2;30;
0519;145449619;1;0;24;1#2;30;
0519;145449620;1;0;43;1#2;30;
0519;145449621;1;0;36;1#2;30;
0519;145449622;1;0;46;1#2;30;
0519;145449623;1;0;53;1#2;30;
0519;145449624;1;0;174;1#2;30;
0519;145449625;1;0;28;1#2;30;
0519;145449626;1;0;93;1#2;30;
0519;145449627;1;0;87;1#2;30;
0519;145449628;1;0;11;1#2;30;
0519;145449629;1;0;101;1#2;30;
0519;145449630;1;0;21;1#2;30;
0519;145449631;1;0;6;1#2;30;
0519;145449632;1;0;55;1#2;30;
0519;145449633;1;0;768;1#2;30;
0519;145449634;1;0;129;1#2;30;
0519;145449635;1;0;219;1#2;30;
0519;145449636;1;0;214;1#2;30;
0519;145449637;1;0;537;1#2;30;
0519;145449638;1;0;36;1#2;30;
0519;145449639;1;0;27;1#2;30;
0519;145449640;1;0;252;1#2;30;
0519;145449641;1;0;75;1#2;30;
0519;145449642;1;0;38;1#2;30;
0519;145449643;1;0;45;1#2;30;
0519;145449644;1;0;117;1#2;30;
0519;145449645;1;0;7;1#2;30;
0519;145449646;1;0;8;1#2;30;
0519;145449647;1;0;14;1#2;30;
0519;145449648;1;0;15;1#2;30;
0519;145449649;1;0;8;1#2;30;
0519;145449650;1;0;18;1#2;30;
0519;145449651;1;0;100;1#2;30;
0519;145449652;1;0;140;1#2;30;
0519;145449653;1;0;288;1#2;30;
0519;145449654;1;0;1240;1#2;30;
0519;145449655;1;0;285;1#2;30;
0519;145449656;1;0;35;1#2;30;
0519;145449657;1;0;57;1#2;30;
0519;145449658;1;0;57;1#2;30;
0519;145449659;1;0;367;1#2;30;
0519;145449660;1;0;143;1#2;30;
0519;145449661;1;0;56;1#2;30;
0519;145449662;1;0;328;1#2;30;
0519;145449663;1;0;77;1#2;30;
0519;145449664;1;0;61;1#2;30;
0519;145449665;1;0;68;1#2;30;
0519;145449666;1;0;136;1#2;30;
0519;145449667;1;0;85;1#2;30;
0519;145449668;1;0;61;1#2;30;
0519;145449669;1;0;58;1#2;30;
0519;145449670;1;0;32;1#2;30;
0519;145449671;1;0;149;1#2;30;
0519;145449672;1;0;933;1#2;30;
0519;145449673;1;0;43;1#2;30;
0519;145449674;1;0;108;1#2;30;
0519;145449675;1;0;145;1#2;30;
0519;145449676;1;0;125;1#2;30;
0519;145449677;1;0;21;1#2;30;
0519;145449678;1;0;8;1#2;30;
0519;145449679;1;0;54;1#2;30;
0519;145449680;1;0;33;1#2;30;
0519;145449681;1;0;140;1#2;30;
0519;145449682;1;0;6;1#2;30;
0519;145449683;1;0;124;1#2;30;
0519;145449684;1;0;95;1#2;30;
0519;145449685;1;0;17;1#2;30;
0519;145449686;1;0;46;1#2;30;
0519;145449687;1;0;9;1#2;30;
0519;145449688;1;0;400;1#2;30;
0519;145449689;1;0;1089;1#2;30;
0519;145449690;1;0;484;1#2;30;
0519;145449691;1;0;1247;1#2;30;
0519;145449692;1;0;662;1#2;30;
0519;145449693;1;0;545;1#2;30;
0519;145449694;1;0;28;1#2;30;
0519;145449695;1;0;81;1#2;30;
0519;145449696;1;0;347;1#2;30;
0519;145449697;1;0;169;1#2;30;
0519;145449698;1;0;444;1#2;30;
0519;145449699;1;0;298;1#2;30;
0519;145449700;1;0;974;1#2;30;
0519;145449701;1;0;477;1#2;30;
0519;145449702;1;0;533;1#2;30;
0519;145449703;1;0;1163;1#2;30;
0519;145449704;1;0;81;1#2;30;
0519;145449705;1;0;108;1#2;30;
0519;145449706;1;0;415;1#2;30;
0519;145449707;1;0;549;1#2;30;
0519;145449708;1;0;81;1#2;30;
0519;145449709;1;0;47;1#2;30;
0519;145449710;1;0;58;1#2;30;
0519;145449711;1;0;295;1#2;30;
0519;145449712;1;0;54;1#2;30;
0519;145449713;1;0;44;1#2;30;
0519;145449714;1;0;57;1#2;30;
0519;145449715;1;0;61;1#2;30;
0519;145449716;1;0;401;1#2;30;
0519;145449717;1;0;272;1#2;30;
0519;145449718;1;0;888;1#2;30;
0519;145449719;1;0;317;1#2;30;
0519;145449720;1;0;90;1#2;30;
0519;145449721;1;0;508;1#2;30;
0519;145449722;1;0;45;1#2;30;
0519;145449723;1;0;167;1#2;30;
0519;145449724;1;0;55;1#2;30;
0519;145449725;1;0;48;1#2;30;
0519;145449726;1;0;35;1#2;30;
0519;145449727;1;0;111;1#2;30;
0519;145449728;1;0;88;1#2;30;
0519;145449729;1;0;66;1#2;30;
0519;145449730;1;0;37;1#2;30;
0519;145449731;1;0;38;1#2;30;
0519;145449732;1;0;43;1#2;30;
0519;145449733;1;0;51;1#2;30;
0519;145449734;1;0;85;1#2;30;
0519;145449735;1;0;92;1#2;30;
0519;145449736;1;0;148;1#2;30;
0519;145449737;1;0;47;1#2;30;
0519;145449738;1;0;107;1#2;30;
0519;145449739;1;0;231;1#2;30;
0519;145449740;1;0;79;1#2;30;
0519;145449741;1;0;187;1#2;30;
0519;145449742;1;0;93;1#2;30;
0519;145449743;1;0;100;1#2;30;
0519;145449744;1;0;147;1#2;30;
0519;145449745;1;0;60;1#2;30;
0519;145449746;1;0;81;1#2;30;
0519;145449747;1;0;61;1#2;30;
0519;145449748;1;0;203;1#2;30;
0519;145449749;1;0;49;1#2;30;
0519;145449750;1;0;100;1#2;30;
0519;145449751;1;0;240;1#2;30;
0519;145449752;1;0;126;1#2;30;
0519;145449753;1;0;578;1#2;30;
0519;145449754;1;0;344;1#2;30;
0519;145449755;1;0;65;1#2;30;
0519;145449756;1;0;50;1#2;30;
0519;145449757;1;0;107;1#2;30;
0519;145449758;1;0;51;1#2;30;
0519;145449759;1;0;28;1#2;30;
0519;145449760;1;0;319;1#2;30;
0519;145449761;1;0;1144;1#2;30;
0519;145449762;1;0;657;1#2;30;
0519;145449763;1;0;266;1#2;30;
0519;145449764;1;0;398;1#2;30;
0519;145449765;1;0;244;1#2;30;
0519;145449766;1;0;79;1#2;30;
0519;145449767;1;0;71;1#2;30;
0519;145449768;1;0;161;1#2;30;
0519;145449769;1;0;125;1#2;30;
0519;145449770;1;0;145;1#2;30;
0519;145449771;1;0;66;1#2;30;
0519;145449772;1;0;104;1#2;30;
0519;145449773;1;0;432;1#2;30;
0519;145449774;1;0;390;1#2;30;
0519;145449775;1;0;137;1#2;30;
0519;145449776;1;0;157;1#2;30;
0519;145449777;1;0;168;1#2;30;
0519;145449778;1;0;413;1#2;30;
0519;145449779;1;0;401;1#2;30;
0519;145449780;1;0;95;1#2;30;
0519;145449781;1;0;269;1#2;30;
0519;145449782;1;0;344;1#2;30;
0519;145449783;1;0;196;1#2;30;
0519;145449784;1;0;596;1#2;30;
0519;145449785;1;0;747;1#2;30;
0519;145449786;1;0;73;1#2;30;
0519;145449787;1;0;67;1#2;30;
0519;145449788;1;0;78;1#2;30;
0519;145449789;1;0;132;1#2;30;
0519;145449790;1;0;40;1#2;30;
0519;145449791;1;0;61;1#2;30;
0519;145449792;1;0;93;1#2;30;
0519;145449793;1;0;88;1#2;30;
0519;145449794;1;0;186;1#2;30;
0519;145449795;1;0;114;1#2;30;
0519;145449796;1;0;130;1#2;30;
0519;145449797;1;0;35;1#2;30;
0519;145449798;1;0;162;1#2;30;
0519;145449799;1;0;102;1#2;30;
0519;145449800;1;0;281;1#2;30;
0519;145449801;1;0;118;1#2;30;
0519;145449802;1;0;100;1#2;30;
0519;145449803;1;0;115;1#2;30;
0519;145449804;1;0;64;1#2;30;
0519;145449805;1;0;250;1#2;30;
0519;145449806;1;0;60;1#2;30;
0519;145449807;1;0;113;1#2;30;
0519;145449808;1;0;34;1#2;30;
0519;145449809;1;0;157;1#2;30;
0519;145449810;1;0;176;1#2;30;
0519;145449811;1;0;1044;1#2;30;
0519;145449812;1;0;171;1#2;30;
0519;145449813;1;0;72;1#2;30;
0519;145449814;1;0;91;1#2;30;
0519;145449815;1;0;90;1#2;30;
0519;145449816;1;0;229;1#2;30;
0519;145449817;1;0;113;1#2;30;
0519;145449818;1;0;1008;1#2;30;
0519;145449819;1;0;630;1#2;30;
0519;145449820;1;0;539;1#2;30;
0519;145449821;1;0;1334;1#2;30;
0519;145449822;1;0;82;1#2;30;
0519;145449823;1;0;112;1#2;30;
0519;145449824;1;0;146;1#2;30;
0519;145449825;1;0;54;1#2;30;
0519;145449826;1;0;1138;1#2;30;
0519;145449827;1;0;131;1#2;30;
0519;145449828;1;0;764;1#2;30;
0519;145449829;1;0;898;1#2;30;
0519;145449830;1;0;192;1#2;30;
0519;145449831;1;0;391;1#2;30;
0519;145449832;1;0;124;1#2;30;
0519;145449833;1;0;165;1#2;30;
0519;145449834;1;0;208;1#2;30;
0519;145449835;1;0;144;1#2;30;
0519;145449836;1;0;61;1#2;30;
0519;145449837;1;0;43;1#2;30;
0519;145449838;1;0;77;1#2;30;
0519;145449839;1;0;143;1#2;30;
0519;145449840;1;0;113;1#2;30;
0519;145449841;1;0;289;1#2;30;
0519;145449842;1;0;94;1#2;30;
0519;145449843;1;0;140;1#2;30;
0519;145449844;1;0;181;1#2;30;
0519;145449845;1;0;83;1#2;30;
0519;145449846;1;0;456;1#2;30;
0519;145449847;1;0;121;1#2;30;
0519;145449848;1;0;87;1#2;30;
0519;145449849;1;0;199;1#2;30;
0519;145449850;1;0;748;1#2;30;
0519;145449851;1;0;52;1#2;30;
0519;145449852;1;0;36;1#2;30;
0519;145449853;1;0;74;1#2;30;
0519;145449854;1;0;79;1#2;30;
0519;145449855;1;0;59;1#2;30;
0519;145449856;1;0;43;1#2;30;
0519;145449857;1;0;58;1#2;30;
0519;145449858;1;0;93;1#2;30;
0519;145449859;1;0;470;1#2;30;
0519;145449860;1;0;162;1#2;30;
0519;145449861;1;0;273;1#2;30;
0519;145449862;1;0;56;1#2;30;
0519;145449863;1;0;324;1#2;30;
0519;145449864;1;0;410;1#2;30;
0519;145449865;1;0;308;1#2;30;
0519;145449866;1;0;221;1#2;30;
0519;145449867;1;0;49;1#2;30;
0519;145449868;1;0;223;1#2;30;
0519;145449869;1;0;334;1#2;30;
0519;145449870;1;0;524;1#2;30;
0519;145449871;1;0;136;1#2;30;
0519;145449872;1;0;1093;1#2;30;
0519;145449873;1;0;337;1#2;30;
0519;145449874;1;0;287;1#2;30;
0519;145449875;1;0;115;1#2;30;
0519;145449876;1;0;179;1#2;30;
0519;145449877;1;0;59;1#2;30;
0519;145449878;1;0;138;1#2;30;
0519;145449879;1;0;52;1#2;30;
0519;145449880;1;0;63;1#2;30;
0519;145449881;1;0;26;1#2;30;
0519;145449882;1;0;42;1#2;30;
0519;145449883;1;0;126;1#2;30;
0519;145449884;1;0;66;1#2;30;
0519;145449885;1;0;48;1#2;30;
0519;145449886;1;0;192;1#2;30;
0519;145449887;1;0;46;1#2;30;
0519;145449888;1;0;125;1#2;30;
0519;145449889;1;0;147;1#2;30;
0519;145449890;1;0;195;1#2;30;
0519;145449891;1;0;418;1#2;30;
0519;145449892;1;0;56;1#2;30;
0519;145449893;1;0;468;1#2;30;
0519;145449894;1;0;76;1#2;30;
0519;145449895;1;0;456;1#2;30;
0519;145449896;1;0;98;1#2;30;
0519;145449897;1;0;42;1#2;30;
0519;145449898;1;0;124;1#2;30;
0519;145449899;1;0;375;1#2;30;
0519;145449900;1;0;52;1#2;30;
0519;145449901;1;0;94;1#2;30;
0519;145449902;1;0;212;1#2;30;
0519;145449903;1;0;251;1#2;30;
0519;145449904;1;0;133;1#2;30;
0519;145449905;1;0;58;1#2;30;
0519;145449906;1;0;149;1#2;30;
0519;145449907;1;0;59;1#2;30;
0519;145449908;1;0;81;1#2;30;
0519;145449909;1;0;249;1#2;30;
0519;145449910;1;0;92;1#2;30;
0519;145449911;1;0;78;1#2;30;
0519;145449912;1;0;115;1#2;30;
0519;145449913;1;0;310;1#2;30;
0519;145449914;1;0;21;1#2;30;
0519;145449915;1;0;143;1#2;30;
0519;145449916;1;0;52;1#2;30;
0519;145449917;1;0;66;1#2;30;
0519;145449918;1;0;212;1#2;30;
0519;145449919;1;0;358;1#2;30;
0519;145449920;1;0;558;1#2;30;
0519;145449921;1;0;694;1#2;30;
0519;145449922;1;0;39;1#2;30;
0519;145449923;1;0;122;1#2;30;
0519;145449924;1;0;64;1#2;30;
0519;145449925;1;0;73;1#2;30;
0519;145449926;1;0;221;1#2;30;
0519;145449927;1;0;159;1#2;30;
0519;145449928;1;0;73;1#2;30;
0519;145449929;1;0;181;1#2;30;
0519;145449930;1;0;87;1#2;30;
0519;145449931;1;0;97;1#2;30;
0519;145449932;1;0;119;1#2;30;
0519;145449933;1;0;449;1#2;30;
0519;145449934;1;0;70;1#2;30;
0519;145449935;1;0;91;1#2;30;
0519;145449936;1;0;106;1#2;30;
0519;145449937;1;0;277;1#2;30;
0519;145449938;1;0;241;1#2;30;
0519;145449939;1;0;321;1#2;30;
0519;145449940;1;0;524;1#2;30;
0519;145449941;1;0;316;1#2;30;
0519;145449942;1;0;64;1#2;30;
0519;145449943;1;0;51;1#2;30;
0519;145449944;1;0;56;1#2;30;
0519;145449945;1;0;80;1#2;30;
0519;145449946;1;0;23;1#2;30;
0519;145449947;1;0;125;1#2;30;
0519;145449948;1;0;347;1#2;30;
0519;145449949;1;0;185;1#2;30;
0519;145449950;1;0;55;1#2;30;
0519;145449951;1;0;51;1#2;30;
0519;145449952;1;0;78;1#2;30;
0519;145449953;1;0;85;1#2;30;
0519;145449954;1;0;361;1#2;30;
0519;145449955;1;0;373;1#2;30;
0519;145449956;1;0;128;1#2;30;
0519;145449957;1;0;45;1#2;30;
0519;145449958;1;0;292;1#2;30;
0519;145449959;1;0;215;1#2;30;
0519;145449960;1;0;55;1#2;30;
0519;145449961;1;0;56;1#2;30;
0519;145449962;1;0;167;1#2;30;
0519;145449963;1;0;885;1#2;30;
0519;145449964;1;0;93;1#2;30;
0519;145449965;1;0;21;1#2;30;
0519;145449966;1;0;75;1#2;30;
0519;145449967;1;0;126;1#2;30;
0519;145449968;1;0;49;1#2;30;
0519;145449969;1;0;153;1#2;30;
0519;145449970;1;0;201;1#2;30;
0519;145449971;1;0;70;1#2;30;
0519;145449972;1;0;756;1#2;30;
0519;145449973;1;0;249;1#2;30;
0519;145449974;1;0;44;1#2;30;
0519;145449975;1;0;362;1#2;30;
0519;145449976;1;0;183;1#2;30;
0519;145449977;1;0;73;1#2;30;
0519;145449978;1;0;109;1#2;30;
0519;145449979;1;0;72;1#2;30;
0519;145449980;1;0;79;1#2;30;
0519;145449981;1;0;58;1#2;30;
0519;145449982;1;0;69;1#2;30;
0519;145449983;1;0;163;1#2;30;
0519;145449984;1;0;198;1#2;30;
0519;145449985;1;0;53;1#2;30;
0519;145449986;1;0;529;1#2;30;
0519;145449987;1;0;351;1#2;30;
0519;145449988;1;0;100;1#2;30;
0519;145449989;1;0;137;1#2;30;
0519;145449990;1;0;55;1#2;30;
0519;145449991;1;0;236;1#2;30;
0519;145449992;1;0;141;1#2;30;
0519;145449993;1;0;29;1#2;30;
0519;145449994;1;0;87;1#2;30;
0519;145449995;1;0;48;1#2;30;
0519;145449996;1;0;210;1#2;30;
0519;145449997;1;0;57;1#2;30;
0519;145449998;1;0;755;1#2;30;
0519;145449999;1;0;297;1#2;30;
0519;145450000;1;0;63;1#2;30;
0519;145450001;1;0;152;1#2;30;
0519;145450002;1;0;101;1#2;30;
0519;145450003;1;0;86;1#2;30;
0519;145450004;1;0;86;1#2;30;
0519;145450005;1;0;483;1#2;30;
0519;145450006;1;0;35;1#2;30;
0519;145450007;1;0;467;1#2;30;
0519;145450008;1;0;43;1#2;30;
0519;145450009;1;0;409;1#2;30;
0519;145450010;1;0;102;1#2;30;
0519;145450011;1;0;66;1#2;30;
0519;145450012;1;0;445;1#2;30;
0519;145450013;1;0;92;1#2;30;
0519;145450014;1;0;82;1#2;30;
0519;145450015;1;0;50;1#2;30;
0519;145450016;1;0;95;1#2;30;
0519;145450017;1;0;44;1#2;30;
0519;145450018;1;0;74;1#2;30;
0519;145450019;1;0;75;1#2;30;
0519;145450020;1;0;40;1#2;30;
0519;145450021;1;0;89;1#2;30;
0519;145450022;1;0;243;1#2;30;
0519;145450023;1;0;155;1#2;30;
0519;145450024;1;0;46;1#2;30;
0519;145450025;1;0;149;1#2;30;
0519;145450026;1;0;67;1#2;30;
0519;145450027;1;0;469;1#2;30;
0519;145450028;1;0;216;1#2;30;
0519;145450029;1;0;468;1#2;30;
0519;145450030;1;0;61;1#2;30;
0519;145450031;1;0;581;1#2;30;
0519;145450032;1;0;53;1#2;30;
0519;145450033;1;0;40;1#2;30;
0519;145450034;1;0;140;1#2;30;
0519;145450035;1;0;167;1#2;30;
0519;145450036;1;0;89;1#2;30;
0519;145450037;1;0;224;1#2;30;
0519;145450038;1;0;156;1#2;30;
0519;145450039;1;0;281;1#2;30;
0519;145450040;1;0;339;1#2;30;
0519;145450041;1;0;44;1#2;30;
0519;145450042;1;0;43;1#2;30;
0519;145450043;1;0;117;1#2;30;
0519;145450044;1;0;84;1#2;30;
0519;145450045;1;0;93;1#2;30;
0519;145450046;1;0;137;1#2;30;
0519;145450047;1;0;66;1#2;30;
0519;145450048;1;0;213;1#2;30;
0519;145450049;1;0;1081;1#2;30;
0519;145450050;1;0;105;1#2;30;
0519;145450051;1;0;50;1#2;30;
0519;145450052;1;0;193;1#2;30;
0519;145450053;1;0;93;1#2;30;
0519;145450054;1;0;935;1#2;30;
0519;145450055;1;0;118;1#2;30;
0519;145450056;1;0;55;1#2;30;
0519;145450057;1;0;458;1#2;30;
0519;145450058;1;0;64;1#2;30;
0519;145450059;1;0;572;1#2;30;
0519;145450060;1;0;186;1#2;30;
0519;145450061;1;0;57;1#2;30;
0519;145450062;1;0;115;1#2;30;
0519;145450063;1;0;388;1#2;30;
0519;145450064;1;0;215;1#2;30;
0519;145450065;1;0;59;1#2;30;
0519;145450066;1;0;35;1#2;30;
0519;145450067;1;0;33;1#2;30;
0519;145450068;1;0;33;1#2;30;
0519;145450069;1;0;73;1#2;30;
0519;145450070;1;0;99;1#2;30;
0519;145450071;1;0;53;1#2;30;
0519;145450072;1;0;146;1#2;30;
0519;145450073;1;0;229;1#2;30;
0519;145450074;1;0;538;1#2;30;
0519;145450075;1;0;132;1#2;30;
0519;145450076;1;0;114;1#2;30;
0519;145450077;1;0;347;1#2;30;
0519;145450078;1;0;226;1#2;30;
0519;145450079;1;0;121;1#2;30;
0519;145450080;1;0;310;1#2;30;
0519;145450081;1;0;344;1#2;30;
0519;145450082;1;0;396;1#2;30;
0519;145450083;1;0;146;1#2;30;
0519;145450084;1;0;115;1#2;30;
0519;145450085;1;0;227;1#2;30;
0519;145450086;1;0;65;1#2;30;
0519;145450087;1;0;95;1#2;30;
0519;145450088;1;0;63;1#2;30;
0519;145450089;1;0;277;1#2;30;
0519;145450090;1;0;91;1#2;30;
0519;145450091;1;0;74;1#2;30;
0519;145450092;1;0;182;1#2;30;
0519;145450093;1;0;184;1#2;30;
0519;145450094;1;0;15;1#2;30;
0519;145450095;1;0;80;1#2;30;
0519;145450096;1;0;121;1#2;30;
0519;145450097;1;0;331;1#2;30;
0519;145450098;1;0;28;1#2;30;
0519;145450099;1;0;59;1#2;30;
0519;145450100;1;0;118;1#2;30;
0519;145450101;1;0;49;1#2;30;
0519;145450102;1;0;77;1#2;30;
0519;145450103;1;0;1212;1#2;30;
0519;145450104;1;0;166;1#2;30;
0519;145450105;1;0;77;1#2;30;
0519;145450106;1;0;127;1#2;30;
0519;145450107;1;0;45;1#2;30;
0519;145450108;1;0;74;1#2;30;
0519;145450109;1;0;66;1#2;30;
0519;145450110;1;0;47;1#2;30;
0519;145450111;1;0;107;1#2;30;
0519;145450112;1;0;60;1#2;30;
0519;145450113;1;0;55;1#2;30;
0519;145450114;1;0;70;1#2;30;
0519;145450115;1;0;142;1#2;30;
0519;145450116;1;0;55;1#2;30;
0519;145450117;1;0;70;1#2;30;
0519;145450118;1;0;59;1#2;30;
0519;145450119;1;0;171;1#2;30;
0519;145450120;1;0;756;1#2;30;
0519;145450121;1;0;339;1#2;30;
0519;145450122;1;0;71;1#2;30;
0519;145450123;1;0;51;1#2;30;
0519;145450124;1;0;47;1#2;30;
0519;145450125;1;0;39;1#2;30;
0519;145450126;1;0;49;1#2;30;
0519;145450127;1;0;151;1#2;30;
0519;145450128;1;0;60;1#2;30;
0519;145450129;1;0;252;1#2;30;
0519;145450130;1;0;101;1#2;30;
0519;145450131;1;0;86;1#2;30;
0519;145450132;1;0;129;1#2;30;
0519;145450133;1;0;106;1#2;30;
0519;145450134;1;0;245;1#2;30;
0519;145450135;1;0;54;1#2;30;
0519;145450136;1;0;80;1#2;30;
0519;145450137;1;0;88;1#2;30;
0519;145450138;1;0;54;1#2;30;
0519;145450139;1;0;249;1#2;30;
0519;145450140;1;0;78;1#2;30;
0519;145450141;1;0;188;1#2;30;
0519;145450142;1;0;124;1#2;30;
0519;145450143;1;0;307;1#2;30;
0519;145450144;1;0;323;1#2;30;
0519;145450145;1;0;47;1#2;30;
0519;145450146;1;0;115;1#2;30;
0519;145450147;1;0;212;1#2;30;
0519;145450148;1;0;124;1#2;30;
0519;145450149;1;0;75;1#2;30;
0519;145450150;1;0;98;1#2;30;
0519;145450151;1;0;923;1#2;30;
0519;145450152;1;0;203;1#2;30;
0519;145450153;1;0;420;1#2;30;
0519;145450154;1;0;221;1#2;30;
0519;145450155;1;0;393;1#2;30;
0519;145450156;1;0;18;1#2;30;
0519;145450157;1;0;626;1#2;30;
0519;145450159;1;0;896;1#2;30;
0519;145450160;1;0;94;1#2;30;
0519;145450161;1;0;571;1#2;30;
0519;145450162;1;0;564;1#2;30;
0519;145450163;1;0;407;1#2;30;
0519;145450164;1;0;111;1#2;30;
0519;145450165;1;0;188;1#2;30;
0519;145450166;1;0;582;1#2;30;
0519;145450167;1;0;41;1#2;30;
0519;145450168;1;0;58;1#2;30;
0519;145450169;1;0;1675;1#2;30;
0519;145450170;1;0;123;1#2;30;
0519;145450171;1;0;231;1#2;30;
0519;145450172;1;0;63;1#2;30;
0519;145450173;1;0;106;1#2;30;
0519;145450174;1;0;209;1#2;30;
0519;145450175;1;0;48;1#2;30;
0519;145450176;1;0;74;1#2;30;
0519;145450177;1;0;70;1#2;30;
0519;145450178;1;0;62;1#2;30;
0519;145450179;1;0;278;1#2;30;
0519;145450180;1;0;110;1#2;30;
0519;145450181;1;0;105;1#2;30;
0519;145450182;1;0;255;1#2;30;
0519;145450183;1;0;63;1#2;30;
0519;145450184;1;0;122;1#2;30;
0519;145450185;1;0;127;1#2;30;
0519;145450186;1;0;135;1#2;30;
0519;145450187;1;0;46;1#2;30;
0519;145450188;1;0;196;1#2;30;
0519;145450189;1;0;494;1#2;30;
0519;145450190;1;0;104;1#2;30;
0519;145450191;1;0;311;1#2;30;
0519;145450192;1;0;78;1#2;30;
0519;145450193;1;0;54;1#2;30;
0519;145450194;1;0;104;1#2;30;
0519;145450195;1;0;65;1#2;30;
0519;145450196;1;0;48;1#2;30;
0519;145450197;1;0;59;1#2;30;
0519;145450198;1;0;112;1#2;30;
0519;145450199;1;0;104;1#2;30;
0519;145450200;1;0;261;1#2;30;
0519;145450201;1;0;187;1#2;30;
0519;145450202;1;0;321;1#2;30;
0519;145450203;1;0;95;1#2;30;
0519;145450204;1;0;615;1#2;30;
0519;145450205;1;0;516;1#2;30;
0519;145450206;1;0;77;1#2;30;
0519;145450207;1;0;170;1#2;30;
0519;145450208;1;0;28;1#2;30;
0519;145450209;1;0;56;1#2;30;
0519;145450210;1;0;113;1#2;30;
0519;145450211;1;0;54;1#2;30;
0519;145450212;1;0;113;1#2;30;
0519;145450213;1;0;270;1#2;30;
0519;145450214;1;0;176;1#2;30;
0519;145450215;1;0;182;1#2;30;
0519;145450216;1;0;248;1#2;30;
0519;145450217;1;0;78;1#2;30;
0519;145450218;1;0;90;1#2;30;
0519;145450219;1;0;82;1#2;30;
0519;145450220;1;0;507;1#2;30;
0519;145450221;1;0;36;1#2;30;
0519;145450222;1;0;48;1#2;30;
0519;145450223;1;0;328;1#2;30;
0519;145450224;1;0;179;1#2;30;
0519;145450225;1;0;156;1#2;30;
0519;145450226;1;0;250;1#2;30;
0519;145450227;1;0;27;1#2;30;
0519;145450228;1;0;80;1#2;30;
0519;145450229;1;0;51;1#2;30;
0519;145450230;1;0;216;1#2;30;
0519;145450231;1;0;145;1#2;30;
0519;145450232;1;0;199;1#2;30;
0519;145450233;1;0;706;1#2;30;
0519;145450234;1;0;399;1#2;30;
0519;145450235;1;0;177;1#2;30;
0519;145450236;1;0;215;1#2;30;
0519;145450237;1;0;197;1#2;30;
0519;145450238;1;0;143;1#2;30;
0519;145450239;1;0;39;1#2;30;
0519;145450240;1;0;118;1#2;30;
0519;145450241;1;0;399;1#2;30;
0519;145450242;1;0;141;1#2;30;
0519;145450243;1;0;114;1#2;30;
0519;145450244;1;0;75;1#2;30;
0519;145450245;1;0;49;1#2;30;
0519;145450246;1;0;198;1#2;30;
0519;145450247;1;0;121;1#2;30;
0519;145450248;1;0;20;1#2;30;
0519;145450249;1;0;46;1#2;30;
0519;145450250;1;0;142;1#2;30;
0519;145450251;1;0;238;1#2;30;
0519;145450252;1;0;56;1#2;30;
0519;145450253;1;0;92;1#2;30;
0519;145450254;1;0;39;1#2;30;
0519;145450255;1;0;69;1#2;30;
0519;145450256;1;0;59;1#2;30;
0519;145450257;1;0;350;1#2;30;
0519;145450258;1;0;152;1#2;30;
0519;145450259;1;0;118;1#2;30;
0519;145450260;1;0;140;1#2;30;
0519;145450261;1;0;43;1#2;30;
0519;145450262;1;0;554;1#2;30;
0519;145450263;1;0;177;1#2;30;
0519;145450264;1;0;130;1#2;30;
0519;145450265;1;0;267;1#2;30;
0519;145450266;1;0;174;1#2;30;
0519;145450267;1;0;192;1#2;30;
0519;145450268;1;0;212;1#2;30;
0519;145450269;1;0;87;1#2;30;
0519;145450270;1;0;182;1#2;30;
0519;145450271;1;0;133;1#2;30;
0519;145450272;1;0;73;1#2;30;
0519;145450273;1;0;46;1#2;30;
0519;145450274;1;0;907;1#2;30;
0519;145450275;1;0;79;1#2;30;
0519;145450276;1;0;169;1#2;30;
0519;145450277;1;0;129;1#2;30;
0519;145450278;1;0;327;1#2;30;
0519;145450279;1;0;138;1#2;30;
0519;145450280;1;0;734;1#2;30;
0519;145450281;1;0;51;1#2;30;
0519;145450282;1;0;126;1#2;30;
0519;145450283;1;0;73;1#2;30;
0519;145450284;1;0;37;1#2;30;
0519;145450285;1;0;80;1#2;30;
0519;145450286;1;0;273;1#2;30;
0519;145450287;1;0;110;1#2;30;
0519;145450288;1;0;449;1#2;30;
0519;145450289;1;0;122;1#2;30;
0519;145450290;1;0;125;1#2;30;
0519;145450291;1;0;130;1#2;30;
0519;145450292;1;0;37;1#2;30;
0519;145450293;1;0;21;1#2;30;
0519;145450294;1;0;178;1#2;30;
0519;145450295;1;0;135;1#2;30;
0519;145450296;1;0;271;1#2;30;
0519;145450297;1;0;100;1#2;30;
0519;145450298;1;0;249;1#2;30;
0519;145450299;1;0;69;1#2;30;
0519;145450300;1;0;95;1#2;30;
0519;145450301;1;0;204;1#2;30;
0519;145450302;1;0;144;1#2;30;
0519;145450303;1;0;123;1#2;30;
0519;145450304;1;0;211;1#2;30;
0519;145450305;1;0;70;1#2;30;
0519;145450306;1;0;94;1#2;30;
0519;145450307;1;0;720;1#2;30;
0519;145450308;1;0;111;1#2;30;
0519;145450309;1;0;48;1#2;30;
0519;145450310;1;0;187;1#2;30;
0519;145450311;1;0;187;1#2;30;
0519;145450312;1;0;59;1#2;30;
0519;145450313;1;0;169;1#2;30;
0519;145450314;1;0;109;1#2;30;
0519;145450315;1;0;216;1#2;30;
0519;145450316;1;0;127;1#2;30;
0519;145450317;1;0;153;1#2;30;
0519;145450318;1;0;168;1#2;30;
0519;145450319;1;0;61;1#2;30;
0519;145450320;1;0;324;1#2;30;
0519;145450321;1;0;116;1#2;30;
0519;145450322;1;0;198;1#2;30;
0519;145450323;1;0;80;1#2;30;
0519;145450324;1;0;130;1#2;30;
0519;145450325;1;0;100;1#2;30;
0519;145450326;1;0;182;1#2;30;
0519;145450327;1;0;207;1#2;30;
0519;145450328;1;0;150;1#2;30;
0519;145450329;1;0;31;1#2;30;
0519;145450330;1;0;111;1#2;30;
0519;167588809;1;0;146;1#2;30;
0519;145450332;1;0;45;1#2;30;
0519;145450333;1;0;63;1#2;30;
0519;145450334;1;0;13;1#2;30;
0519;145450335;1;0;290;1#2;30;
0519;145450336;1;0;55;1#2;30;
0519;145450337;1;0;64;1#2;30;
0519;145450338;1;0;62;1#2;30;
0519;145450339;1;0;137;1#2;30;
0519;145450340;1;0;109;1#2;30;
0519;145450341;1;0;59;1#2;30;
0519;145450342;1;0;132;1#2;30;
0519;145450343;1;0;87;1#2;30;
0519;145450344;1;0;180;1#2;30;
0519;145450345;1;0;139;1#2;30;
0519;145450346;1;0;92;1#2;30;
0519;145450347;1;0;69;1#2;30;
0519;145450348;1;0;83;1#2;30;
0519;145450349;1;0;108;1#2;30;
0519;145450350;1;0;409;1#2;30;
0519;145450351;1;0;162;1#2;30;
0519;145450352;1;0;115;1#2;30;
0519;145450353;1;0;222;1#2;30;
0519;145450354;1;0;245;1#2;30;
0519;145450355;1;0;457;1#2;30;
0519;145450356;1;0;144;1#2;30;
0519;145450357;1;0;79;1#2;30;
0519;145450358;1;0;688;1#2;30;
0519;145450359;1;0;166;1#2;30;
0519;145450360;1;0;58;1#2;30;
0519;145450361;1;0;361;1#2;30;
0519;145450362;1;0;222;1#2;30;
0519;145450363;1;0;46;1#2;30;
0519;145450364;1;0;134;1#2;30;
0519;145450365;1;0;78;1#2;30;
0519;145450366;1;0;744;1#2;30;
0519;145450367;1;0;476;1#2;30;
0519;145450368;1;0;169;1#2;30;
0519;145450369;1;0;263;1#2;30;
0519;145450370;1;0;143;1#2;30;
0519;145450371;1;0;241;1#2;30;
0519;145450372;1;0;267;1#2;30;
0519;145450373;1;0;132;1#2;30;
0519;145450374;1;0;226;1#2;30;
0519;145450375;1;0;248;1#2;30;
0519;145450376;1;0;97;1#2;30;
0519;145450377;1;0;220;1#2;30;
0519;145450378;1;0;78;1#2;30;
0519;145450379;1;0;100;1#2;30;
0519;145450380;1;0;142;1#2;30;
0519;145450381;1;0;340;1#2;30;
0519;145450382;1;0;133;1#2;30;
0519;145450383;1;0;95;1#2;30;
0519;145450384;1;0;561;1#2;30;
0519;145450385;1;0;420;1#2;30;
0519;145450386;1;0;164;1#2;30;
0519;145450387;1;0;61;1#2;30;
0519;145450388;1;0;126;1#2;30;
0519;145450389;1;0;153;1#2;30;
0519;145450390;1;0;263;1#2;30;
0519;145450391;1;0;102;1#2;30;
0519;145450392;1;0;180;1#2;30;
0519;145450393;1;0;289;1#2;30;
0519;145450394;1;0;101;1#2;30;
0519;145450395;1;0;199;1#2;30;
0519;145450396;1;0;205;1#2;30;
0519;145450397;1;0;128;1#2;30;
0519;145450398;1;0;298;1#2;30;
0519;145450399;1;0;99;1#2;30;
0519;145450400;1;0;35;1#2;30;
0519;145450401;1;0;64;1#2;30;
0519;145450402;1;0;139;1#2;30;
0519;145450403;1;0;103;1#2;30;
0519;145450404;1;0;347;1#2;30;
0519;145450405;1;0;104;1#2;30;
0519;145450406;1;0;117;1#2;30;
0519;145450407;1;0;614;1#2;30;
0519;145450408;1;0;63;1#2;30;
0519;145450409;1;0;91;1#2;30;
0519;145450410;1;0;214;1#2;30;
0519;145450411;1;0;216;1#2;30;
0519;145450412;1;0;80;1#2;30;
0519;145450413;1;0;98;1#2;30;
0519;145450414;1;0;568;1#2;30;
0519;145450415;1;0;1011;1#2;30;
0519;145450416;1;0;82;1#2;30;
0519;145450417;1;0;121;1#2;30;
0519;145450418;1;0;571;1#2;30;
0519;145450419;1;0;299;1#2;30;
0519;145450420;1;0;147;1#2;30;
0519;145450421;1;0;45;1#2;30;
0519;145450422;1;0;103;1#2;30;
0519;145450423;1;0;134;1#2;30;
0519;234092772;1;0;162;1#2;30;
0519;145450425;1;0;76;1#2;30;
0519;145450426;1;0;492;1#2;30;
0519;145450427;1;0;83;1#2;30;
0519;145450428;1;0;367;1#2;30;
0519;145450429;1;0;60;1#2;30;
0519;145450430;1;0;59;1#2;30;
0519;145450431;1;0;147;1#2;30;
0519;145450432;1;0;80;1#2;30;
0519;145450433;1;0;186;1#2;30;
0519;145450434;1;0;235;1#2;30;
0519;145450435;1;0;97;1#2;30;
0519;145450436;1;0;39;1#2;30;
0519;145450437;1;0;151;1#2;30;
0519;145450438;1;0;78;1#2;30;
0519;145450439;1;0;373;1#2;30;
0519;145450440;1;0;431;1#2;30;
0519;145450441;1;0;104;1#2;30;
0519;145450442;1;0;100;1#2;30;
0519;145450443;1;0;414;1#2;30;
0519;145450444;1;0;174;1#2;30;
0519;145450445;1;0;56;1#2;30;
0519;145450446;1;0;445;1#2;30;
0519;145450447;1;0;204;1#2;30;
0519;145450448;1;0;70;1#2;30;
0519;145450449;1;0;6;1#2;30;
0519;234092773;1;0;360;1#2;30;
0519;145450451;1;0;143;1#2;30;
0519;145450452;1;0;558;1#2;30;
0519;234092774;1;0;54;1#2;30;
0519;145450454;1;0;83;1#2;30;
0519;145450455;1;0;97;1#2;30;
0519;145450456;1;0;69;1#2;30;
0519;145450457;1;0;48;1#2;30;
0519;145450458;1;0;59;1#2;30;
0519;145450459;1;0;58;1#2;30;
0519;145450460;1;0;138;1#2;30;
0519;145450461;1;0;71;1#2;30;
0519;145450462;1;0;105;1#2;30;
0519;145450463;1;0;171;1#2;30;
0519;145450464;1;0;84;1#2;30;
0519;145450465;1;0;160;1#2;30;
0519;145450466;1;0;57;1#2;30;
0519;145450467;1;0;116;1#2;30;
0519;145450468;1;0;398;1#2;30;
0519;145450469;1;0;55;1#2;30;
0519;145450470;1;0;304;1#2;30;
0519;145450471;1;0;415;1#2;30;
0519;145450472;1;0;130;1#2;30;
0519;145450473;1;0;183;1#2;30;
0519;145450474;1;0;585;1#2;30;
0519;145450475;1;0;152;1#2;30;
0519;145450476;1;0;376;1#2;30;
0519;145450477;1;0;69;1#2;30;
0519;145450478;1;0;55;1#2;30;
0519;145450479;1;0;219;1#2;30;
0519;145450480;1;0;85;1#2;30;
0519;145450481;1;0;353;1#2;30;
0519;145450482;1;0;97;1#2;30;
0519;145450483;1;0;221;1#2;30;
0519;145450484;1;0;121;1#2;30;
0519;145450485;1;0;168;1#2;30;
0519;145450487;1;0;119;1#2;30;
0519;145450488;1;0;420;1#2;30;
0519;145450489;1;0;478;1#2;30;
0519;145450490;1;0;267;1#2;30;
0519;157084602;1;0;579;1#2;30;
0519;145450492;1;0;162;1#2;30;
0519;145450493;1;0;166;1#2;30;
0519;145450494;1;0;147;1#2;30;
0519;145450495;1;0;88;1#2;30;
0519;145450496;1;0;139;1#2;30;
0519;145450497;1;0;151;1#2;30;
0519;145450498;1;0;141;1#2;30;
0519;145450499;1;0;79;1#2;30;
0519;145450500;1;0;91;1#2;30;
0519;145450501;1;0;68;1#2;30;
0519;145450502;1;0;246;1#2;30;
0519;167588810;1;0;68;1#2;30;
0519;167588811;1;0;111;1#2;30;
0519;145450504;1;0;61;1#2;30;
0519;145450505;1;0;174;1#2;30;
0519;145450506;1;0;270;1#2;30;
0519;145450507;1;0;179;1#2;30;
0519;145450508;1;0;43;1#2;30;
0519;145450509;1;0;620;1#2;30;
0519;145450510;1;0;327;1#2;30;
0519;145450511;1;0;14;1#2;30;
0519;145450512;1;0;8;1#2;30;
0519;145450513;1;0;229;1#2;30;
0519;145450514;1;0;79;1#2;30;
0519;145450515;1;0;718;1#2;30;
0519;145450516;1;0;662;1#2;30;
0519;145450517;1;0;66;1#2;30;
0519;145450518;1;0;61;1#2;30;
0519;145450519;1;0;147;1#2;30;
0519;145450520;1;0;146;1#2;30;
0519;145450521;1;0;29;1#2;30;
0519;145450522;1;0;8;1#2;30;
0519;145450523;1;0;157;1#2;30;
0519;145450524;1;0;158;1#2;30;
0519;145450525;1;0;102;1#2;30;
0519;145450526;1;0;37;1#2;30;
0519;145450527;1;0;35;1#2;30;
0519;145450528;1;0;89;1#2;30;
0519;145450529;1;0;113;1#2;30;
0519;145450530;1;0;153;1#2;30;
0519;145450531;1;0;49;1#2;30;
0519;145450532;1;0;79;1#2;30;
0519;145450533;1;0;123;1#2;30;
0519;145450534;1;0;81;1#2;30;
0519;145450535;1;0;143;1#2;30;
0519;145450536;1;0;174;1#2;30;
0519;145450537;1;0;75;1#2;30;
0519;145450538;1;0;34;1#2;30;
0519;145450539;1;0;332;1#2;30;
0519;145450540;1;0;160;1#2;30;
0519;145450541;1;0;89;1#2;30;
0519;145450542;1;0;65;1#2;30;
0519;234092775;1;0;67;1#2;30;
0519;145450545;1;0;114;1#2;30;
0519;145450546;1;0;161;1#2;30;
0519;145450547;1;0;48;1#2;30;
0519;145450548;1;0;13;1#2;30;
0519;145450549;1;0;407;1#2;30;
0519;145450550;1;0;138;1#2;30;
0519;145450551;1;0;82;1#2;30;
0519;145450552;1;0;85;1#2;30;
0519;145450553;1;0;119;1#2;30;
0519;145450554;1;0;73;1#2;30;
0519;145450555;1;0;99;1#2;30;
0519;157084603;1;0;75;1#2;30;
0519;145450558;1;0;139;1#2;30;
0519;145450559;1;0;146;1#2;30;
0519;145450560;1;0;152;1#2;30;
0519;145450561;1;0;1053;1#2;30;
0519;145450562;1;0;137;1#2;30;
0519;145450563;1;0;91;1#2;30;
0519;145450564;1;0;351;1#2;30;
0519;145450565;1;0;96;1#2;30;
0519;145450566;1;0;99;1#2;30;
0519;145450567;1;0;144;1#2;30;
0519;145450568;1;0;148;1#2;30;
0519;145450569;1;0;163;1#2;30;
0519;145450570;1;0;259;1#2;30;
0519;145450571;1;0;55;1#2;30;
0519;145450572;1;0;41;1#2;30;
0519;145450573;1;0;37;1#2;30;
0519;145450574;1;0;59;1#2;30;
0519;234092776;1;0;34;1#2;30;
0519;145450576;1;0;56;1#2;30;
0519;145450577;1;0;85;1#2;30;
0519;145450578;1;0;99;1#2;30;
0519;145450579;1;0;192;1#2;30;
0519;145450580;1;0;115;1#2;30;
0519;145450581;1;0;397;1#2;30;
0519;145450582;1;0;167;1#2;30;
0519;145450583;1;0;88;1#2;30;
0519;145450584;1;0;126;1#2;30;
0519;145450585;1;0;175;1#2;30;
0519;145450586;1;0;196;1#2;30;
0519;145450587;1;0;54;1#2;30;
0519;145450588;1;0;445;1#2;30;
0519;145450589;1;0;121;1#2;30;
0519;145488361;1;0;5819;1#2;50;
0519;145488362;1;0;329;1#2;50;
0519;145488363;1;0;558;1#2;50;
0519;145488364;1;0;12;1#2;50;
0519;145488365;1;0;190;1#2;50;
0519;145488366;1;0;183;1#2;50;
0519;145488367;1;0;47;1#2;50;
0519;145488368;1;0;167;1#2;50;
0519;145488369;1;0;2177;1#2;50;
0519;145488370;1;0;3209;1#2;50;
0519;145488371;1;0;109;1#2;50;
0519;145488372;1;0;3814;1#2;50;
0519;145488373;1;0;1124;1#2;50;
0519;145488374;1;0;2385;1#2;50;
0519;145488375;1;0;113;1#2;50;
0519;145488376;1;0;3538;1#2;50;
0519;145488377;1;0;33;1#2;50;
0519;145488378;1;0;971;1#2;50;
0519;145488379;1;0;20;1#2;50;
0519;145488380;1;0;311;1#2;50;
0519;145488381;1;0;1062;1#2;50;
0519;145488382;1;0;11;1#2;50;
0519;145488383;1;0;725;1#2;50;
0519;145488384;1;0;1252;1#2;50;
0519;145488385;1;0;390;1#2;50;
0519;145488386;1;0;274;1#2;50;
0519;145488387;1;0;2974;1#2;50;
0519;145488388;1;0;2857;1#2;50;
0519;145488389;1;0;476;1#2;50;
0519;145488390;1;0;454;1#2;50;
0519;145488391;1;0;1046;1#2;50;
0519;145488392;1;0;572;1#2;50;
0519;145488393;1;0;74;1#2;50;
0519;145488394;1;0;345;1#2;50;
0519;145488395;1;0;254;1#2;50;
0519;145488396;1;0;23;1#2;50;
0519;145488397;1;0;128;1#2;50;
0519;145488398;1;0;513;1#2;50;
0519;145488399;1;0;189;1#2;50;
0519;145488400;1;0;753;1#2;50;
0519;145488401;1;0;1579;1#2;50;
0519;145488402;1;0;310;1#2;50;
0519;145488403;1;0;869;1#2;50;
0519;145488404;1;0;341;1#2;50;
0519;145488405;1;0;1379;1#2;50;
0519;145488406;1;0;14;1#2;50;
0519;145488407;1;0;482;1#2;50;
0519;145488408;1;0;144;1#2;50;
0519;145488409;1;0;5168;1#2;50;
0519;145488410;1;0;1363;1#2;50;
0519;145488411;1;0;2436;1#2;50;
0519;145488412;1;0;26;1#2;50;
0519;145488413;1;0;20;1#2;50;
0519;145488414;1;0;596;1#2;50;
0519;145488415;1;0;689;1#2;50;
0519;145488416;1;0;855;1#2;50;
0519;145488417;1;0;745;1#2;50;
0519;145488418;1;0;836;1#2;50;
0519;145488419;1;0;600;1#2;50;
0519;145488420;1;0;1580;1#2;50;
0519;145488421;1;0;369;1#2;50;
0519;145488422;1;0;144;1#2;50;
0519;145488423;1;0;484;1#2;50;
0519;145488424;1;0;36;1#2;50;
0519;145488425;1;0;145;1#2;50;
0519;145488426;1;0;33;1#2;50;
0519;145488427;1;0;62;1#2;50;
0519;145488428;1;0;169;1#2;50;
0519;145488429;1;0;14;1#2;50;
0519;145488430;1;0;164;1#2;50;
0519;145488431;1;0;70;1#2;50;
0519;145488432;1;0;73;1#2;50;
0519;145488433;1;0;8;1#2;50;
0519;145488434;1;0;146;1#2;50;
0519;145488435;1;0;85;1#2;50;
0519;145488436;1;0;1324;1#2;50;
0519;145488437;1;0;482;1#2;30;
0519;145488438;1;0;211;1#2;50;
0519;145488439;1;0;304;1#2;30;
0519;145488440;1;0;422;1#2;50;
0519;145488441;1;0;876;1#2;50;
0519;145488442;1;0;567;1#2;50;
0519;145488443;1;0;1701;1#2;50;
0519;145488444;1;0;309;1#2;50;
0519;145488445;1;0;209;1#2;50;
0519;145488446;1;0;568;1#2;50;
0519;145488447;1;0;3700;1#2;50;
0519;145488448;1;0;101;1#2;50;
0519;145488449;1;0;172;1#2;50;
0519;145488450;1;0;67;1#2;50;
0519;145488451;1;0;322;1#2;50;
0519;145488452;1;0;170;1#2;50;
0519;145488453;1;0;111;1#2;50;
0519;145488454;1;0;851;1#2;50;
0519;145488455;1;0;1083;1#2;50;
0519;145488456;1;0;82;1#2;50;
0519;145488457;1;0;793;1#2;50;
0519;145488458;1;0;1466;1#2;50;
0519;145488459;1;0;3835;1#2;50;
0519;145488460;1;0;2;1#2;50;
0519;145488461;1;0;98;1#2;50;
0519;145488462;1;0;3;1#2;50;
0519;145488463;1;0;113;1#2;50;
0519;145488464;1;0;680;1#2;50;
0519;145488465;1;0;419;1#2;50;
0519;145488466;1;0;698;1#2;50;
0519;145488467;1;0;433;1#2;50;
0519;145488468;1;0;455;1#2;50;
0519;145488469;1;0;142;1#2;50;
0519;145488470;1;0;26;1#2;50;
0519;145488471;1;0;158;1#2;50;
0519;145488472;1;0;56;1#2;50;
0519;145488473;1;0;17;1#2;50;
0519;145488474;1;0;116;1#2;50;
0519;145488475;1;0;158;1#2;50;
0519;145488476;1;0;224;1#2;50;
0519;145488477;1;0;116;1#2;50;
0519;145488478;1;0;2227;1#2;50;
0519;145488479;1;0;517;1#2;50;
0519;145488480;1;0;79;1#2;50;
0519;145488481;1;0;155;1#2;50;
0519;145488482;1;0;369;1#2;50;
0519;145488483;1;0;623;1#2;50;
0519;145488484;1;0;898;1#2;50;
0519;145488485;1;0;212;1#2;50;
0519;145488486;1;0;516;1#2;50;
0519;145488487;1;0;259;1#2;50;
0519;145488488;1;0;432;1#2;50;
0519;145488489;1;0;1835;1#2;50;
0519;145488490;1;0;85;1#2;50;
0519;145488491;1;0;514;1#2;50;
0519;145488492;1;0;1641;1#2;50;
0519;145488493;1;0;129;1#2;50;
0519;145488494;1;0;1428;1#2;50;
0519;145488495;1;0;162;1#2;50;
0519;145488496;1;0;26;1#2;50;
0519;145488497;1;0;477;1#2;50;
0519;145488498;1;0;409;1#2;50;
0519;145488499;1;0;1334;1#2;50;
0519;145488500;1;0;309;1#2;50;
0519;145488501;1;0;579;1#2;50;
0519;145488502;1;0;74;1#2;50;
0519;145488503;1;0;92;1#2;50;
0519;145488504;1;0;6;1#2;50;
0519;145488505;1;0;332;1#2;50;
0519;145488506;1;0;230;1#2;50;
0519;145488507;1;0;1014;1#2;50;
0519;145488508;1;0;1542;1#2;50;
0519;145488509;1;0;50;1#2;50;
0519;145488510;1;0;1755;1#2;50;
0519;145488511;1;0;1852;1#2;50;
0519;145500097;1;0;531;1#2;60;
0519;145500097;2;130;531;1#2;80;
0519;145500098;1;0;381;1#2;80;
0519;145500099;1;0;3170;1#2;80;
0519;145500100;1;0;93;1#2;80;
0519;145500101;1;0;687;1#2;80;
0519;145500102;1;0;860;1#2;80;
0519;145500103;1;0;1436;1#2;80;
0519;145500104;1;0;651;1#2;80;
0519;145500105;1;0;119;1#2;80;
0519;145500106;1;0;119;1#2;80;
0519;145500107;1;0;90;1#2;80;
0519;145500108;1;0;81;1#2;80;
0519;145500109;1;0;283;1#2;80;
0519;145500110;1;0;45;1#2;80;
0519;145500111;1;0;207;1#2;80;
0519;145500112;1;0;208;1#2;80;
0519;145500113;1;0;705;1#2;80;
0519;145500220;1;0;3;1#2;50;
0519;145500221;1;0;383;1#2;50;
0519;145500222;1;0;152;1#2;50;
0519;145500223;1;0;31;1#2;50;
0519;145500224;1;0;223;1#2;50;
0519;145500225;1;0;402;1#2;50;
0519;145500225;2;231;402;1#2;60;
0519;145500226;1;0;69;1#2;60;
0519;145500227;1;0;194;1#2;60;
0519;145500228;1;0;82;1#2;60;
0519;145500229;1;0;118;1#2;60;
0519;145500230;1;0;96;1#2;60;
0519;145500231;1;0;419;1#2;60;
0519;145500231;2;150;419;1#2;40;
0519;145500232;1;0;10;1#2;40;
0519;145500233;1;0;80;1#2;40;
0519;145500234;1;0;17;1#2;40;
0519;145500235;1;0;159;1#2;40;
0519;145500235;2;124;159;1#2;60;
0519;145500236;1;0;29;1#2;60;
0519;145500237;1;0;338;1#2;60;
0519;145500238;1;0;640;1#2;60;
0519;145500239;1;0;331;1#2;60;
0519;145500240;1;0;634;1#2;60;
0519;145500240;2;127;634;1#2;60;
0519;145500241;1;0;90;1#2;60;
0519;145500242;1;0;206;1#2;60;
0519;145500243;1;0;566;1#2;60;
0519;145500244;1;0;452;1#2;60;
0519;145500245;1;0;268;1#2;60;
0519;145500246;1;0;626;1#2;60;
0519;145500247;1;0;165;1#2;60;
0519;145500248;1;0;692;1#2;60;
0519;145500249;1;0;989;1#2;60;
0519;145500249;2;928;989;1#2;60;
0519;145500250;1;0;13;1#2;60;
0519;145500251;1;0;138;1#2;60;
0519;145500252;1;0;141;1#2;60;
0519;145500253;1;0;167;1#2;60;
0519;145500254;1;0;17;1#2;60;
0519;145500255;1;0;7;1#2;60;
0519;145500256;1;0;344;1#2;60;
0519;145500257;1;0;195;1#2;60;
0519;145500258;1;0;188;1#2;60;
0519;145500259;1;0;73;1#2;60;
0519;145500260;1;0;830;1#2;60;
0519;145500261;1;0;99;1#2;60;
0519;145500262;1;0;421;1#2;60;
0519;145500262;2;387;421;1#2;60;
0519;145500263;1;0;176;1#2;60;
0519;145500264;1;0;245;1#2;60;
0519;145500265;1;0;148;1#2;60;
0519;145500266;1;0;49;1#2;60;
0519;145500267;1;0;503;1#2;60;
0519;145500268;1;0;276;1#2;60;
0519;145500269;1;0;111;1#2;60;
0519;145500270;1;0;256;1#2;60;
0519;145500271;1;0;5;1#2;60;
0519;145500272;1;0;239;1#2;60;
0519;145500273;1;0;9;1#2;60;
0519;145500274;1;0;332;1#2;60;
0519;145500275;1;0;18;1#2;60;
0519;145506775;1;0;3;1#2;60;
0519;145506776;1;0;105;1#2;60;
0519;145506777;1;0;327;1#2;60;
0519;145506778;1;0;426;1#2;60;
0519;145506779;1;0;28;1#2;60;
0519;145506780;1;0;184;1#2;60;
0519;145506781;1;0;108;1#2;60;
0519;145506782;1;0;324;1#2;60;
0519;145506782;2;119;324;1#2;80;
0519;145506783;1;0;74;1#2;80;
0519;145506784;1;0;356;1#2;80;
0519;145506785;1;0;47;1#2;80;
0519;145506786;1;0;45;1#2;80;
0519;145506787;1;0;65;1#2;80;
0519;145506788;1;0;101;1#2;80;
0519;145506789;1;0;221;1#2;80;
0519;145506790;1;0;145;1#2;80;
0519;145506791;1;0;367;1#2;80;
0519;145506792;1;0;1022;1#2;80;
0519;145506793;1;0;4;1#2;80;
0519;145506794;1;0;121;1#2;80;
0519;145506795;1;0;52;1#2;80;
0519;145506796;1;0;172;1#2;80;
0519;145506797;1;0;137;1#2;80;
0519;145506798;1;0;3;1#2;80;
0519;145506799;1;0;3;1#2;60;
0519;145506800;1;0;205;1#2;60;
0519;145506801;1;0;20;1#2;60;
0519;145506802;1;0;300;1#2;60;
0519;145506803;1;0;216;1#2;60;
0519;145506804;1;0;373;1#2;60;
0519;145506805;1;0;252;1#2;60;
0519;145506806;1;0;265;1#2;60;
0519;145506806;2;134;265;1#2;80;
0519;145506807;1;0;50;1#2;80;
0519;145506808;1;0;25;1#2;80;
0519;145506809;1;0;184;1#2;80;
0519;145506810;1;0;270;1#2;80;
0519;145506811;1;0;179;1#2;80;
0519;145506812;1;0;140;1#2;80;
0519;145506813;1;0;126;1#2;80;
0519;145506814;1;0;265;1#2;80;
0519;145506815;1;0;470;1#2;80;
0519;145506816;1;0;559;1#2;80;
0519;145506817;1;0;16;1#2;80;
0519;145506818;1;0;861;1#2;80;
0519;145506819;1;0;24;1#2;80;
0519;145506823;1;0;139;1#2;50;
0519;145506824;1;0;70;1#2;50;
0519;145506825;1;0;167;1#2;50;
0519;145506826;1;0;28;1#2;50;
0519;145506827;1;0;14;1#2;50;
0519;145506828;1;0;17;1#2;50;
0519;145506829;1;0;68;1#2;50;
0519;145506830;1;0;176;1#2;50;
0519;145506831;1;0;29;1#2;50;
0519;145506832;1;0;74;1#2;50;
0519;145506833;1;0;144;1#2;50;
0519;145506833;1;0;144;1#2;50;
0519;145506833;2;83;144;1#2;60;
0519;145506834;1;0;32;1#2;60;
0519;145506835;1;0;78;1#2;60;
0519;145506836;1;0;311;1#2;60;
0519;145506836;2;175;311;1#2;40;
0519;145506837;1;0;249;1#2;40;
0519;145506838;1;0;14;1#2;40;
0519;145506839;1;0;154;1#2;40;
0519;145506839;1;0;154;1#2;60;
0519;145506839;2;150;154;1#2;60;
0519;145506840;1;0;229;1#2;60;
0519;145506841;1;0;3;1#2;60;
0519;145506842;1;0;3;1#2;60;
0519;145506843;1;0;11;1#2;60;
0519;145506844;1;0;98;1#2;60;
0519;145506845;1;0;295;1#2;60;
0519;145506846;1;0;244;1#2;60;
0519;145506847;1;0;39;1#2;60;
0519;145506848;1;0;446;1#2;60;
0519;145506849;1;0;72;1#2;60;
0519;145506850;1;0;440;1#2;60;
0519;145506851;1;0;16;1#2;60;
0519;145506852;1;0;171;1#2;60;
0519;145506853;1;0;144;1#2;60;
0519;145506854;1;0;229;1#2;60;
0519;145506855;1;0;376;1#2;60;
0519;145506855;2;126;376;1#2;80;
0519;145506856;1;0;136;1#2;80;
0519;145506857;1;0;83;1#2;80;
0519;145506858;1;0;112;1#2;80;
0519;145506859;1;0;320;1#2;80;
0519;145506860;1;0;212;1#2;80;
0519;145506861;1;0;108;1#2;80;
0519;145506862;1;0;427;1#2;80;
0519;145506863;1;0;44;1#2;80;
0519;145506864;1;0;15;1#2;80;
0519;145506865;1;0;42;1#2;80;
0519;145506866;1;0;497;1#2;80;
0519;145506867;1;0;254;1#2;80;
0519;145506868;1;0;583;1#2;80;
0519;145506869;1;0;1966;1#2;80;
0519;145506870;1;0;70;1#2;80;
0519;145506871;1;0;45;1#2;80;
0519;145506872;1;0;79;1#2;80;
0519;145506873;1;0;162;1#2;80;
0519;145506874;1;0;99;1#2;80;
0519;145506875;1;0;125;1#2;80;
0519;145506876;1;0;279;1#2;80;
0519;145506877;1;0;80;1#2;80;
0519;145506878;1;0;134;1#2;80;
0519;145506879;1;0;386;1#2;80;
0519;145506880;1;0;131;1#2;80;
0519;145506881;1;0;148;1#2;80;
0519;145506882;1;0;471;1#2;80;
0519;145506883;1;0;272;1#2;80;
0519;145506884;1;0;49;1#2;80;
0519;145506885;1;0;259;1#2;80;
0519;145506886;1;0;496;1#2;80;
0519;145506886;2;117;496;1#2;50;
0519;145506887;1;0;32;1#2;50;
0519;145506888;1;0;68;1#2;50;
0519;145506889;1;0;49;1#2;50;
0519;145506890;1;0;139;1#2;50;
0519;145506891;1;0;197;1#2;50;
0519;145506892;1;0;201;1#2;50;
0519;145506893;1;0;160;1#2;50;
0519;145506894;1;0;40;1#2;50;
0519;145506895;1;0;3;1#2;60;
0519;145506896;1;0;15;1#2;60;
0519;145506897;1;0;342;1#2;60;
0519;145506898;1;0;3;1#2;60;
0519;145506907;1;0;3;1#2;50;
0519;145506908;1;0;34;1#2;50;
0519;145506909;1;0;57;1#2;50;
0519;145506910;1;0;223;1#2;50;
0519;145506911;1;0;685;1#2;50;
0519;145506911;1;0;685;1#2;50;
0519;145506911;2;86;685;1#2;60;
0519;145506912;1;0;397;1#2;60;
0519;145506913;1;0;52;1#2;60;
0519;145506914;1;0;71;1#2;60;
0519;145506915;1;0;124;1#2;60;
0519;145506916;1;0;74;1#2;60;
0519;145506917;1;0;203;1#2;60;
0519;145506918;1;0;126;1#2;60;
0519;145506919;1;0;89;1#2;60;
0519;145506920;1;0;210;1#2;60;
0519;145506921;1;0;59;1#2;60;
0519;145506922;1;0;134;1#2;60;
0519;145506923;1;0;122;1#2;60;
0519;145506924;1;0;500;1#2;60;
0519;145506925;1;0;8;1#2;60;
0519;145506926;1;0;592;1#2;60;
0519;145506927;1;0;10;1#2;60;
0519;145506928;1;0;3;1#2;80;
0519;145506929;1;0;3;1#2;80;
0519;145506930;1;0;386;1#2;80;
0519;145506931;1;0;97;1#2;80;
0519;145506932;1;0;328;1#2;80;
0519;145506933;1;0;296;1#2;80;
0519;145506934;1;0;123;1#2;80;
0519;145506935;1;0;258;1#2;80;
0519;145506936;1;0;20;1#2;80;
0519;145506937;1;0;37;1#2;80;
0519;145506938;1;0;223;1#2;80;
0519;145506939;1;0;238;1#2;80;
0519;145506940;1;0;69;1#2;80;
0519;145506941;1;0;171;1#2;80;
0519;145506942;1;0;291;1#2;80;
0519;145506943;1;0;493;1#2;80;
0519;145506944;1;0;3;1#2;80;
0519;145506945;1;0;3;1#2;60;
0519;145506946;1;0;23;1#2;60;
0519;145506947;1;0;75;1#2;60;
0519;145506948;1;0;265;1#2;60;
0519;145506949;1;0;55;1#2;60;
0519;145506950;1;0;257;1#2;60;
0519;145506951;1;0;306;1#2;60;
0519;145506952;1;0;112;1#2;60;
0519;145506953;1;0;13;1#2;60;
0519;145506954;1;0;848;1#2;60;
0519;145506955;1;0;63;1#2;60;
0519;145506956;1;0;571;1#2;60;
0519;145506956;2;73;571;1#2;80;
0519;145506957;1;0;233;1#2;80;
0519;145506958;1;0;452;1#2;80;
0519;145506959;1;0;843;1#2;80;
0519;145506960;1;0;137;1#2;80;
0519;145506961;1;0;59;1#2;80;
0519;145506962;1;0;73;1#2;80;
0519;145506963;1;0;178;1#2;80;
0519;145506964;1;0;317;1#2;80;
0519;145506965;1;0;869;1#2;80;
0519;145506966;1;0;84;1#2;80;
0519;145506967;1;0;98;1#2;80;
0519;145506968;1;0;189;1#2;80;
0519;145506969;1;0;3;1#2;80;
0519;145506970;1;0;92;1#2;80;
0519;145506971;1;0;432;1#2;80;
0519;145506972;1;0;13;1#2;80;
0519;145506973;1;0;124;1#2;80;
0519;145506974;1;0;341;1#2;80;
0519;157084604;1;0;44;1#2;80;
0519;157084605;1;0;249;1#2;80;
0519;157084606;1;0;157;1#2;80;
0519;145506985;1;0;76;1#2;80;
0519;145506986;1;0;76;1#2;80;
0519;145506987;1;0;105;1#2;80;
0519;145506988;1;0;625;1#2;80;
0519;145506989;1;0;359;1#2;80;
0519;145506990;1;0;791;1#2;80;
0519;145506991;1;0;75;1#2;80;
0519;145506992;1;0;202;1#2;80;
0519;145506993;1;0;427;1#2;80;
0519;145506994;1;0;4;1#2;80;
0519;145506995;1;0;412;1#2;80;
0519;145506996;1;0;473;1#2;80;
0519;145506997;1;0;168;1#2;80;
0519;145506998;1;0;125;1#2;80;
0519;145506999;1;0;281;1#2;80;
0519;145507000;1;0;117;1#2;80;
0519;145507001;1;0;317;1#2;80;
0519;145507002;1;0;2581;1#2;80;
0519;145507002;2;2359;2581;1#2;80;
0519;145507003;1;0;600;1#2;80;
0519;145507004;1;0;981;1#2;80;
0519;145507005;1;0;2789;1#2;80;
0519;145507006;1;0;559;1#2;80;
0519;145507007;1;0;736;1#2;80;
0519;145507008;1;0;332;1#2;80;
0519;145507009;1;0;225;1#2;80;
0519;145507010;1;0;83;1#2;80;
0519;145507011;1;0;165;1#2;80;
0519;145507012;1;0;186;1#2;80;
0519;145508616;1;0;16;1#2;80;
0519;145508617;1;0;531;1#2;80;
0519;145508618;1;0;110;1#1H1#2;80;
0519;145508619;1;0;28;1#1H1#2;80;
0519;145508620;1;0;11;1#1H1#2;80;
0519;145508621;1;0;237;1#2;80;
0519;145508622;1;0;7;1#2;80;
0519;145508623;1;0;10;1#2;80;
0519;145508624;1;0;279;1#2;80;
0519;145508625;1;0;196;1#2;80;
0519;145508626;1;0;959;1#2;80;
0519;145508627;1;0;409;1#2;80;
0519;145508627;2;396;409;1#2;80;
0519;145508628;1;0;272;1#2;80;
0519;145508629;1;0;80;1#2;80;
0519;145508630;1;0;1138;1#2;80;
0519;145508631;1;0;106;1#2;80;
0519;145508632;1;0;527;1#2;80;
0519;145508633;1;0;22;1#2;80;
0519;145508634;1;0;62;1#2#2H1;80;
0519;145508635;1;0;21;1#2#2H1;80;
0519;145508636;1;0;102;1#2;80;
0519;145508637;1;0;193;1#2;80;
0519;145508638;1;0;513;1#2;80;
0519;145508638;2;394;513;1#2;60;
0519;145508639;1;0;139;1#2;60;
0519;145508640;1;0;329;1#2;60;
0519;145508640;2;288;329;1#2;60;
0519;145508641;1;0;148;1#2;60;
0519;145508641;2;43;148;1#2;50;
0519;145508642;1;0;196;1#2;50;
0519;145508643;1;0;284;1#2;50;
0519;145508644;1;0;46;1#1H1#2;50;
0519;145508645;1;0;73;1#2;50;
0519;167588812;1;0;2;1#2;50;
0519;167588813;1;0;47;1#2;50;
0519;167588814;1;0;76;1#2;50;
0519;167588815;1;0;232;1#2;60;
0519;167588815;1;0;232;1#2;50;
0519;167588815;2;99;232;1#2;60;
0519;167588816;1;0;42;1#2;60;
0519;145508648;1;0;83;1#1H1#2;60;
0519;145508649;1;0;4;1#1H1#2;60;
0519;145508650;1;0;4;1#1H1#2;60;
0519;145508651;1;0;362;1#2;60;
0519;167588817;1;0;495;1#2;60;
0519;167588818;1;0;8;1#2;60;
0519;167588819;1;0;213;1#2;60;
0519;167588819;1;0;213;1#2;60;
0519;167588819;2;191;213;1#2;60;
0519;167588820;1;0;107;1#2;60;
0519;167588821;1;0;242;1#2;60;
0519;145508654;1;0;100;1#2;60;
0519;234092777;1;0;175;1#2;80;
0519;234092778;1;0;171;1#2;80;
0519;145508663;1;0;28;1#1H1#2;80;
0519;145508664;1;0;12;1#2;80;
0519;145508665;1;0;9;1#2;80;
0519;145508666;1;0;165;1#2;80;
0519;145508667;1;0;311;1#2;80;
0519;145508667;1;0;311;1#2;80;
0519;145508667;2;225;311;1#2;60;
0519;167588824;1;0;20;1#2;60;
0519;167588825;1;0;51;1#2;60;
0519;145508669;1;0;79;1#2;60;
0519;145508670;1;0;13;1#2;60;
0519;145508671;1;0;12;1#2;60;
0519;145508672;1;0;58;1#2;60;
0519;167588826;1;0;81;1#2;60;
0519;167588827;1;0;120;1#2;60;
0519;167588828;1;0;15;1#2;60;
0519;167588829;1;0;25;1#2;60;
0519;145508674;1;0;213;1#2;60;
0519;145508675;1;0;4;1#2;60;
0519;145508676;1;0;922;1#2;60;
0519;145508676;1;0;922;1#2;60;
0519;145508676;2;139;922;1#2;80;
0519;145508677;1;0;143;1#2;80;
0519;145508678;1;0;793;1#2;80;
0519;145511879;1;0;1134;1#2;80;
0519;145513850;1;0;179;1#2;80;
0519;145513851;1;0;529;1#2;80;
0519;145513852;1;0;664;1#2;80;
0519;145513853;1;0;580;1#2;80;
0519;145513854;1;0;849;1#2;80;
0519;145513855;1;0;413;1#2;80;
0519;145513855;1;0;413;1#2;80;
0519;145513855;2;379;413;1#2;60;
0519;145513856;1;0;122;1#2;60;
0519;145513857;1;0;24;1#2;60;
0519;145513858;1;0;14;1#2;60;
0519;145513859;1;0;64;1#2;60;
0519;145513860;1;0;113;1#2;60;
0519;145513861;1;0;49;1#2;60;
0519;145513862;1;0;5;1#2;60;
0519;145513863;1;0;108;1#2;60;
0519;145513864;1;0;423;1#2;60;
0519;145513864;2;67;423;1#2;40;
0519;145513865;1;0;59;1#2;40;
0519;145513866;1;0;3;1#2;40;
0519;145515115;1;0;3;1;50;
0519;145515116;1;0;16;1;50;
0519;145515117;1;0;13;1;50;
0519;145515118;1;0;24;1;80;
0519;145515119;1;0;3;1;80;
0519;145515277;1;0;42;1;80;
0519;145516104;1;0;3;2;50;
0519;145516105;1;0;16;2;50;
0519;145516106;1;0;13;2;50;
0519;145516107;1;0;24;2;80;
0519;145516108;1;0;3;2;80;
0519;145516243;1;0;42;2;80;
0519;145516938;1;0;44;1#2;30;
0519;145516939;1;0;183;1#2;30;
0519;145516940;1;0;204;1#2;30;
0519;145516941;1;0;69;1#2;30;
0519;157084607;1;0;118;1#2;80;
0519;157084608;1;0;98;1#2;80;
0519;157084609;1;0;124;1#2;80;
0519;157084610;1;0;46;1#2;80;
0519;157084611;1;0;74;1#2;80;
0519;157084612;1;0;158;1#2;30;
0519;157084613;1;0;41;1#2;30;
0519;157084614;1;0;113;1#2;80;
0519;157084615;1;0;67;1#2;30;
0519;157084616;1;0;63;1#2;80;
0519;157084617;1;0;69;1#2;30;
0519;157084618;1;0;126;1#2;30;
0519;157084619;1;0;164;1#2;30;
0519;157084620;1;0;16;1#2;30;
0519;157084621;1;0;214;1#2;30;
0519;157084622;1;0;192;1#2;30;
0519;157084623;1;0;113;1#2;30;
0519;157084624;1;0;22;1#2;30;
0519;157084625;1;0;2;1#2;30;
0519;157084626;1;0;40;1#2;30;
0519;157084627;1;0;68;1#2;80;
0519;157084628;1;0;73;1#2;80;
0519;157084629;1;0;169;1#2;80;
0519;157084630;1;0;93;1#2;80;
0519;157084631;1;0;39;1#2;80;
0519;157084632;1;0;328;1#2;80;
0519;157084633;1;0;168;1#2;80;
0519;157084634;1;0;210;1#2;80;
0519;157084635;1;0;128;1#2;80;
0519;157084636;1;0;284;1#2;80;
0519;157084637;1;0;96;1#2;80;
0519;157084638;1;0;114;1#2;80;
0519;157084639;1;0;24;1#2;80;
0519;157084640;1;0;80;1#2;80;
0519;157084641;1;0;10;1#2;30;
0519;157084642;1;0;174;1#2;30;
0519;157084643;1;0;51;1#2;30;
0519;157084644;1;0;51;1#2;30;
0519;157084645;1;0;67;1#2;30;
0519;157084646;1;0;3;1#2;30;
0519;157084647;1;0;252;1#2;80;
0519;157084648;1;0;81;1#2;80;
0519;157084649;1;0;397;1#2;30;
0519;167588836;1;0;173;1#2;30;
0519;167588837;1;0;123;1#2;30;
0519;167588838;1;0;6;1#2;30;
0519;167588840;1;0;43;1#2;30;
0519;167588841;1;0;55;1#2;30;
0519;167588861;1;0;34;1#2;30;
0519;234092780;1;0;8;1#2;30;
0519;234092781;1;0;59;1#2;30;
0519;234092782;1;0;77;1#2;30;
0519;234092783;1;0;61;1#2;30;
0519;234092784;1;0;40;1#2;30;
0519;234092785;1;0;106;1#2;30;
0519;234092786;1;0;16;1#2;30;
0519;234092787;1;0;62;1#2;30;
0519;234092788;1;0;140;1#2;60;
0519;234092789;1;0;310;1#2;60;
0519;234092789;2;119;310;1#2;60;
0519;234092790;1;0;466;1#2;60;
0519;234092790;2;59;466;1#2;80;
0519;234092791;1;0;3;1#2;80;
0519;234092792;1;0;69;1#2;80;
0519;234092793;1;0;5;1#2;80;
0519;234092794;1;0;147;1#2;80;
0519;234092795;1;0;411;1#2;80;
0519;234092796;1;0;213;1#2;80;
0519;234092805;1;0;151;1#2;30;
0519;234092806;1;0;95;1#2;30;
0519;234092807;1;0;70;1#2;30;
0519;234092808;1;0;197;1#2;30;
0519;234092809;1;0;67;1#2;30;
0519;234092810;1;0;39;1#2;30;
0519;234092811;1;0;8;1#2;30;
0519;234092812;1;0;6;1#2;30;
0519;234092813;1;0;25;1#2;30;
0519;234092814;1;0;24;1#2;30;
0519;234092815;1;0;6;1#2;30;
0519;234092816;1;0;59;1#2;30;
0519;234092817;1;0;22;1#2;30;
0519;234092818;1;0;8;1#2;30;
0519;234092819;1;0;35;1#2;30;
0519;234092820;1;0;20;1#2;30;
0519;234092821;1;0;11;1#2;30;
