*0415*2011 VEGNETT*20110511*FART*20110511*VDB SVNT*AHT
..Eksport-dato 20110511
50;

Komm; TransID;kode;Fra;   Til;felt; Fart;
0415;184955107;1;0;614;1#2;50;
0415;145318263;1;0;7;1#2;50;
0415;145318264;1;0;904;1#2;50;
0415;145318265;1;0;102;1#2;50;
0415;145318266;1;0;1177;1#2;50;
0415;145318267;1;0;117;1#2;50;
0415;145318268;1;0;703;1#2;50;
0415;145318269;1;0;21;1#2;50;
0415;145318270;1;0;807;1#2;50;
0415;145318271;1;0;215;1#2;50;
0415;145318272;1;0;353;1#2;50;
0415;145318273;1;0;1407;1#2;50;
0415;145318274;1;0;271;1#2;50;
0415;145318275;1;0;611;1#2;50;
0415;145318276;1;0;247;1#2;50;
0415;145318277;1;0;206;1#2;50;
0415;145318278;1;0;277;1#2;50;
0415;145318279;1;0;667;1#2;50;
0415;145318280;1;0;172;1#2;50;
0415;145318281;1;0;391;1#2;50;
0415;145318282;1;0;51;1#2;50;
0415;145318283;1;0;1091;1#2;50;
0415;145318284;1;0;125;1#2;50;
0415;145318285;1;0;24;1#2;50;
0415;145318286;1;0;196;1#2;50;
0415;145318287;1;0;43;1#2;50;
0415;145318288;1;0;31;1#2;50;
0415;145318289;1;0;238;1#2;50;
0415;145318290;1;0;42;1#2;50;
0415;145318291;1;0;34;1#2;50;
0415;145318292;1;0;32;1#2;50;
0415;145318293;1;0;189;1#2;50;
0415;145318294;1;0;444;1#2;50;
0415;145318295;1;0;253;1#2;50;
0415;276498495;1;0;6;1#2;50;
0415;276498496;1;0;69;1#2;50;
0415;145318297;1;0;94;1#2;30;
0415;276498497;1;0;5;1#2;50;
0415;276498498;1;0;234;1#2;50;
0415;276498499;1;0;101;1#2;50;
0415;276498500;1;0;30;1#2;50;
0415;145318300;1;0;132;1#2;50;
0415;145318301;1;0;204;1#2;50;
0415;145318302;1;0;23;1#2;50;
0415;145318303;1;0;216;1#2;50;
0415;145318304;1;0;208;1#2;50;
0415;145318305;1;0;289;1#2;50;
0415;145318306;1;0;164;1#2;50;
0415;145318307;1;0;168;1#2;50;
0415;145318308;1;0;302;1#2;50;
0415;145318309;1;0;94;1#2;50;
0415;145318310;1;0;302;1#2;50;
0415;145318311;1;0;166;1#2;50;
0415;145318312;1;0;45;1#2;50;
0415;145318313;1;0;49;1#2;50;
0415;145318314;1;0;269;1#2;50;
0415;145318315;1;0;260;1#2;50;
0415;145318316;1;0;542;1#2;50;
0415;145318317;1;0;160;1#2;50;
0415;145318318;1;0;584;1#2;50;
0415;145318319;1;0;449;1#2;50;
0415;145318320;1;0;4;1#2;50;
0415;145318321;1;0;129;1#2;50;
0415;145318322;1;0;1098;1#2;50;
0415;145318323;1;0;936;1#2;50;
0415;145318324;1;0;98;1#2;50;
0415;145318325;1;0;167;1#2;50;
0415;145318326;1;0;135;1#2;50;
0415;145318327;1;0;171;1#2;50;
0415;145318328;1;0;467;1#2;50;
0415;145318329;1;0;143;1#2;50;
0415;145318330;1;0;207;1#2;50;
0415;145318331;1;0;5;1#2;50;
0415;145318332;1;0;207;1#2;50;
0415;145318333;1;0;8;1#2;50;
0415;145318334;1;0;523;1#2;50;
0415;145318335;1;0;237;1#2;50;
0415;145318336;1;0;150;1#2;50;
0415;145318337;1;0;314;1#2;50;
0415;145318338;1;0;187;1#2;50;
0415;145318339;1;0;318;1#2;50;
0415;145318340;1;0;215;1#2;50;
0415;145318341;1;0;985;1#2;50;
0415;145318342;1;0;37;1#2;50;
0415;145318343;1;0;508;1#2;50;
0415;145318344;1;0;28;1#2;50;
0415;245665186;1;0;3;1#2;50;
0415;245665187;1;0;106;1#2;50;
0415;145318346;1;0;685;1#2;50;
0415;145318347;1;0;83;1#2;50;
0415;145318348;1;0;93;1#2;50;
0415;145318349;1;0;130;1#2;50;
0415;145318350;1;0;868;1#2;50;
0415;145318351;1;0;356;1#2;50;
0415;145318352;1;0;218;1#2;50;
0415;145318353;1;0;132;1#2;50;
0415;145318354;1;0;40;1#2;50;
0415;145318355;1;0;62;1#2;50;
0415;145318356;1;0;16;1#2;50;
0415;145318357;1;0;44;1#2;50;
0415;145318358;1;0;53;1#2;50;
0415;145318359;1;0;101;1#2;50;
0415;145318360;1;0;117;1#2;30;
0415;145318361;1;0;163;1#2;30;
0415;145318362;1;0;103;1#2;30;
0415;145318363;1;0;113;1#2;30;
0415;145318364;1;0;75;1#2;50;
0415;145318365;1;0;65;1#2;50;
0415;145318366;1;0;628;1#2;50;
0415;145318367;1;0;96;1#2;50;
0415;145318368;1;0;205;1#2;50;
0415;145318370;1;0;32;1#2;50;
0415;145318371;1;0;72;1#2;50;
0415;145318372;1;0;250;1#2;50;
0415;145318373;1;0;9;1#2;50;
0415;145318374;1;0;85;1#2;50;
0415;145318375;1;0;93;1#2;50;
0415;145318376;1;0;81;1#2;50;
0415;145318377;1;0;80;1#2;50;
0415;145318378;1;0;102;1#2;50;
0415;145318379;1;0;20;1#2;30;
0415;145318380;1;0;416;1#2;30;
0415;145318381;1;0;100;1#2;50;
0415;145318382;1;0;190;1#2;50;
0415;145318383;1;0;208;1#2;50;
0415;145318384;1;0;430;1#2;50;
0415;145318385;1;0;209;1#2;50;
0415;145318386;1;0;442;1#2;50;
0415;145318387;1;0;68;1#2;50;
0415;145318388;1;0;50;1#2;40;
0415;145318389;1;0;148;1#2;40;
0415;267941266;1;0;259;1#2;40;
0415;267941267;1;0;116;1#2;40;
0415;145318391;1;0;109;1#2;40;
0415;145318392;1;0;171;1#2;30;
0415;145318393;1;0;114;1#2;30;
0415;145318394;1;0;56;1#2;30;
0415;145318395;1;0;119;1#2;30;
0415;145318396;1;0;35;1#2;30;
0415;145318397;1;0;41;1#2;30;
0415;145318398;1;0;69;1#2;50;
0415;145318399;1;0;62;1#2;30;
0415;145318400;1;0;113;1#2;50;
0415;145318401;1;0;77;1#2;50;
0415;145318402;1;0;115;1#2;50;
0415;145318403;1;0;187;1#2;50;
0415;145318404;1;0;15;1#2;50;
0415;145318405;1;0;151;1#2;50;
0415;145318406;1;0;317;1#2;50;
0415;145318407;1;0;337;1#2;50;
0415;145318408;1;0;26;1#2;30;
0415;145318409;1;0;71;1#2;30;
0415;145318410;1;0;37;1#2;50;
0415;145318411;1;0;96;1#2;50;
0415;276498501;1;0;7;1#2;50;
0415;276498502;1;0;24;1#2;50;
0415;145318413;1;0;24;1#2;50;
0415;145318414;1;0;25;1#2;50;
0415;145318415;1;0;31;1#2;50;
0415;145318416;1;0;69;1#2;50;
0415;145318417;1;0;34;1#2;50;
0415;145318418;1;0;23;1#2;50;
0415;145318419;1;0;29;1#2;50;
0415;145318420;1;0;54;1#2;50;
0415;145318421;1;0;90;1#2;50;
0415;145318422;1;0;103;1#2;50;
0415;145318423;1;0;77;1#2;30;
0415;145318424;1;0;81;1#2;30;
0415;145318425;1;0;38;1#2;30;
0415;145318426;1;0;293;1#2;30;
0415;145318427;1;0;91;1#2;50;
0415;145318428;1;0;24;1#2;50;
0415;145318430;1;0;281;1#2;50;
0415;145318431;1;0;64;1#2;30;
0415;145318432;1;0;61;1#2;30;
0415;145318433;1;0;66;1#2;30;
0415;145318434;1;0;79;1#2;50;
0415;145318437;1;0;78;1#2;50;
0415;145318438;1;0;225;1#2;30;
0415;145318439;1;0;123;1#2;30;
0415;145318440;1;0;271;1#2;30;
0415;145318441;1;0;64;1#2;30;
0415;145318442;1;0;53;1#2;30;
0415;145318443;1;0;18;1#2;30;
0415;145318444;1;0;74;1#2;30;
0415;145318445;1;0;98;1#2;30;
0415;145318446;1;0;55;1#2;30;
0415;145318447;1;0;71;1#2;50;
0415;145318448;1;0;150;1#2;50;
0415;145318449;1;0;15;1#2;50;
0415;145318450;1;0;37;1#2;50;
0415;145318451;1;0;131;1#2;40;
0415;145318452;1;0;171;1#2;40;
0415;145318453;1;0;99;1#2;40;
0415;145318454;1;0;48;1#2;40;
0415;145318455;1;0;70;1#2;50;
0415;267711766;1;0;83;1#2;50;
0415;267711767;1;0;61;1#2;50;
0415;145318457;1;0;128;1#2;50;
0415;145318458;1;0;73;1#2;50;
0415;145318459;1;0;118;1#2;50;
0415;145318460;1;0;42;1#2;30;
0415;145318461;1;0;9;1#2;30;
0415;145318462;1;0;36;1#2;30;
0415;145318463;1;0;122;1#2;30;
0415;145318464;1;0;224;1#2;30;
0415;145318465;1;0;167;1#2;50;
0415;145318466;1;0;40;1#2;50;
0415;145318467;1;0;188;1#2;50;
0415;145318468;1;0;82;1#2;30;
0415;145318469;1;0;193;1#2;50;
0415;145318470;1;0;65;1#2;50;
0415;145318471;1;0;13;1#2;50;
0415;145318472;1;0;101;1#2;50;
0415;145318473;1;0;121;1#2;50;
0415;145318474;1;0;70;1#2;30;
0415;145318475;1;0;32;1#2;30;
0415;145318476;1;0;45;1#2;30;
0415;145318477;1;0;54;1#2;30;
0415;145318478;1;0;61;1#2;30;
0415;145318479;1;0;30;1#2;30;
0415;145318480;1;0;115;1#2;30;
0415;145318481;1;0;52;1#2;30;
0415;145318482;1;0;94;1#2;50;
0415;145318483;1;0;99;1#2;50;
0415;145318484;1;0;65;1#2;30;
0415;145318485;1;0;46;1#2;30;
0415;145318486;1;0;59;1#2;50;
0415;145318487;1;0;109;1#2;50;
0415;145318488;1;0;42;1#2;30;
0415;145318489;1;0;274;1#2;30;
0415;145318490;1;0;43;1#2;30;
0415;145318491;1;0;86;1#2;50;
0415;145318492;1;0;111;1#2;50;
0415;145318493;1;0;63;1#2;40;
0415;145318494;1;0;75;1#2;40;
0415;145318495;1;0;53;1#2;40;
0415;145318496;1;0;144;1#2;40;
0415;145318497;1;0;35;1#2;50;
0415;145318498;1;0;200;1#2;30;
0415;145318499;1;0;251;1#2;30;
0415;145318500;1;0;37;1#2;30;
0415;145318501;1;0;117;1#2;50;
0415;145318502;1;0;74;1#2;50;
0415;145318503;1;0;66;1#2;50;
0415;145318504;1;0;63;1#2;50;
0415;145318505;1;0;58;1#2;50;
0415;145318506;1;0;196;1#2;50;
0415;145318507;1;0;134;1#2;50;
0415;145318508;1;0;269;1#2;30;
0415;145318509;1;0;246;1#2;50;
0415;145318510;1;0;79;1#2;50;
0415;145318511;1;0;140;1#2;50;
0415;276498503;1;0;6;1#2;50;
0415;276498504;1;0;46;1#2;50;
0415;145318513;1;0;32;1#2;50;
0415;145318514;1;0;146;1#2;50;
0415;145318515;1;0;25;1#2;50;
0415;145318516;1;0;18;1#2;50;
0415;145318517;1;0;141;1#2;50;
0415;145318518;1;0;28;1#2;50;
0415;145318519;1;0;75;1#2;50;
0415;145318520;1;0;95;1#2;50;
0415;145318521;1;0;37;1#2;30;
0415;145318522;1;0;19;1#2;30;
0415;145318523;1;0;8;1#2;30;
0415;145318524;1;0;41;1#2;30;
0415;145318525;1;0;30;1#2;30;
0415;145318526;1;0;38;1#2;30;
0415;145318527;1;0;24;1#2;30;
0415;145318528;1;0;189;1#2;30;
0415;145318529;1;0;212;1#2;50;
0415;145318530;1;0;237;1#2;30;
0415;145318531;1;0;182;1#2;30;
0415;145318532;1;0;46;1#2;30;
0415;145318533;1;0;68;1#2;30;
0415;145318534;1;0;238;1#2;30;
0415;145318535;1;0;31;1#2;30;
0415;145318536;1;0;42;1#2;30;
0415;145318537;1;0;57;1#2;30;
0415;145318538;1;0;334;1#2;50;
0415;145318539;1;0;84;1#2;50;
0415;145318540;1;0;29;1#2;30;
0415;145318541;1;0;55;1#2;30;
0415;145318542;1;0;67;1#2;30;
0415;145318543;1;0;250;1#2;30;
0415;145318544;1;0;88;1#2;30;
0415;145318545;1;0;74;1#2;30;
0415;145318546;1;0;186;1#2;30;
0415;145318547;1;0;27;1#2;30;
0415;145318548;1;0;289;1#2;30;
0415;145318549;1;0;74;1#2;30;
0415;145318550;1;0;142;1#2;30;
0415;145318551;1;0;115;1#2;50;
0415;145318552;1;0;321;1#2;50;
0415;145318553;1;0;100;1#2;50;
0415;145318554;1;0;163;1#2;50;
0415;145318555;1;0;128;1#2;50;
0415;145318556;1;0;183;1#2;50;
0415;145318557;1;0;170;1#2;50;
0415;276498505;1;0;7;1#2;50;
0415;276498506;1;0;47;1#2;50;
0415;145318559;1;0;90;1#2;50;
0415;145318560;1;0;69;1#2;50;
0415;145318561;1;0;23;1#2;50;
0415;145318562;1;0;131;1#2;50;
0415;276498507;1;0;112;1#2;50;
0415;276498508;1;0;7;1#2;50;
0415;145318564;1;0;175;1#2;50;
0415;276498509;1;0;27;1#2;50;
0415;276498510;1;0;7;1#2;50;
0415;276498511;1;0;47;1#2;50;
0415;276498512;1;0;6;1#2;50;
0415;145318567;1;0;88;1#2;50;
0415;145318568;1;0;111;1#2;50;
0415;145318569;1;0;8;1#2;50;
0415;145318570;1;0;39;1#2;50;
0415;145318571;1;0;85;1#2;50;
0415;145318572;1;0;88;1#2;50;
0415;145318573;1;0;135;1#2;50;
0415;145318574;1;0;172;1#2;50;
0415;145318575;1;0;47;1#2;50;
0415;145318576;1;0;66;1#2;50;
0415;145318577;1;0;108;1#2;50;
0415;145318578;1;0;146;1#2;50;
0415;145318580;1;0;50;1#2;50;
0415;145318581;1;0;86;1#2;50;
0415;145318582;1;0;148;1#2;50;
0415;145318583;1;0;76;1#2;50;
0415;145318584;1;0;40;1#2;50;
0415;145318585;1;0;86;1#2;50;
0415;145318586;1;0;159;1#2;50;
0415;145340528;1;0;94;1#2;50;
0415;145340529;1;0;156;1#2;50;
0415;145340530;1;0;54;1#2;50;
0415;145340531;1;0;202;1#2;50;
0415;145340532;1;0;112;1#2;50;
0415;145340533;1;0;29;1#2;50;
0415;145340534;1;0;56;1#2;50;
0415;145340535;1;0;21;1#2;30;
0415;145340536;1;0;105;1#2;50;
0415;145340537;1;0;74;1#2;30;
0415;145340538;1;0;16;1#2;30;
0415;145340539;1;0;69;1#2;50;
0415;145340540;1;0;255;1#2;50;
0415;145340541;1;0;22;1#2;50;
0415;145340542;1;0;279;1#2;50;
0415;145340543;1;0;129;1#2;50;
0415;145340544;1;0;141;1#2;50;
0415;145340545;1;0;76;1#2;50;
0415;145340546;1;0;70;1#2;50;
0415;145340547;1;0;214;1#2;30;
0415;145340548;1;0;43;1#2;30;
0415;145340549;1;0;241;1#2;30;
0415;245705853;1;0;50;1#2;30;
0415;245705854;1;0;102;1#2;30;
0415;145340551;1;0;42;1#2;30;
0415;145340552;1;0;205;1#2;30;
0415;145340553;1;0;140;1#2;30;
0415;145340554;1;0;203;1#2;30;
0415;145340555;1;0;49;1#2;30;
0415;145340556;1;0;307;1#2;30;
0415;145340557;1;0;210;1#2;30;
0415;145340558;1;0;360;1#2;30;
0415;145340559;1;0;179;1#2;30;
0415;145340560;1;0;5;1#2;30;
0415;145340561;1;0;57;1#2;30;
0415;145340562;1;0;208;1#2;30;
0415;145340563;1;0;180;1#2;30;
0415;145340564;1;0;104;1#2;30;
0415;145340565;1;0;51;1#2;30;
0415;145340566;1;0;145;1#2;30;
0415;145340567;1;0;124;1#2;30;
0415;145340568;1;0;29;1#2;30;
0415;145340569;1;0;107;1#2;30;
0415;145340570;1;0;95;1#2;30;
0415;145340571;1;0;89;1#2;30;
0415;145340572;1;0;61;1#2;30;
0415;145340573;1;0;252;1#2;30;
0415;145340574;1;0;146;1#2;30;
0415;145340575;1;0;82;1#2;30;
0415;145340576;1;0;164;1#2;30;
0415;145340577;1;0;335;1#2;30;
0415;145340578;1;0;41;1#2;30;
0415;145340579;1;0;65;1#2;30;
0415;145340580;1;0;138;1#2;30;
0415;145340581;1;0;333;1#2;30;
0415;145340582;1;0;502;1#2;30;
0415;145340583;1;0;145;1#2;30;
0415;145340584;1;0;147;1#2;30;
0415;145340585;1;0;152;1#2;30;
0415;163332166;1;0;27;1#2;30;
0415;163332167;1;0;106;1#2;30;
0415;145340587;1;0;115;1#2;30;
0415;163332168;1;0;96;1#2;30;
0415;163332169;1;0;63;1#2;30;
0415;145340589;1;0;60;1#2;30;
0415;145340590;1;0;258;1#2;30;
0415;145340591;1;0;639;1#2;30;
0415;145340592;1;0;140;1#2;30;
0415;145340593;1;0;68;1#2;30;
0415;145340594;1;0;192;1#2;30;
0415;145340596;1;0;7;1#2;30;
0415;145340597;1;0;12;1#2;30;
0415;145340598;1;0;12;1#2;30;
0415;276498513;1;0;6;1#2;30;
0415;276498514;1;0;12;1#2;30;
0415;145340601;1;0;30;1#2;30;
0415;145340602;1;0;6;1#2;30;
0415;145340603;1;0;6;1#2;30;
0415;145340604;1;0;19;1#2;30;
0415;145340605;1;0;19;1#2;30;
0415;145340606;1;0;5;1#2;30;
0415;145340607;1;0;17;1#2;30;
0415;145340608;1;0;8;1#2;30;
0415;145340609;1;0;13;1#2;30;
0415;145340610;1;0;6;1#2;30;
0415;145340611;1;0;6;1#2;30;
0415;145340612;1;0;5;1#2;30;
0415;145340613;1;0;12;1#2;30;
0415;145340614;1;0;7;1#2;30;
0415;145340615;1;0;10;1#2;30;
0415;145340616;1;0;7;1#2;30;
0415;145340617;1;0;11;1#2;30;
0415;145340618;1;0;9;1#2;30;
0415;145340619;1;0;27;1#2;30;
0415;145340620;1;0;14;1#2;30;
0415;145340621;1;0;27;1#2;30;
0415;145340622;1;0;25;1#2;30;
0415;145340623;1;0;13;1#2;30;
0415;145340624;1;0;14;1#2;30;
0415;145340625;1;0;20;1#2;30;
0415;145340626;1;0;29;1#2;30;
0415;145340627;1;0;22;1#2;30;
0415;145340628;1;0;12;1#2;30;
0415;145340629;1;0;18;1#2;30;
0415;145340630;1;0;11;1#2;30;
0415;145340631;1;0;481;1#2;30;
0415;245705855;1;0;61;1#2;30;
0415;245705856;1;0;693;1#2;30;
0415;145340633;1;0;318;1#2;30;
0415;145340634;1;0;197;1#2;30;
0415;163332170;1;0;385;1#2;30;
0415;163332171;1;0;75;1#2;30;
0415;145340637;1;0;99;1#2;30;
0415;145340638;1;0;22;1#2;30;
0415;145340639;1;0;177;1#2;30;
0415;145340640;1;0;210;1#2;30;
0415;145340641;1;0;28;1#2;30;
0415;145340642;1;0;76;1#2;30;
0415;145340643;1;0;101;1#2;30;
0415;145340644;1;0;112;1#2;30;
0415;145340645;1;0;40;1#2;30;
0415;145340646;1;0;323;1#2;30;
0415;145340647;1;0;29;1#2;30;
0415;145340648;1;0;182;1#2;30;
0415;145340650;1;0;129;1#2;30;
0415;145340651;1;0;10;1#2;30;
0415;145340652;1;0;121;1#2;30;
0415;145340653;1;0;962;1#2;30;
0415;145340654;1;0;88;1#2;30;
0415;145340655;1;0;140;1#2;30;
0415;145340656;1;0;37;1#2;30;
0415;145340657;1;0;72;1#2;30;
0415;145340658;1;0;71;1#2;30;
0415;145340659;1;0;247;1#2;30;
0415;145340660;1;0;68;1#2;30;
0415;145340661;1;0;41;1#2;30;
0415;145340662;1;0;60;1#2;30;
0415;145340663;1;0;149;1#2;30;
0415;145340664;1;0;26;1#2;30;
0415;145340665;1;0;140;1#2;30;
0415;145340666;1;0;15;1#2;30;
0415;145340667;1;0;456;1#2;30;
0415;145340668;1;0;151;1#2;30;
0415;145340669;1;0;23;1#2;30;
0415;145340671;1;0;5;1#2;30;
0415;145340672;1;0;173;1#2;30;
0415;145340674;1;0;16;1#2;30;
0415;145340675;1;0;1193;1#2;30;
0415;145340676;1;0;121;1#2;30;
0415;145340677;1;0;342;1#2;30;
0415;145340678;1;0;253;1#2;30;
0415;145340679;1;0;56;1#2;30;
0415;145340680;1;0;22;1#2;30;
0415;145340681;1;0;78;1#2;30;
0415;145340682;1;0;99;1#2;30;
0415;145340683;1;0;271;1#2;30;
0415;145340684;1;0;125;1#2;30;
0415;145340685;1;0;85;1#2;30;
0415;145340686;1;0;63;1#2;30;
0415;145340687;1;0;120;1#2;30;
0415;145340688;1;0;389;1#2;30;
0415;145340689;1;0;81;1#2;30;
0415;145340690;1;0;78;1#2;30;
0415;145340691;1;0;490;1#2;30;
0415;145340692;1;0;45;1#2;30;
0415;145340693;1;0;58;1#2;30;
0415;145340694;1;0;121;1#2;30;
0415;145340695;1;0;106;1#2;30;
0415;145340696;1;0;119;1#2;30;
0415;145340697;1;0;208;1#2;30;
0415;145340698;1;0;122;1#2;30;
0415;145340699;1;0;67;1#2;30;
0415;145340700;1;0;53;1#2;30;
0415;145340701;1;0;11;1#2;30;
0415;145340702;1;0;234;1#2;30;
0415;145340703;1;0;25;1#2;30;
0415;145340704;1;0;26;1#2;30;
0415;145340705;1;0;351;1#2;30;
0415;145340706;1;0;165;1#2;30;
0415;145340707;1;0;70;1#2;30;
0415;145340708;1;0;57;1#2;30;
0415;145340709;1;0;52;1#2;30;
0415;145340710;1;0;296;1#2;30;
0415;145340711;1;0;45;1#2;30;
0415;145340712;1;0;268;1#2;30;
0415;145340713;1;0;741;1#2;30;
0415;145340714;1;0;534;1#2;30;
0415;145340715;1;0;242;1#2;30;
0415;145340716;1;0;417;1#2;30;
0415;145340717;1;0;446;1#2;30;
0415;145340718;1;0;83;1#2;30;
0415;145340719;1;0;121;1#2;30;
0415;145340720;1;0;285;1#2;30;
0415;145340721;1;0;418;1#2;30;
0415;145340722;1;0;46;1#2;30;
0415;145340723;1;0;1289;1#2;30;
0415;145340724;1;0;375;1#2;30;
0415;145340725;1;0;279;1#2;30;
0415;145340726;1;0;55;1#2;30;
0415;145340727;1;0;231;1#2;30;
0415;145340728;1;0;253;1#2;30;
0415;145340729;1;0;586;1#2;30;
0415;145340730;1;0;121;1#2;30;
0415;145340731;1;0;442;1#2;30;
0415;145340732;1;0;174;1#2;30;
0415;145340733;1;0;393;1#2;30;
0415;145340734;1;0;130;1#2;30;
0415;145340735;1;0;1068;1#2;30;
0415;145340736;1;0;268;1#2;30;
0415;145340737;1;0;318;1#2;30;
0415;145340738;1;0;563;1#2;30;
0415;145340739;1;0;628;1#2;30;
0415;145340740;1;0;235;1#2;30;
0415;145340741;1;0;268;1#2;30;
0415;145340742;1;0;295;1#2;30;
0415;145340743;1;0;279;1#2;30;
0415;145340744;1;0;83;1#2;30;
0415;145340745;1;0;72;1#2;30;
0415;145340746;1;0;251;1#2;30;
0415;145340747;1;0;213;1#2;30;
0415;145340748;1;0;23;1#2;30;
0415;145340749;1;0;61;1#2;30;
0415;145340750;1;0;40;1#2;30;
0415;145340751;1;0;238;1#2;30;
0415;145340752;1;0;110;1#2;30;
0415;145340753;1;0;50;1#2;30;
0415;145340754;1;0;15;1#2;30;
0415;145340755;1;0;71;1#2;30;
0415;145340756;1;0;112;1#2;30;
0415;145340757;1;0;258;1#2;30;
0415;145340758;1;0;64;1#2;30;
0415;145340759;1;0;86;1#2;30;
0415;145340760;1;0;63;1#2;30;
0415;145340761;1;0;98;1#2;30;
0415;145340762;1;0;60;1#2;30;
0415;267711768;1;0;110;1#2;30;
0415;145340764;1;0;153;1#2;30;
0415;145340765;1;0;50;1#2;30;
0415;145340766;1;0;125;1#2;30;
0415;145340767;1;0;275;1#2;30;
0415;145340768;1;0;25;1#2;30;
0415;145340769;1;0;44;1#2;30;
0415;145340770;1;0;114;1#2;30;
0415;145340771;1;0;30;1#2;30;
0415;145340772;1;0;175;1#2;30;
0415;145340773;1;0;210;1#2;30;
0415;145340774;1;0;71;1#2;30;
0415;145340775;1;0;84;1#2;30;
0415;145340776;1;0;64;1#2;30;
0415;145340777;1;0;103;1#2;30;
0415;145340778;1;0;150;1#2;30;
0415;145340779;1;0;350;1#2;30;
0415;145340780;1;0;125;1#2;30;
0415;145340781;1;0;109;1#2;30;
0415;145340782;1;0;244;1#2;30;
0415;145340783;1;0;27;1#2;30;
0415;145340784;1;0;42;1#2;30;
0415;145340785;1;0;19;1#2;30;
0415;145340786;1;0;271;1#2;30;
0415;145340787;1;0;236;1#2;30;
0415;145340788;1;0;483;1#2;30;
0415;145340789;1;0;242;1#2;30;
0415;145340790;1;0;127;1#2;30;
0415;145340791;1;0;208;1#2;30;
0415;145340792;1;0;69;1#2;30;
0415;145340793;1;0;118;1#2;30;
0415;145340794;1;0;60;1#2;30;
0415;145340795;1;0;455;1#2;30;
0415;145340796;1;0;274;1#2;30;
0415;145340797;1;0;150;1#2;30;
0415;145340798;1;0;30;1#2;30;
0415;145340799;1;0;68;1#2;30;
0415;145340800;1;0;273;1#2;30;
0415;145340801;1;0;36;1#2;30;
0415;145340802;1;0;391;1#2;30;
0415;145340803;1;0;36;1#2;30;
0415;145340804;1;0;234;1#2;30;
0415;145340805;1;0;103;1#2;30;
0415;145340806;1;0;76;1#2;30;
0415;145340807;1;0;16;1#2;30;
0415;145340808;1;0;113;1#2;30;
0415;145340809;1;0;65;1#2;30;
0415;145340810;1;0;20;1#2;30;
0415;145340811;1;0;58;1#2;30;
0415;145340812;1;0;75;1#2;30;
0415;145340814;1;0;21;1#2;30;
0415;145340815;1;0;110;1#2;30;
0415;145340816;1;0;71;1#2;30;
0415;145340817;1;0;51;1#2;30;
0415;145340818;1;0;34;1#2;30;
0415;145340819;1;0;81;1#2;30;
0415;145340820;1;0;47;1#2;30;
0415;145340821;1;0;22;1#2;30;
0415;145340822;1;0;17;1#2;30;
0415;145340823;1;0;64;1#2;30;
0415;145340824;1;0;70;1#2;30;
0415;145340825;1;0;107;1#2;30;
0415;145340826;1;0;205;1#2;30;
0415;145340827;1;0;175;1#2;30;
0415;145340828;1;0;88;1#2;30;
0415;145340829;1;0;86;1#2;30;
0415;145340830;1;0;116;1#2;30;
0415;145340831;1;0;82;1#2;30;
0415;145340832;1;0;159;1#2;30;
0415;145340833;1;0;194;1#2;30;
0415;145340834;1;0;436;1#2;30;
0415;145340835;1;0;33;1#2;30;
0415;145340836;1;0;326;1#2;30;
0415;145340837;1;0;307;1#2;30;
0415;145340838;1;0;39;1#2;30;
0415;145340840;1;0;161;1#2;30;
0415;145340841;1;0;61;1#2;30;
0415;267999597;1;0;259;1#2;30;
0415;276498515;1;0;53;1#2;30;
0415;276498516;1;0;6;1#2;30;
0415;276498517;1;0;51;1#2;30;
0415;276498518;1;0;6;1#2;30;
0415;145340845;1;0;161;1#2;30;
0415;145340846;1;0;156;1#2;30;
0415;145340847;1;0;128;1#2;30;
0415;145340848;1;0;261;1#2;30;
0415;145340849;1;0;169;1#2;30;
0415;145340850;1;0;230;1#2;30;
0415;145340851;1;0;48;1#2;30;
0415;145340852;1;0;227;1#2;30;
0415;145340853;1;0;43;1#2;30;
0415;145340854;1;0;172;1#2;30;
0415;145340855;1;0;68;1#2;30;
0415;145340856;1;0;140;1#2;30;
0415;145340857;1;0;227;1#2;30;
0415;267941268;1;0;84;1#2;30;
0415;267941269;1;0;69;1#2;30;
0415;145340859;1;0;254;1#2;30;
0415;145340860;1;0;324;1#2;30;
0415;167831206;1;0;15;1#2;30;
0415;167831207;1;0;8;1#2;30;
0415;145340862;1;0;28;1#2;30;
0415;145340863;1;0;180;1#2;30;
0415;145340864;1;0;59;1#2;30;
0415;145340865;1;0;73;1#2;30;
0415;145340866;1;0;272;1#2;30;
0415;145340867;1;0;184;1#2;30;
0415;145340868;1;0;190;1#2;30;
0415;145340869;1;0;311;1#2;30;
0415;145340870;1;0;139;1#2;30;
0415;145340871;1;0;86;1#2;30;
0415;145340872;1;0;191;1#2;30;
0415;145340873;1;0;187;1#2;30;
0415;145340874;1;0;149;1#2;30;
0415;145340875;1;0;121;1#2;30;
0415;145340876;1;0;10;1#2;30;
0415;145340877;1;0;282;1#2;30;
0415;145340878;1;0;267;1#2;30;
0415;145340879;1;0;191;1#2;30;
0415;145340880;1;0;293;1#2;30;
0415;145340881;1;0;110;1#2;30;
0415;145340882;1;0;54;1#2;30;
0415;145340884;1;0;283;1#2;30;
0415;145340886;1;0;106;1#2;30;
0415;145340887;1;0;60;1#2;30;
0415;145340888;1;0;244;1#2;30;
0415;145340889;1;0;105;1#2;30;
0415;145340890;1;0;134;1#2;30;
0415;145340891;1;0;310;1#2;30;
0415;145340892;1;0;84;1#2;30;
0415;145340893;1;0;327;1#2;30;
0415;145340894;1;0;313;1#2;30;
0415;145340895;1;0;64;1#2;30;
0415;145340896;1;0;325;1#2;30;
0415;145340897;1;0;36;1#2;30;
0415;145340898;1;0;52;1#2;30;
0415;145340899;1;0;320;1#2;30;
0415;145340900;1;0;260;1#2;30;
0415;145340901;1;0;185;1#2;30;
0415;163332172;1;0;20;1#2;30;
0415;145340903;1;0;40;1#2;30;
0415;145340904;1;0;18;1#2;30;
0415;145340905;1;0;29;1#2;30;
0415;145340906;1;0;45;1#2;30;
0415;145340907;1;0;95;1#2;30;
0415;163332173;1;0;20;1#2;30;
0415;163332174;1;0;367;1#2;30;
0415;163332175;1;0;32;1#2;30;
0415;145340909;1;0;46;1#2;30;
0415;145340910;1;0;72;1#2;30;
0415;145340911;1;0;153;1#2;30;
0415;145340912;1;0;45;1#2;30;
0415;145340913;1;0;82;1#2;30;
0415;145340914;1;0;147;1#2;30;
0415;145340915;1;0;98;1#2;30;
0415;145340916;1;0;93;1#2;30;
0415;145340917;1;0;326;1#2;30;
0415;145340918;1;0;290;1#2;30;
0415;145340919;1;0;258;1#2;30;
0415;145340920;1;0;227;1#2;30;
0415;145340921;1;0;20;1#2;30;
0415;145340922;1;0;330;1#2;30;
0415;145340923;1;0;86;1#2;30;
0415;145340924;1;0;185;1#2;30;
0415;145340925;1;0;50;1#2;30;
0415;145340926;1;0;123;1#2;30;
0415;145340927;1;0;97;1#2;30;
0415;145340928;1;0;50;1#2;30;
0415;145340929;1;0;23;1#2;30;
0415;145340930;1;0;15;1#2;30;
0415;145340931;1;0;40;1#2;30;
0415;145340932;1;0;37;1#2;30;
0415;145340933;1;0;69;1#2;30;
0415;145340934;1;0;42;1#2;30;
0415;145340935;1;0;67;1#2;30;
0415;145340936;1;0;79;1#2;30;
0415;145340937;1;0;64;1#2;30;
0415;145340938;1;0;59;1#2;30;
0415;145340939;1;0;52;1#2;30;
0415;145340940;1;0;22;1#2;30;
0415;145340941;1;0;44;1#2;30;
0415;145340942;1;0;15;1#2;30;
0415;145340943;1;0;42;1#2;30;
0415;145340944;1;0;40;1#2;30;
0415;145340945;1;0;89;1#2;30;
0415;145340947;1;0;58;1#2;30;
0415;145340948;1;0;36;1#2;30;
0415;145340949;1;0;169;1#2;30;
0415;145340951;1;0;61;1#2;30;
0415;145340952;1;0;57;1#2;30;
0415;145340953;1;0;47;1#2;30;
0415;145340954;1;0;46;1#2;30;
0415;145340955;1;0;63;1#2;30;
0415;145340956;1;0;103;1#2;30;
0415;145340957;1;0;73;1#2;30;
0415;145340958;1;0;37;1#2;30;
0415;145340959;1;0;63;1#2;30;
0415;145340960;1;0;43;1#2;30;
0415;145340961;1;0;87;1#2;30;
0415;145340962;1;0;84;1#2;30;
0415;145340963;1;0;186;1#2;30;
0415;145340964;1;0;83;1#2;30;
0415;145340965;1;0;60;1#2;30;
0415;145340966;1;0;114;1#2;30;
0415;145340967;1;0;70;1#2;30;
0415;145340968;1;0;73;1#2;30;
0415;145340969;1;0;125;1#2;30;
0415;145340970;1;0;68;1#2;30;
0415;145340971;1;0;98;1#2;30;
0415;145340972;1;0;44;1#2;30;
0415;145340973;1;0;76;1#2;30;
0415;145340974;1;0;82;1#2;30;
0415;145340976;1;0;97;1#2;30;
0415;145340977;1;0;61;1#2;30;
0415;145340978;1;0;81;1#2;30;
0415;145340979;1;0;57;1#2;30;
0415;145340980;1;0;64;1#2;30;
0415;145340981;1;0;70;1#2;30;
0415;145340982;1;0;48;1#2;30;
0415;145340983;1;0;69;1#2;30;
0415;145340984;1;0;43;1#2;30;
0415;145340985;1;0;81;1#2;30;
0415;234074437;1;0;6;1#2;30;
0415;234074438;1;0;69;1#2;30;
0415;145340987;1;0;92;1#2;30;
0415;184955108;1;0;77;1#2;30;
0415;145340989;1;0;81;1#2;30;
0415;184955109;1;0;48;1#2;30;
0415;145340991;1;0;236;1#2;30;
0415;145340992;1;0;164;1#2;30;
0415;145340993;1;0;66;1#2;30;
0415;145340994;1;0;80;1#2;30;
0415;145340995;1;0;33;1#2;30;
0415;145340996;1;0;16;1#2;30;
0415;145340997;1;0;9;1#2;30;
0415;145340998;1;0;99;1#2;30;
0415;145340999;1;0;256;1#2;30;
0415;145341000;1;0;366;1#2;30;
0415;145341001;1;0;211;1#2;30;
0415;145341003;1;0;84;1#2;30;
0415;145341004;1;0;424;1#2;30;
0415;145341005;1;0;40;1#2;30;
0415;145341006;1;0;221;1#2;30;
0415;145341007;1;0;158;1#2;30;
0415;145341008;1;0;86;1#2;30;
0415;145341009;1;0;113;1#2;30;
0415;145341010;1;0;58;1#2;30;
0415;145341011;1;0;77;1#2;30;
0415;145341012;1;0;42;1#2;30;
0415;145341013;1;0;137;1#2;30;
0415;145341014;1;0;63;1#2;30;
0415;276498519;1;0;8;1#2;30;
0415;276498520;1;0;40;1#2;30;
0415;145341016;1;0;127;1#2;30;
0415;276498521;1;0;5;1#2;30;
0415;276498522;1;0;53;1#2;30;
0415;276498523;1;0;6;1#2;30;
0415;276498524;1;0;74;1#2;30;
0415;145341020;1;0;29;1#2;30;
0415;145341021;1;0;98;1#2;30;
0415;145341022;1;0;28;1#2;30;
0415;145341023;1;0;79;1#2;30;
0415;145341024;1;0;35;1#2;30;
0415;145341025;1;0;77;1#2;30;
0415;145341026;1;0;31;1#2;30;
0415;145341027;1;0;84;1#2;30;
0415;145341028;1;0;113;1#2;30;
0415;145341029;1;0;32;1#2;30;
0415;145341030;1;0;14;1#2;30;
0415;145341031;1;0;39;1#2;30;
0415;145341032;1;0;90;1#2;30;
0415;145341033;1;0;126;1#2;30;
0415;145341034;1;0;18;1#2;30;
0415;145341035;1;0;40;1#2;30;
0415;145341036;1;0;35;1#2;30;
0415;145341037;1;0;64;1#2;30;
0415;145341038;1;0;74;1#2;30;
0415;145341039;1;0;95;1#2;30;
0415;145341040;1;0;185;1#2;30;
0415;145341041;1;0;140;1#2;30;
0415;145341042;1;0;33;1#2;30;
0415;145341043;1;0;42;1#2;30;
0415;145341044;1;0;64;1#2;30;
0415;145341045;1;0;140;1#2;30;
0415;267999598;1;0;166;1#2;30;
0415;267999599;1;0;102;1#2;30;
0415;145341047;1;0;62;1#2;30;
0415;145341048;1;0;50;1#2;30;
0415;145341049;1;0;61;1#2;30;
0415;267999600;1;0;68;1#2;30;
0415;267999601;1;0;11;1#2;30;
0415;145341051;1;0;176;1#2;30;
0415;145341052;1;0;15;1#2;30;
0415;145341053;1;0;102;1#2;30;
0415;145341054;1;0;91;1#2;30;
0415;145341055;1;0;183;1#2;30;
0415;145341056;1;0;51;1#2;30;
0415;145341057;1;0;62;1#2;30;
0415;167831210;1;0;76;1#2;30;
0415;145341059;1;0;169;1#2;30;
0415;145341060;1;0;134;1#2;30;
0415;145341061;1;0;108;1#2;30;
0415;145341062;1;0;40;1#2;30;
0415;145341063;1;0;562;1#2;30;
0415;145341064;1;0;55;1#2;30;
0415;145341065;1;0;271;1#2;30;
0415;145341066;1;0;359;1#2;30;
0415;145341067;1;0;136;1#2;30;
0415;145341068;1;0;398;1#2;30;
0415;145341069;1;0;267;1#2;30;
0415;145341070;1;0;72;1#2;30;
0415;145341071;1;0;286;1#2;30;
0415;145341072;1;0;259;1#2;30;
0415;145341073;1;0;193;1#2;30;
0415;145341074;1;0;219;1#2;30;
0415;145341075;1;0;60;1#2;30;
0415;145341076;1;0;313;1#2;30;
0415;145341077;1;0;241;1#2;30;
0415;145341078;1;0;135;1#2;30;
0415;145341079;1;0;52;1#2;30;
0415;145341080;1;0;69;1#2;30;
0415;145341081;1;0;366;1#2;30;
0415;145341082;1;0;211;1#2;30;
0415;145341083;1;0;42;1#2;30;
0415;145341084;1;0;86;1#2;30;
0415;145341085;1;0;1081;1#2;30;
0415;145341086;1;0;111;1#2;30;
0415;145341087;1;0;186;1#2;30;
0415;145341088;1;0;56;1#2;30;
0415;145341089;1;0;65;1#2;30;
0415;145341090;1;0;119;1#2;30;
0415;145341091;1;0;51;1#2;30;
0415;145341092;1;0;57;1#2;30;
0415;145341093;1;0;35;1#2;30;
0415;145341094;1;0;652;1#2;30;
0415;145341095;1;0;72;1#2;30;
0415;145341096;1;0;156;1#2;30;
0415;145341097;1;0;104;1#2;30;
0415;145341098;1;0;329;1#2;30;
0415;145341099;1;0;53;1#2;30;
0415;145341100;1;0;71;1#2;30;
0415;145341101;1;0;188;1#2;30;
0415;145341102;1;0;63;1#2;30;
0415;145341103;1;0;49;1#2;30;
0415;145341104;1;0;229;1#2;30;
0415;145341105;1;0;56;1#2;30;
0415;145341106;1;0;399;1#2;30;
0415;145341107;1;0;95;1#2;30;
0415;145341108;1;0;160;1#2;30;
0415;145341109;1;0;146;1#2;30;
0415;145341110;1;0;190;1#2;30;
0415;145341111;1;0;60;1#2;30;
0415;145341112;1;0;91;1#2;30;
0415;145341113;1;0;39;1#2;30;
0415;145341114;1;0;61;1#2;30;
0415;145341115;1;0;43;1#2;30;
0415;145341116;1;0;121;1#2;30;
0415;145341117;1;0;79;1#2;30;
0415;145341118;1;0;131;1#2;30;
0415;145341119;1;0;46;1#2;30;
0415;145341120;1;0;78;1#2;30;
0415;145341121;1;0;171;1#2;30;
0415;145341122;1;0;158;1#2;30;
0415;145341123;1;0;26;1#2;30;
0415;145341124;1;0;38;1#2;30;
0415;267999602;1;0;56;1#2;30;
0415;267999603;1;0;205;1#2;30;
0415;145341126;1;0;48;1#2;30;
0415;145341127;1;0;60;1#2;30;
0415;145341128;1;0;59;1#2;30;
0415;145341129;1;0;505;1#2;30;
0415;145341130;1;0;61;1#2;30;
0415;145341131;1;0;408;1#2;30;
0415;145341132;1;0;242;1#2;30;
0415;145341133;1;0;54;1#2;30;
0415;145341134;1;0;40;1#2;30;
0415;145341135;1;0;91;1#2;30;
0415;145341136;1;0;169;1#2;30;
0415;145341137;1;0;62;1#2;30;
0415;145341138;1;0;353;1#2;30;
0415;145341139;1;0;57;1#2;30;
0415;145341140;1;0;37;1#2;30;
0415;145341141;1;0;302;1#2;30;
0415;145341142;1;0;354;1#2;30;
0415;145341143;1;0;383;1#2;30;
0415;145341144;1;0;82;1#2;30;
0415;145341145;1;0;46;1#2;30;
0415;145341146;1;0;43;1#2;30;
0415;145341147;1;0;48;1#2;30;
0415;276498525;1;0;6;1#2;30;
0415;276498526;1;0;40;1#2;30;
0415;276498527;1;0;7;1#2;30;
0415;276498528;1;0;33;1#2;30;
0415;276498529;1;0;67;1#2;30;
0415;276498530;1;0;6;1#2;30;
0415;145341151;1;0;49;1#2;30;
0415;145341152;1;0;244;1#2;30;
0415;145341153;1;0;64;1#2;30;
0415;145341154;1;0;367;1#2;30;
0415;145341155;1;0;48;1#2;30;
0415;145341156;1;0;74;1#2;30;
0415;145341157;1;0;36;1#2;30;
0415;145341158;1;0;57;1#2;30;
0415;145341159;1;0;52;1#2;30;
0415;145341160;1;0;67;1#2;30;
0415;276498531;1;0;8;1#2;30;
0415;276498532;1;0;264;1#2;30;
0415;276498533;1;0;6;1#2;30;
0415;276498534;1;0;87;1#2;30;
0415;145341163;1;0;28;1#2;30;
0415;145341164;1;0;47;1#2;30;
0415;145341166;1;0;58;1#2;30;
0415;145341167;1;0;54;1#2;30;
0415;145341168;1;0;50;1#2;30;
0415;145341169;1;0;69;1#2;30;
0415;145341170;1;0;55;1#2;30;
0415;145341171;1;0;26;1#2;30;
0415;145341172;1;0;252;1#2;30;
0415;145341173;1;0;238;1#2;30;
0415;145341174;1;0;121;1#2;30;
0415;145341175;1;0;49;1#2;30;
0415;145341176;1;0;66;1#2;30;
0415;145341177;1;0;86;1#2;30;
0415;145341178;1;0;131;1#2;30;
0415;145341179;1;0;231;1#2;30;
0415;145341180;1;0;83;1#2;30;
0415;145341181;1;0;431;1#2;30;
0415;145341182;1;0;93;1#2;30;
0415;145341183;1;0;159;1#2;30;
0415;145341184;1;0;50;1#2;30;
0415;145341185;1;0;51;1#2;30;
0415;145341186;1;0;234;1#2;30;
0415;145341187;1;0;223;1#2;30;
0415;145341188;1;0;166;1#2;30;
0415;145341189;1;0;256;1#2;30;
0415;145341190;1;0;142;1#2;30;
0415;145341191;1;0;256;1#2;30;
0415;145341192;1;0;61;1#2;30;
0415;145341193;1;0;239;1#2;30;
0415;145341194;1;0;94;1#2;30;
0415;145341195;1;0;99;1#2;30;
0415;145341196;1;0;48;1#2;30;
0415;167831211;1;0;73;1#2;30;
0415;145341198;1;0;188;1#2;30;
0415;145341199;1;0;94;1#2;30;
0415;145341200;1;0;102;1#2;30;
0415;145341201;1;0;64;1#2;30;
0415;145341203;1;0;91;1#2;30;
0415;145341204;1;0;167;1#2;30;
0415;145341205;1;0;472;1#2;30;
0415;145341206;1;0;27;1#2;30;
0415;145341207;1;0;73;1#2;30;
0415;145341208;1;0;69;1#2;30;
0415;145341209;1;0;169;1#2;30;
0415;145341210;1;0;71;1#2;30;
0415;145341211;1;0;60;1#2;30;
0415;145341212;1;0;112;1#2;30;
0415;145341213;1;0;182;1#2;30;
0415;145341214;1;0;187;1#2;30;
0415;145341215;1;0;111;1#2;30;
0415;145341216;1;0;651;1#2;30;
0415;145341217;1;0;71;1#2;30;
0415;145341218;1;0;102;1#2;30;
0415;145341219;1;0;53;1#2;30;
0415;145341220;1;0;295;1#2;30;
0415;145341221;1;0;234;1#2;30;
0415;145341222;1;0;116;1#2;30;
0415;145341223;1;0;432;1#2;30;
0415;145341224;1;0;459;1#2;30;
0415;145341225;1;0;71;1#2;30;
0415;145341226;1;0;38;1#2;30;
0415;145341227;1;0;89;1#2;30;
0415;145341228;1;0;49;1#2;30;
0415;145341229;1;0;61;1#2;30;
0415;145341230;1;0;50;1#2;30;
0415;145341231;1;0;56;1#2;30;
0415;145341232;1;0;54;1#2;30;
0415;145341233;1;0;58;1#2;30;
0415;145341234;1;0;65;1#2;30;
0415;145341235;1;0;56;1#2;30;
0415;145341236;1;0;58;1#2;30;
0415;145341237;1;0;48;1#2;30;
0415;145341238;1;0;52;1#2;30;
0415;145341239;1;0;52;1#2;30;
0415;145341240;1;0;47;1#2;30;
0415;145341241;1;0;61;1#2;30;
0415;145341242;1;0;89;1#2;30;
0415;145341243;1;0;46;1#2;30;
0415;145341244;1;0;35;1#2;30;
0415;145341245;1;0;70;1#2;30;
0415;267711769;1;0;54;1#2;30;
0415;145341247;1;0;271;1#2;30;
0415;145341248;1;0;89;1#2;30;
0415;145341249;1;0;184;1#2;30;
0415;145341250;1;0;85;1#2;30;
0415;145341251;1;0;45;1#2;30;
0415;145341252;1;0;84;1#2;30;
0415;267711770;1;0;82;1#2;30;
0415;267711771;1;0;29;1#2;30;
0415;145341254;1;0;87;1#2;30;
0415;145341255;1;0;66;1#2;30;
0415;145341256;1;0;62;1#2;30;
0415;276498535;1;0;8;1#2;30;
0415;276498536;1;0;127;1#2;30;
0415;145341258;1;0;49;1#2;30;
0415;145341259;1;0;58;1#2;30;
0415;145341260;1;0;97;1#2;30;
0415;145341261;1;0;63;1#2;30;
0415;145341262;1;0;41;1#2;30;
0415;145341263;1;0;43;1#2;30;
0415;145341264;1;0;36;1#2;30;
0415;145341265;1;0;60;1#2;30;
0415;145341266;1;0;72;1#2;30;
0415;145341267;1;0;52;1#2;30;
0415;145341268;1;0;150;1#2;30;
0415;145341269;1;0;55;1#2;30;
0415;145341270;1;0;271;1#2;30;
0415;267941270;1;0;136;1#2;30;
0415;267941271;1;0;25;1#2;30;
0415;267941272;1;0;13;1#2;30;
0415;267941273;1;0;28;1#2;30;
0415;267941274;1;0;148;1#2;30;
0415;267941275;1;0;89;1#2;30;
0415;145341273;1;0;135;1#2;30;
0415;145341274;1;0;41;1#2;30;
0415;145341276;1;0;56;1#2;30;
0415;145341279;1;0;58;1#2;30;
0415;145341280;1;0;38;1#2;30;
0415;145341281;1;0;83;1#2;30;
0415;145341282;1;0;60;1#2;30;
0415;145341283;1;0;167;1#2;30;
0415;145341284;1;0;367;1#2;30;
0415;145341285;1;0;126;1#2;30;
0415;145341286;1;0;392;1#2;30;
0415;145341287;1;0;50;1#2;30;
0415;145341288;1;0;67;1#2;30;
0415;145341289;1;0;38;1#2;30;
0415;145341290;1;0;37;1#2;30;
0415;145341291;1;0;48;1#2;30;
0415;145341292;1;0;43;1#2;30;
0415;145341293;1;0;47;1#2;30;
0415;145341294;1;0;66;1#2;30;
0415;145341295;1;0;277;1#2;30;
0415;145341296;1;0;54;1#2;30;
0415;145341297;1;0;113;1#2;30;
0415;145341298;1;0;70;1#2;30;
0415;145341299;1;0;40;1#2;30;
0415;145341301;1;0;37;1#2;30;
0415;145341302;1;0;123;1#2;30;
0415;145341303;1;0;42;1#2;30;
0415;145341304;1;0;67;1#2;30;
0415;145341305;1;0;63;1#2;30;
0415;145341306;1;0;37;1#2;30;
0415;145341307;1;0;457;1#2;30;
0415;145341308;1;0;52;1#2;30;
0415;167831212;1;0;8;1#2;30;
0415;167831213;1;0;37;1#2;30;
0415;145341310;1;0;51;1#2;30;
0415;145341311;1;0;104;1#2;30;
0415;145341312;1;0;64;1#2;30;
0415;145341313;1;0;83;1#2;30;
0415;145341314;1;0;111;1#2;30;
0415;145341315;1;0;97;1#2;30;
0415;145341316;1;0;50;1#2;30;
0415;145341317;1;0;80;1#2;30;
0415;145341318;1;0;162;1#2;30;
0415;145341319;1;0;327;1#2;30;
0415;145341320;1;0;55;1#2;30;
0415;145341321;1;0;120;1#2;30;
0415;145341322;1;0;106;1#2;30;
0415;145341323;1;0;66;1#2;30;
0415;145341324;1;0;52;1#2;30;
0415;145341325;1;0;88;1#2;30;
0415;145341326;1;0;154;1#2;30;
0415;145341327;1;0;102;1#2;30;
0415;145341328;1;0;65;1#2;30;
0415;145341329;1;0;31;1#2;30;
0415;145341330;1;0;218;1#2;30;
0415;145341331;1;0;141;1#2;30;
0415;145341332;1;0;180;1#2;30;
0415;145341333;1;0;46;1#2;30;
0415;145341334;1;0;100;1#2;30;
0415;145341335;1;0;251;1#2;30;
0415;145341336;1;0;197;1#2;30;
0415;145341337;1;0;51;1#2;30;
0415;145341338;1;0;65;1#2;30;
0415;145341339;1;0;203;1#2;30;
0415;145341340;1;0;154;1#2;30;
0415;145341341;1;0;439;1#2;30;
0415;145341342;1;0;305;1#2;30;
0415;145341343;1;0;122;1#2;30;
0415;145341344;1;0;129;1#2;30;
0415;145341345;1;0;165;1#2;30;
0415;145341346;1;0;218;1#2;30;
0415;145341347;1;0;210;1#2;30;
0415;145341348;1;0;113;1#2;30;
0415;145341349;1;0;156;1#2;30;
0415;145341350;1;0;77;1#2;30;
0415;145341351;1;0;50;1#2;30;
0415;145341352;1;0;76;1#2;30;
0415;145341353;1;0;106;1#2;30;
0415;145341354;1;0;64;1#2;30;
0415;145341355;1;0;159;1#2;30;
0415;145341356;1;0;252;1#2;30;
0415;145341357;1;0;107;1#2;30;
0415;145341358;1;0;37;1#2;30;
0415;145341359;1;0;58;1#2;30;
0415;145341360;1;0;433;1#2;30;
0415;145341361;1;0;90;1#2;30;
0415;145341362;1;0;404;1#2;30;
0415;145341363;1;0;70;1#2;30;
0415;145341364;1;0;187;1#2;30;
0415;145341365;1;0;63;1#2;30;
0415;145341366;1;0;101;1#2;30;
0415;145341367;1;0;98;1#2;30;
0415;145341368;1;0;56;1#2;30;
0415;145341369;1;0;179;1#2;30;
0415;145341370;1;0;245;1#2;30;
0415;145341371;1;0;89;1#2;30;
0415;145341372;1;0;342;1#2;30;
0415;145341373;1;0;202;1#2;30;
0415;145341374;1;0;356;1#2;30;
0415;145341375;1;0;372;1#2;30;
0415;145341376;1;0;172;1#2;30;
0415;145341377;1;0;67;1#2;30;
0415;145341378;1;0;394;1#2;30;
0415;145341379;1;0;179;1#2;30;
0415;145341380;1;0;626;1#2;30;
0415;145341381;1;0;245;1#2;30;
0415;145341382;1;0;58;1#2;30;
0415;145341383;1;0;550;1#2;30;
0415;145341384;1;0;96;1#2;30;
0415;145341385;1;0;297;1#2;30;
0415;145341386;1;0;854;1#2;30;
0415;145341387;1;0;99;1#2;30;
0415;145341388;1;0;54;1#2;30;
0415;145341389;1;0;90;1#2;30;
0415;145341390;1;0;107;1#2;30;
0415;145341391;1;0;97;1#2;30;
0415;145341392;1;0;131;1#2;30;
0415;145341393;1;0;57;1#2;30;
0415;145341394;1;0;50;1#2;30;
0415;145341395;1;0;72;1#2;30;
0415;145341396;1;0;82;1#2;30;
0415;145341397;1;0;70;1#2;30;
0415;145341398;1;0;164;1#2;30;
0415;145341399;1;0;92;1#2;30;
0415;145341400;1;0;516;1#2;30;
0415;145341401;1;0;67;1#2;30;
0415;145341402;1;0;120;1#2;30;
0415;145341403;1;0;39;1#2;30;
0415;145341404;1;0;40;1#2;30;
0415;145341405;1;0;46;1#2;30;
0415;145341406;1;0;45;1#2;30;
0415;145341407;1;0;58;1#2;30;
0415;145341408;1;0;80;1#2;30;
0415;145341409;1;0;157;1#2;30;
0415;145341410;1;0;102;1#2;30;
0415;145341411;1;0;263;1#2;30;
0415;145341412;1;0;146;1#2;30;
0415;145341413;1;0;419;1#2;30;
0415;145341414;1;0;306;1#2;30;
0415;145341415;1;0;222;1#2;30;
0415;145341416;1;0;92;1#2;30;
0415;145341417;1;0;151;1#2;30;
0415;145341418;1;0;135;1#2;30;
0415;145341419;1;0;224;1#2;30;
0415;145341420;1;0;41;1#2;30;
0415;145341421;1;0;136;1#2;30;
0415;145341422;1;0;179;1#2;30;
0415;145341423;1;0;237;1#2;30;
0415;145341424;1;0;456;1#2;30;
0415;145341425;1;0;133;1#2;30;
0415;145341426;1;0;51;1#2;30;
0415;145341427;1;0;78;1#2;30;
0415;276498537;1;0;7;1#2;30;
0415;276498538;1;0;97;1#2;30;
0415;145341429;1;0;62;1#2;30;
0415;145341430;1;0;83;1#2;30;
0415;145341431;1;0;53;1#2;30;
0415;145341432;1;0;78;1#2;30;
0415;145341433;1;0;53;1#2;30;
0415;145341434;1;0;119;1#2;30;
0415;145341435;1;0;112;1#2;30;
0415;145341436;1;0;98;1#2;30;
0415;145341437;1;0;153;1#2;30;
0415;145341438;1;0;65;1#2;30;
0415;145341439;1;0;57;1#2;30;
0415;145341440;1;0;217;1#2;30;
0415;145341441;1;0;70;1#2;30;
0415;145341442;1;0;93;1#2;30;
0415;145341443;1;0;150;1#2;30;
0415;145341444;1;0;85;1#2;30;
0415;145341445;1;0;114;1#2;30;
0415;145341446;1;0;101;1#2;30;
0415;145341447;1;0;305;1#2;30;
0415;167831214;1;0;6;1#2;30;
0415;167831215;1;0;171;1#2;30;
0415;145341450;1;0;108;1#2;30;
0415;145341451;1;0;102;1#2;30;
0415;145341452;1;0;182;1#2;30;
0415;145341453;1;0;253;1#2;30;
0415;145341454;1;0;91;1#2;30;
0415;145341455;1;0;495;1#2;30;
0415;145341456;1;0;133;1#2;30;
0415;267711772;1;0;198;1#2;30;
0415;145341458;1;0;65;1#2;30;
0415;145341459;1;0;282;1#2;30;
0415;145341460;1;0;96;1#2;30;
0415;145341461;1;0;84;1#2;30;
0415;145341462;1;0;103;1#2;30;
0415;145341463;1;0;219;1#2;30;
0415;145341464;1;0;346;1#2;30;
0415;145341465;1;0;161;1#2;30;
0415;145341466;1;0;139;1#2;30;
0415;145341467;1;0;62;1#2;30;
0415;145341468;1;0;79;1#2;30;
0415;145341469;1;0;100;1#2;30;
0415;145341470;1;0;135;1#2;30;
0415;145341471;1;0;56;1#2;30;
0415;145341472;1;0;64;1#2;30;
0415;145341473;1;0;535;1#2;30;
0415;145341474;1;0;94;1#2;30;
0415;145341475;1;0;1380;1#2;30;
0415;145341476;1;0;125;1#2;30;
0415;145341477;1;0;102;1#2;30;
0415;145341478;1;0;81;1#2;30;
0415;145341479;1;0;59;1#2;30;
0415;145341480;1;0;186;1#2;30;
0415;145341481;1;0;96;1#2;30;
0415;145341482;1;0;76;1#2;30;
0415;145341483;1;0;542;1#2;30;
0415;145341484;1;0;137;1#2;30;
0415;145341485;1;0;606;1#2;30;
0415;145341486;1;0;157;1#2;30;
0415;145341487;1;0;588;1#2;30;
0415;145341488;1;0;109;1#2;30;
0415;145341489;1;0;399;1#2;30;
0415;145341490;1;0;108;1#2;30;
0415;145341491;1;0;183;1#2;30;
0415;145341492;1;0;252;1#2;30;
0415;145341493;1;0;121;1#2;30;
0415;145341494;1;0;62;1#2;30;
0415;145341495;1;0;51;1#2;30;
0415;145341496;1;0;145;1#2;30;
0415;145341497;1;0;147;1#2;30;
0415;145341498;1;0;99;1#2;30;
0415;145341499;1;0;160;1#2;30;
0415;145341500;1;0;94;1#2;30;
0415;145341501;1;0;372;1#2;30;
0415;145341502;1;0;265;1#2;30;
0415;145341503;1;0;75;1#2;30;
0415;145341504;1;0;97;1#2;30;
0415;145341505;1;0;211;1#2;30;
0415;145341506;1;0;143;1#2;30;
0415;145341507;1;0;151;1#2;30;
0415;145341508;1;0;46;1#2;30;
0415;145341509;1;0;217;1#2;30;
0415;145341510;1;0;182;1#2;30;
0415;145341511;1;0;676;1#2;30;
0415;145341512;1;0;125;1#2;30;
0415;145341513;1;0;36;1#2;30;
0415;145341514;1;0;70;1#2;30;
0415;145341515;1;0;88;1#2;30;
0415;145341516;1;0;70;1#2;30;
0415;145341517;1;0;45;1#2;30;
0415;145341518;1;0;103;1#2;30;
0415;145341519;1;0;69;1#2;30;
0415;145341520;1;0;130;1#2;30;
0415;145341521;1;0;325;1#2;30;
0415;145341522;1;0;54;1#2;30;
0415;145341523;1;0;164;1#2;30;
0415;145341524;1;0;34;1#2;30;
0415;145341525;1;0;99;1#2;30;
0415;145341526;1;0;158;1#2;30;
0415;145341527;1;0;170;1#2;30;
0415;145341528;1;0;174;1#2;30;
0415;145341529;1;0;148;1#2;30;
0415;145341530;1;0;202;1#2;30;
0415;145341531;1;0;119;1#2;30;
0415;145341532;1;0;109;1#2;30;
0415;145341533;1;0;114;1#2;30;
0415;145341534;1;0;135;1#2;30;
0415;145341535;1;0;141;1#2;30;
0415;145341536;1;0;52;1#2;30;
0415;145341537;1;0;38;1#2;30;
0415;145341538;1;0;189;1#2;30;
0415;145341539;1;0;57;1#2;30;
0415;145341540;1;0;132;1#2;30;
0415;145341541;1;0;88;1#2;30;
0415;145341542;1;0;158;1#2;30;
0415;145341543;1;0;186;1#2;30;
0415;145341544;1;0;157;1#2;30;
0415;145341545;1;0;51;1#2;30;
0415;145341546;1;0;158;1#2;30;
0415;145341547;1;0;124;1#2;30;
0415;145341548;1;0;141;1#2;30;
0415;145341549;1;0;119;1#2;30;
0415;145341550;1;0;159;1#2;30;
0415;145341551;1;0;75;1#2;30;
0415;145341553;1;0;107;1#2;30;
0415;145341554;1;0;147;1#2;30;
0415;145341555;1;0;45;1#2;30;
0415;145341557;1;0;103;1#2;30;
0415;145341559;1;0;163;1#2;30;
0415;145341560;1;0;70;1#2;30;
0415;145341561;1;0;310;1#2;30;
0415;145341562;1;0;168;1#2;30;
0415;145341563;1;0;184;1#2;30;
0415;145341564;1;0;69;1#2;30;
0415;145341565;1;0;59;1#2;30;
0415;145341566;1;0;59;1#2;30;
0415;145341567;1;0;124;1#2;30;
0415;145341568;1;0;127;1#2;30;
0415;145341569;1;0;163;1#2;30;
0415;145341570;1;0;69;1#2;30;
0415;145341571;1;0;162;1#2;30;
0415;145341572;1;0;125;1#2;30;
0415;145341573;1;0;174;1#2;30;
0415;145341574;1;0;91;1#2;30;
0415;145341575;1;0;91;1#2;30;
0415;145341576;1;0;89;1#2;30;
0415;145341577;1;0;82;1#2;30;
0415;145341578;1;0;113;1#2;30;
0415;145341579;1;0;120;1#2;30;
0415;145341580;1;0;360;1#2;30;
0415;145341581;1;0;86;1#2;30;
0415;145341582;1;0;94;1#2;30;
0415;145341583;1;0;103;1#2;30;
0415;145341584;1;0;51;1#2;30;
0415;145341585;1;0;69;1#2;30;
0415;145341586;1;0;45;1#2;30;
0415;145341587;1;0;288;1#2;30;
0415;145341588;1;0;181;1#2;30;
0415;145341589;1;0;55;1#2;30;
0415;145341590;1;0;249;1#2;30;
0415;145341591;1;0;56;1#2;30;
0415;145341592;1;0;35;1#2;30;
0415;145341593;1;0;63;1#2;30;
0415;145341594;1;0;37;1#2;30;
0415;145341595;1;0;94;1#2;30;
0415;145341596;1;0;101;1#2;30;
0415;145341597;1;0;41;1#2;30;
0415;145341598;1;0;82;1#2;30;
0415;145341599;1;0;61;1#2;30;
0415;145341600;1;0;141;1#2;30;
0415;245705857;1;0;381;1#2;30;
0415;245705858;1;0;43;1#2;30;
0415;145341602;1;0;49;1#2;30;
0415;145341603;1;0;127;1#2;30;
0415;145341604;1;0;43;1#2;30;
0415;145341605;1;0;46;1#2;30;
0415;145341606;1;0;64;1#2;30;
0415;145341607;1;0;46;1#2;30;
0415;145341608;1;0;52;1#2;30;
0415;145341609;1;0;84;1#2;30;
0415;145341610;1;0;63;1#2;30;
0415;145341611;1;0;96;1#2;30;
0415;145341612;1;0;57;1#2;30;
0415;145341613;1;0;56;1#2;30;
0415;145341614;1;0;193;1#2;30;
0415;145341615;1;0;287;1#2;30;
0415;145341616;1;0;351;1#2;30;
0415;145341617;1;0;818;1#2;30;
0415;145341618;1;0;138;1#2;30;
0415;145341619;1;0;124;1#2;30;
0415;145341620;1;0;172;1#2;30;
0415;145341621;1;0;293;1#2;30;
0415;234074439;1;0;20;1#2;30;
0415;234074440;1;0;67;1#2;30;
0415;145341623;1;0;348;1#2;30;
0415;145341624;1;0;67;1#2;30;
0415;145341625;1;0;100;1#2;30;
0415;145341626;1;0;78;1#2;30;
0415;145341627;1;0;248;1#2;30;
0415;234074441;1;0;7;1#2;30;
0415;234074442;1;0;38;1#2;30;
0415;145341629;1;0;82;1#2;30;
0415;234074443;1;0;3;1#2;30;
0415;234074444;1;0;380;1#2;30;
0415;145341631;1;0;57;1#2;30;
0415;234074445;1;0;9;1#2;30;
0415;234074446;1;0;506;1#2;30;
0415;234074447;1;0;13;1#2;30;
0415;234074448;1;0;188;1#2;30;
0415;145341634;1;0;91;1#2;30;
0415;145341635;1;0;147;1#2;30;
0415;234074449;1;0;10;1#2;30;
0415;234074450;1;0;42;1#2;30;
0415;234074451;1;0;58;1#2;30;
0415;234074452;1;0;12;1#2;30;
0415;234074453;1;0;8;1#2;30;
0415;234074454;1;0;24;1#2;30;
0415;234074455;1;0;14;1#2;30;
0415;234074456;1;0;899;1#2;30;
0415;234074457;1;0;6;1#2;30;
0415;234074458;1;0;299;1#2;30;
0415;184955110;1;0;38;1#2;30;
0415;145341642;1;0;269;1#2;30;
0415;145341643;1;0;91;1#2;30;
0415;145341644;1;0;63;1#2;30;
0415;145341645;1;0;195;1#2;30;
0415;145341646;1;0;299;1#2;30;
0415;145341647;1;0;302;1#2;30;
0415;145341648;1;0;46;1#2;30;
0415;145341649;1;0;67;1#2;30;
0415;145341650;1;0;206;1#2;30;
0415;145341651;1;0;227;1#2;30;
0415;145341652;1;0;176;1#2;30;
0415;145341653;1;0;83;1#2;30;
0415;145341654;1;0;237;1#2;30;
0415;145341655;1;0;107;1#2;30;
0415;184955111;1;0;130;1#2;30;
0415;145341658;1;0;158;1#2;30;
0415;145341659;1;0;415;1#2;30;
0415;184955112;1;0;265;1#2;30;
0415;184955113;1;0;77;1#2;30;
0415;145341663;1;0;305;1#2;30;
0415;145341664;1;0;371;1#2;30;
0415;145341665;1;0;135;1#2;30;
0415;145341666;1;0;267;1#2;30;
0415;145341667;1;0;537;1#2;30;
0415;184955114;1;0;287;1#2;30;
0415;145341669;1;0;406;1#2;30;
0415;145341670;1;0;105;1#2;30;
0415;145341672;1;0;109;1#2;30;
0415;145341673;1;0;246;1#2;30;
0415;145341674;1;0;72;1#2;30;
0415;145341675;1;0;802;1#2;30;
0415;145341676;1;0;86;1#2;30;
0415;145341677;1;0;99;1#2;30;
0415;145341678;1;0;89;1#2;30;
0415;145341679;1;0;149;1#2;30;
0415;145341680;1;0;300;1#2;30;
0415;145341681;1;0;112;1#2;30;
0415;145341682;1;0;92;1#2;30;
0415;267711773;1;0;112;1#2;30;
0415;267711774;1;0;58;1#2;30;
0415;145341684;1;0;75;1#2;30;
0415;145341685;1;0;116;1#2;30;
0415;145341686;1;0;215;1#2;30;
0415;145341687;1;0;274;1#2;30;
0415;145341689;1;0;63;1#2;30;
0415;145341690;1;0;118;1#2;30;
0415;145341691;1;0;168;1#2;30;
0415;145341692;1;0;227;1#2;30;
0415;145341693;1;0;324;1#2;30;
0415;145341694;1;0;18;1#2;30;
0415;145377454;1;0;90;1#2;60;
0415;145377455;1;0;20;1#2;60;
0415;245665188;1;0;1684;1#2;60;
0415;245665189;1;0;411;1#2;60;
0415;245665190;1;0;480;1#2;60;
0415;145377457;1;0;650;1#2;60;
0415;145377458;1;0;125;1#2;60;
0415;145377459;1;0;286;1#2;60;
0415;145377460;1;0;579;1#2;60;
0415;145377461;1;0;575;1#2;60;
0415;145377462;1;0;220;1#2;60;
0415;145377463;1;0;900;1#2;60;
0415;145377464;1;0;1077;1#2;60;
0415;145377465;1;0;1179;1#2;60;
0415;145377466;1;0;454;1#2;60;
0415;145377467;1;0;464;1#2;60;
0415;145377468;1;0;314;1#2;60;
0415;145377469;1;0;310;1#2;60;
0415;145377470;1;0;176;1#2;60;
0415;145377471;1;0;205;1#2;60;
0415;145377472;1;0;70;1#2;60;
0415;145377473;1;0;1170;1#2;60;
0415;145377474;1;0;2320;1#2;60;
0415;145377475;1;0;334;1#2;60;
0415;145377476;1;0;70;1#2;50;
0415;245705859;1;0;62;1#2;50;
0415;245705860;1;0;633;1#2;50;
0415;145377478;1;0;1807;1#2;60;
0415;145377479;1;0;69;1#2;60;
0415;145377480;1;0;247;1#2;60;
0415;145377481;1;0;1436;1#2;60;
0415;145377482;1;0;3192;1#2;60;
0415;145377483;1;0;304;1#2;60;
0415;145377484;1;0;831;1#2;60;
0415;145377485;1;0;1124;1#2;60;
0415;145377486;1;0;865;1#2;60;
0415;145377487;1;0;277;1#2;60;
0415;145377488;1;0;316;1#2;50;
0415;145377489;1;0;1860;1#2;50;
0415;145377490;1;0;1173;1#2;60;
0415;145377491;1;0;877;1#2;60;
0415;145377492;1;0;1024;1#2;50;
0415;145377493;1;0;48;1#2;50;
0415;145377494;1;0;1368;1#2;50;
0415;145377495;1;0;6;1#2;60;
0415;145377496;1;0;865;1#2;60;
0415;145377497;1;0;118;1#2;60;
0415;145377498;1;0;593;1#2;60;
0415;145377499;1;0;307;1#2;60;
0415;145377500;1;0;728;1#2;50;
0415;145377501;1;0;3608;1#2;50;
0415;145377502;1;0;951;1#2;50;
0415;145377503;1;0;356;1#2;50;
0415;145377504;1;0;1444;1#2;50;
0415;145377505;1;0;253;1#2;60;
0415;145377506;1;0;95;1#2;60;
0415;145377507;1;0;1010;1#2;60;
0415;145377508;1;0;286;1#2;60;
0415;145377509;1;0;2068;1#2;60;
0415;145377510;1;0;729;1#2;60;
0415;145377511;1;0;78;1#2;60;
0415;145377512;1;0;1748;1#2;50;
0415;145377513;1;0;671;1#2;50;
0415;145377514;1;0;508;1#2;60;
0415;145377515;1;0;1156;1#2;60;
0415;246228659;1;0;208;1#2;60;
0415;246228660;1;0;2044;1#2;60;
0415;145377517;1;0;423;1#2;60;
0415;145377518;1;0;410;1#2;60;
0415;145377519;1;0;1369;1#2;60;
0415;145377520;1;0;598;1#2;60;
0415;145377521;1;0;213;1#2;60;
0415;145377522;1;0;185;1#2;60;
0415;145377523;1;0;276;1#2;60;
0415;145377524;1;0;1006;1#2;60;
0415;145377525;1;0;2023;1#2;60;
0415;145377526;1;0;43;1#2;30;
0415;145377527;1;0;287;1#2;30;
0415;145377528;1;0;282;1#2;60;
0415;145377529;1;0;422;1#2;60;
0415;145377530;1;0;1102;1#2;60;
0415;145377531;1;0;143;1#2;60;
0415;145377532;1;0;2660;1#2;60;
0415;145377533;1;0;95;1#2;60;
0415;145377534;1;0;229;1#2;60;
0415;145377535;1;0;448;1#2;60;
0415;145377536;1;0;3876;1#2;60;
0415;145377537;1;0;1243;1#2;60;
0415;145377538;1;0;509;1#2;60;
0415;145377539;1;0;1469;1#2;60;
0415;145377540;1;0;1111;1#2;60;
0415;145377541;1;0;1701;1#2;60;
0415;145377542;1;0;2575;1#2;50;
0415;145377543;1;0;258;1#2;60;
0415;145377544;1;0;495;1#2;60;
0415;145377545;1;0;303;1#2;60;
0415;145377546;1;0;2259;1#2;60;
0415;184955115;1;0;1153;1#2;60;
0415;234074459;1;0;5;1#2;60;
0415;234074460;1;0;1225;1#2;60;
0415;145377549;1;0;3453;1#2;60;
0415;145377550;1;0;1770;1#2;60;
0415;145377551;1;0;100;1#2;60;
0415;145377552;1;0;1025;1#2;60;
0415;145377553;1;0;647;1#2;60;
0415;145377554;1;0;12;1#2;60;
0415;145377555;1;0;730;1#2;60;
0415;145377556;1;0;29;1#2;60;
0415;145377557;1;0;1082;1#2;50;
0415;145377558;1;0;172;1#2;50;
0415;163332176;1;0;151;1#2;50;
0415;163332177;1;0;70;1#2;50;
0415;145377560;1;0;212;1#2;60;
0415;145377561;1;0;135;1#2;60;
0415;145377562;1;0;80;1#2;60;
0415;145377563;1;0;25;1#2;60;
0415;145377564;1;0;264;1#2;50;
0415;145377565;1;0;1023;1#2;50;
0415;145377566;1;0;251;1#2;60;
0415;145377567;1;0;490;1#2;60;
0415;145377568;1;0;907;1#2;60;
0415;145377569;1;0;67;1#2;60;
0415;145377570;1;0;199;1#2;50;
0415;145377571;1;0;156;1#2;50;
0415;145377572;1;0;304;1#2;50;
0415;145377573;1;0;57;1#2;50;
0415;145377574;1;0;709;1#2;60;
0415;145377575;1;0;634;1#2;60;
0415;145377576;1;0;223;1#2;60;
0415;145377577;1;0;279;1#2;60;
0415;145377578;1;0;244;1#2;60;
0415;145377579;1;0;24;1#2;60;
0415;145377580;1;0;375;1#2;60;
0415;145377581;1;0;986;1#2;60;
0415;145377582;1;0;1086;1#2;60;
0415;145377583;1;0;50;1#2;60;
0415;145377584;1;0;768;1#2;60;
0415;145377585;1;0;2395;1#2;60;
0415;145377586;1;0;1421;1#2;60;
0415;145377587;1;0;640;1#2;60;
0415;145377588;1;0;138;1#2;60;
0415;145377589;1;0;1796;1#2;60;
0415;145377590;1;0;16;1#2;60;
0415;145377591;1;0;428;1#2;60;
0415;145377592;1;0;182;1#2;60;
0415;145377593;1;0;13;1#2;60;
0415;145377594;1;0;2489;1#2;60;
0415;145377595;1;0;1228;1#2;60;
0415;145377596;1;0;2103;1#2;60;
0415;145377597;1;0;818;1#2;60;
0415;145377598;1;0;48;1#2;60;
0415;145377599;1;0;100;1#2;60;
0415;163332178;1;0;76;1#2;60;
0415;163332179;1;0;157;1#2;60;
0415;145377601;1;0;174;1#2;60;
0415;145377602;1;0;57;1#2;50;
0415;145377603;1;0;431;1#2;50;
0415;145377604;1;0;131;1#2;50;
0415;145377605;1;0;382;1#2;60;
0415;145377606;1;0;42;1#2;60;
0415;145377607;1;0;81;1#2;60;
0415;145377608;1;0;84;1#2;60;
0415;145377609;1;0;17;1#2;60;
0415;145377610;1;0;101;1#2;60;
0415;145377611;1;0;35;1#2;60;
0415;145377612;1;0;149;1#2;60;
0415;145377613;1;0;54;1#2;60;
0415;145377614;1;0;320;1#2;60;
0415;145377615;1;0;54;1#2;60;
0415;145377616;1;0;140;1#2;60;
0415;145377617;1;0;48;1#2;60;
0415;145377618;1;0;18;1#2;60;
0415;145377619;1;0;10;1#2;60;
0415;145377620;1;0;62;1#2;60;
0415;145377621;1;0;198;1#2;60;
0415;145377622;1;0;165;1#2;60;
0415;145377623;1;0;35;1#2;60;
0415;145377624;1;0;378;1#2;60;
0415;266981139;1;0;25;1#2;60;
0415;266981140;1;0;115;1#2;60;
0415;163332181;1;0;565;1#2;60;
0415;145377626;1;0;65;1#2;60;
0415;145377627;1;0;171;1#2;60;
0415;145377628;1;0;358;1#2;60;
0415;145377629;1;0;856;1#2;60;
0415;145377630;1;0;594;1#2;60;
0415;145377631;1;0;1635;1#2;60;
0415;145377632;1;0;675;1#2;60;
0415;145377633;1;0;3602;1#2;60;
0415;145377634;1;0;972;1#2;60;
0415;145377635;1;0;562;1#2;60;
0415;145377636;1;0;891;1#2;60;
0415;145377637;1;0;1471;1#2;60;
0415;145377638;1;0;45;1#2;60;
0415;145377639;1;0;101;1#2;60;
0415;145377640;1;0;31;1#2;60;
0415;145377641;1;0;181;1#2;60;
0415;145377642;1;0;115;1#2;60;
0415;145377643;1;0;160;1#2;60;
0415;163332182;1;0;221;1#2;60;
0415;163332183;1;0;119;1#2;60;
0415;145377645;1;0;74;1#2;60;
0415;145377646;1;0;59;1#2;60;
0415;145377647;1;0;339;1#2;60;
0415;145377648;1;0;68;1#2;60;
0415;145377649;1;0;2017;1#2;60;
0415;145377650;1;0;241;1#2;60;
0415;145377651;1;0;96;1#2;60;
0415;145377652;1;0;160;1#2;60;
0415;145377653;1;0;138;1#2;60;
0415;145377654;1;0;1647;1#2;60;
0415;145377655;1;0;380;1#2;60;
0415;145377656;1;0;725;1#2;60;
0415;145377657;1;0;1827;1#2;60;
0415;145377658;1;0;1564;1#2;60;
0415;145377659;1;0;8;1#2;60;
0415;145377660;1;0;1105;1#2;60;
0415;145377661;1;0;349;1#2;60;
0415;145377662;1;0;953;1#2;60;
0415;145377663;1;0;780;1#2;60;
0415;145377664;1;0;288;1#2;60;
0415;245665191;1;0;200;1#2;60;
0415;145377666;1;0;1052;1#2;60;
0415;145377667;1;0;842;1#2;60;
0415;145377668;1;0;1463;1#2;60;
0415;145377669;1;0;503;1#2;60;
0415;145377670;1;0;1220;1#2;60;
0415;145377671;1;0;453;1#2;60;
0415;145377672;1;0;1002;1#2;60;
0415;145377673;1;0;192;1#2;60;
0415;145377674;1;0;166;1#2;60;
0415;145377675;1;0;184;1#2;60;
0415;145377676;1;0;92;1#2;60;
0415;145377677;1;0;1505;1#2;60;
0415;145377678;1;0;268;1#2;60;
0415;145377679;1;0;9;1#2;60;
0415;145377680;1;0;1069;1#2;60;
0415;145377681;1;0;799;1#2;60;
0415;145377682;1;0;304;1#2;60;
0415;145377683;1;0;1409;1#2;60;
0415;145377684;1;0;4866;1#2;60;
0415;145377685;1;0;32;1#2;60;
0415;145377686;1;0;831;1#2;60;
0415;145377687;1;0;1282;1#2;60;
0415;145377688;1;0;1051;1#2;60;
0415;245665192;1;0;1164;1#2;60;
0415;245665193;1;0;830;1#2;60;
0415;145377690;1;0;765;1#2;60;
0415;145377691;1;0;918;1#2;60;
0415;145377692;1;0;874;1#2;60;
0415;145377693;1;0;374;1#2;60;
0415;145377694;1;0;1493;1#2;60;
0415;145377695;1;0;820;1#2;60;
0415;145377696;1;0;262;1#2;60;
0415;145377697;1;0;697;1#2;60;
0415;145377698;1;0;147;1#2;60;
0415;145377699;1;0;163;1#2;60;
0415;145377700;1;0;309;1#2;60;
0415;145377701;1;0;172;1#2;60;
0415;145377702;1;0;752;1#2;60;
0415;145377703;1;0;198;1#2;60;
0415;145377704;1;0;459;1#2;60;
0415;145377705;1;0;241;1#2;60;
0415;145377706;1;0;255;1#2;60;
0415;145377707;1;0;120;1#2;60;
0415;145377708;1;0;207;1#2;60;
0415;145377709;1;0;758;1#2;60;
0415;145377710;1;0;303;1#2;60;
0415;145377711;1;0;504;1#2;60;
0415;145377712;1;0;259;1#2;60;
0415;145377713;1;0;266;1#2;60;
0415;145377714;1;0;216;1#2;60;
0415;145377715;1;0;246;1#2;60;
0415;145377716;1;0;584;1#2;60;
0415;145377717;1;0;99;1#2;60;
0415;145377718;1;0;848;1#2;60;
0415;145377719;1;0;315;1#2;60;
0415;145377720;1;0;387;1#2;60;
0415;145377721;1;0;43;1#2;60;
0415;145377722;1;0;134;1#2;60;
0415;145377723;1;0;483;1#2;60;
0415;145377724;1;0;464;1#2;60;
0415;145377725;1;0;575;1#2;60;
0415;145377726;1;0;608;1#2;60;
0415;145377727;1;0;957;1#2;60;
0415;145377728;1;0;24;1#2;60;
0415;145377729;1;0;525;1#2;60;
0415;145377730;1;0;134;1#2;50;
0415;145377731;1;0;3684;1#2;60;
0415;145377732;1;0;1173;1#2;60;
0415;145377733;1;0;1673;1#2;60;
0415;145377734;1;0;657;1#2;60;
0415;145377735;1;0;1321;1#2;60;
0415;145377736;1;0;118;1#2;60;
0415;145377737;1;0;29;1#2;60;
0415;145377738;1;0;172;1#2;60;
0415;145377739;1;0;216;1#2;60;
0415;145377740;1;0;61;1#2;60;
0415;145377741;1;0;682;1#2;60;
0415;145377742;1;0;1620;1#2;60;
0415;145377743;1;0;688;1#2;60;
0415;145377744;1;0;626;1#2;60;
0415;145377745;1;0;560;1#2;60;
0415;145377746;1;0;598;1#2;60;
0415;145377747;1;0;497;1#2;60;
0415;145377748;1;0;650;1#2;60;
0415;145377749;1;0;3172;1#2;60;
0415;145377750;1;0;38;1#2;60;
0415;245665194;1;0;225;1#2;60;
0415;245665195;1;0;521;1#2;60;
0415;245665196;1;0;3;1#2;60;
0415;145377752;1;0;3;1#2;60;
0415;245665197;1;0;792;1#2;60;
0415;245665198;1;0;2751;1#2;60;
0415;145377754;1;0;883;1#2;60;
0415;145377755;1;0;1150;1#2;60;
0415;246228661;1;0;4;1#2;60;
0415;246228662;1;0;1179;1#2;60;
0415;145377757;1;0;116;1#2;60;
0415;145377758;1;0;2050;1#2;60;
0415;145377759;1;0;831;1#2;60;
0415;145377760;1;0;1036;1#2;60;
0415;267711775;1;0;93;1#2;60;
0415;267711776;1;0;486;1#2;60;
0415;145377762;1;0;306;1#2;60;
0415;145377763;1;0;43;1#2;60;
0415;145377764;1;0;570;1#2;60;
0415;145377765;1;0;163;1#2;60;
0415;145377766;1;0;719;1#2;60;
0415;145377767;1;0;522;1#2;60;
0415;267941276;1;0;81;1#2;60;
0415;267941277;1;0;147;1#2;60;
0415;267941278;1;0;223;1#2;60;
0415;145377769;1;0;176;1#2;60;
0415;145377770;1;0;747;1#2;60;
0415;167831216;1;0;8;1#2;60;
0415;167831217;1;0;287;1#2;60;
0415;145377772;1;0;109;1#2;60;
0415;145377773;1;0;25;1#2;60;
0415;145377774;1;0;146;1#2;60;
0415;145377775;1;0;207;1#2;60;
0415;145377776;1;0;842;1#2;60;
0415;145377777;1;0;247;1#2;60;
0415;145377778;1;0;598;1#2;60;
0415;145377779;1;0;152;1#2;60;
0415;145377780;1;0;152;1#2;60;
0415;145377781;1;0;351;1#2;60;
0415;145377782;1;0;93;1#2;60;
0415;145377783;1;0;424;1#2;60;
0415;145377784;1;0;323;1#2;60;
0415;145377785;1;0;444;1#2;60;
0415;145377786;1;0;249;1#2;60;
0415;145377787;1;0;398;1#2;60;
0415;145377788;1;0;54;1#2;60;
0415;145377789;1;0;179;1#2;60;
0415;145377790;1;0;260;1#2;60;
0415;145377791;1;0;20;1#2;60;
0415;145377792;1;0;145;1#2;60;
0415;145377793;1;0;55;1#2;60;
0415;145377794;1;0;656;1#2;60;
0415;145377795;1;0;1132;1#2;60;
0415;145377796;1;0;831;1#2;60;
0415;145377797;1;0;444;1#2;60;
0415;145377798;1;0;1367;1#2;60;
0415;145377799;1;0;1626;1#2;60;
0415;145377800;1;0;566;1#2;60;
0415;184955116;1;0;415;1#2;60;
0415;145377802;1;0;377;1#2;60;
0415;145377803;1;0;3118;1#2;60;
0415;145377804;1;0;1189;1#2;60;
0415;145377805;1;0;411;1#2;60;
0415;145377806;1;0;1133;1#2;60;
0415;145377807;1;0;1961;1#2;60;
0415;145377808;1;0;146;1#2;60;
0415;145377809;1;0;2882;1#2;60;
0415;145377810;1;0;32;1#2;50;
0415;145377811;1;0;44;1#2;50;
0415;145377812;1;0;708;1#2;60;
0415;145377813;1;0;69;1#2;60;
0415;145377814;1;0;55;1#2;60;
0415;145377815;1;0;741;1#2;60;
0415;145377816;1;0;444;1#2;60;
0415;145377817;1;0;317;1#2;60;
0415;145377818;1;0;919;1#2;60;
0415;145377819;1;0;444;1#2;60;
0415;145377820;1;0;512;1#2;60;
0415;145377821;1;0;244;1#2;60;
0415;145377822;1;0;891;1#2;30;
0415;145377823;1;0;62;1#2;60;
0415;145377824;1;0;642;1#2;60;
0415;145377825;1;0;1802;1#2;30;
0415;145377826;1;0;748;1#2;30;
0415;145377827;1;0;208;1#2;30;
0415;145377829;1;0;346;1#2;60;
0415;145377830;1;0;13;1#2;30;
0415;145377831;1;0;103;1#2;30;
0415;145377832;1;0;454;1#2;30;
0415;145377833;1;0;179;1#2;30;
0415;145377834;1;0;756;1#2;60;
0415;145377835;1;0;155;1#2;60;
0415;145377836;1;0;52;1#2;60;
0415;145377837;1;0;760;1#2;30;
0415;145377838;1;0;122;1#2;30;
0415;145377839;1;0;372;1#2;30;
0415;145377840;1;0;202;1#2;60;
0415;145377841;1;0;487;1#2;60;
0415;145377843;1;0;562;1#2;30;
0415;145377844;1;0;330;1#2;30;
0415;145377845;1;0;547;1#2;30;
0415;145377846;1;0;229;1#2;30;
0415;145377847;1;0;30;1#2;30;
0415;145377848;1;0;286;1#2;30;
0415;145377849;1;0;35;1#2;30;
0415;145377850;1;0;617;1#2;60;
0415;145377851;1;0;776;1#2;60;
0415;145377852;1;0;168;1#2;60;
0415;163332184;1;0;62;1#2;60;
0415;163332185;1;0;10;1#2;60;
0415;145377854;1;0;1198;1#2;60;
0415;145390966;1;0;488;1#2;70;
0415;145390967;1;0;400;1#2;70;
0415;145390968;1;0;106;1#2;70;
0415;145390969;1;0;246;1#2;70;
0415;145390970;1;0;202;1#2;70;
0415;145390971;1;0;13;1#2;70;
0415;145390972;1;0;11;1#2;70;
0415;145390973;1;0;150;1#2;70;
0415;145390974;1;0;10;1#2;70;
0415;145390975;1;0;11;1#2;70;
0415;145390976;1;0;950;1#2;70;
0415;145390977;1;0;60;1#2;70;
0415;145390978;1;0;96;1#2;70;
0415;145390979;1;0;200;1#2;70;
0415;145390980;1;0;564;1#2;70;
0415;145390981;1;0;1367;1#2;70;
0415;145390982;1;0;277;1#2;70;
0415;145390983;1;0;143;1#2;70;
0415;145391318;1;0;215;1;80;
0415;145391319;1;0;4;1;80;
0415;145391320;1;0;23;1;80;
0415;145391321;1;0;301;1;80;
0415;145391322;1;0;8;1;80;
0415;145391323;1;0;3;1;80;
0415;145391324;1;0;139;1;80;
0415;145391327;1;0;4;1;80;
0415;145391328;1;0;342;1;80;
0415;145391329;1;0;23;1;80;
0415;145392017;1;0;136;1#2;80;
0415;145392018;1;0;217;1#2;80;
0415;145392019;1;0;82;1#2;80;
0415;145392020;1;0;50;1#2;80;
0415;145392021;1;0;283;1#2;80;
0415;145392022;1;0;146;1#2;80;
0415;145392023;1;0;166;1#2;80;
0415;145392024;1;0;65;1#2;80;
0415;145392025;1;0;32;1#2;80;
0415;145392026;1;0;603;1#2;80;
0415;145392026;2;494;603;1#2;50;
0415;145392027;1;0;115;1#2;50;
0415;145392028;1;0;166;1#2;50;
0415;145392029;1;0;113;1#2;50;
0415;145392030;1;0;12;1#2;50;
0415;145392031;1;0;50;1#2;50;
0415;145392032;1;0;76;1#2;50;
0415;145392032;2;60;76;1#2;60;
0415;145392033;1;0;24;1#2;60;
0415;145392034;1;0;16;1#2;60;
0415;186439465;1;0;54;1#2;60;
0415;186439466;1;0;11;1#2;60;
0415;145392036;1;0;6;1#2;60;
0415;145392037;1;0;6;1#2;60;
0415;145392038;1;0;343;1#2;60;
0415;145392039;1;0;601;1#2;60;
0415;145392039;2;35;601;1#2;80;
0415;145392040;1;0;55;1#2;80;
0415;145392041;1;0;351;1#2;80;
0415;145392042;1;0;111;1#2;80;
0415;145392043;1;0;258;1#2;80;
0415;145392044;1;0;17;1#2;80;
0415;145392045;1;0;44;1#2;80;
0415;145392046;1;0;322;1#2;80;
0415;145392047;1;0;524;1#2;80;
0415;145392047;2;387;524;1#2;70;
0415;145392048;1;0;295;1#2;70;
0415;145392048;2;138;295;1#2;70;
0415;145392049;1;0;360;1#2;70;
0415;145392050;1;0;10;1#2;70;
0415;145392051;1;0;12;1#2;70;
0415;145392052;1;0;11;1#2;70;
0415;145392053;1;0;275;1#2;70;
0415;145392053;2;182;275;1#2;70;
0415;145397399;1;0;3;1#2;80;
0415;145397400;1;0;347;1#2;80;
0415;145397401;1;0;269;1#2;80;
0415;145397402;1;0;138;1#2;80;
0415;145397403;1;0;346;1#2;80;
0415;145397404;1;0;197;1#2;80;
0415;145397405;1;0;238;1#2;80;
0415;145397406;1;0;9;1#2;80;
0415;145397407;1;0;56;1#2;80;
0415;145397408;1;0;15;1#2;60;
0415;145397409;1;0;40;1#2;60;
0415;145397410;1;0;95;1#2;60;
0415;145397411;1;0;30;1#2;60;
0415;145397412;1;0;285;1#2;60;
0415;145397413;1;0;120;1#2;60;
0415;145397414;1;0;547;1#2;60;
0415;145397414;2;115;547;1#2;60;
0415;145397415;1;0;84;1#2;60;
0415;145397416;1;0;240;1#2;60;
0415;145397417;1;0;45;1#2;60;
0415;145397418;1;0;87;1#2;60;
0415;145397419;1;0;221;1#2;60;
0415;145397419;2;115;221;1#2;50;
0415;145397420;1;0;12;1#2;50;
0415;145397421;1;0;38;1#2;50;
0415;145397422;1;0;6;1#2;50;
0415;145397423;1;0;40;1#2;50;
0415;276498539;1;0;11;1#2;50;
0415;276498540;1;0;107;1#2;50;
0415;145397425;1;0;34;1#2;50;
0415;145397426;1;0;83;1#2;50;
0415;145397427;1;0;65;1#2;50;
0415;145397428;1;0;55;1#2;50;
0415;145397429;1;0;16;1#2;50;
0415;145397430;1;0;26;1#2;50;
0415;145397431;1;0;108;1#2;50;
0415;145397432;1;0;78;1#2;50;
0415;145397432;2;52;78;1#2;80;
0415;145397433;1;0;138;1#2;80;
0415;145397434;1;0;3;1#2;80;
0415;145397435;1;0;398;1#2;80;
0415;145397436;1;0;365;1#2;80;
0415;145397437;1;0;1607;1#2;80;
0415;145397438;1;0;31;1#2;80;
0415;145397439;1;0;3;1#2;80;
0415;145397540;1;0;4;1#2;80;
0415;145397541;1;0;17;1#2;80;
0415;145397542;1;0;553;1#2;80;
0415;145397543;1;0;690;1#2;80;
0415;145397544;1;0;163;1#2;80;
0415;145397545;1;0;5;1#2;80;
0415;145397546;1;0;6;1#2;80;
0415;145397547;1;0;186;1#2;80;
0415;145397548;1;0;280;1#2;80;
0415;145397549;1;0;812;1#2;80;
0415;145397550;1;0;59;1#2;80;
0415;145397551;1;0;535;1#2;80;
0415;145397551;2;329;535;1#2;60;
0415;145397552;1;0;180;1#2;60;
0415;145397553;1;0;98;1#2;60;
0415;167831218;1;0;26;1#2;60;
0415;167831219;1;0;8;1#2;60;
0415;145397555;1;0;4;1#2;60;
0415;145397556;1;0;3;1#2;60;
0415;145397557;1;0;123;1#2;60;
0415;145397558;1;0;497;1#2;60;
0415;145397559;1;0;327;1#2;60;
0415;145397560;1;0;575;1#2;60;
0415;145397561;1;0;76;1#2;60;
0415;145397562;1;0;24;1#2;60;
0415;145397563;1;0;564;1#2;60;
0415;145397564;1;0;8;1#2;60;
0415;145397565;1;0;87;1#2;60;
0415;145397566;1;0;210;1#2;60;
0415;145397567;1;0;165;1#2;60;
0415;145397568;1;0;464;1#2;60;
0415;145397569;1;0;4;1#2;60;
0415;145397570;1;0;3;1#2;60;
0415;145397571;1;0;150;1;80;
0415;145397571;1;0;150;1#2;60;
0415;145397571;2;100;150;1#2;60;
0415;145397572;1;0;167;1#2;60;
0415;145397572;1;0;167;1#2;60;
0415;145397573;1;0;390;1#2;60;
0415;145397573;1;0;390;1#2;60;
0415;145397574;1;0;34;1#2;60;
0415;145397575;1;0;3;1#2;60;
0415;145397576;1;0;5;1#2;60;
0415;167831220;1;0;13;1#2;60;
0415;167831221;1;0;290;1#2;60;
0415;145397578;1;0;321;1#2;60;
0415;145397579;1;0;88;1#2;60;
0415;145397580;1;0;299;1#2;60;
0415;145397581;1;0;171;1#2;60;
0415;145397582;1;0;65;1#2;60;
0415;145397583;1;0;101;1#2;60;
0415;145397584;1;0;14;1#2;60;
0415;145397585;1;0;77;1#2;60;
0415;145397586;1;0;25;1#2;60;
0415;145397587;1;0;262;1#2;60;
0415;145397588;1;0;583;1#2;60;
0415;145397589;1;0;555;1#2;60;
0415;145397590;1;0;168;1#2;60;
0415;145397591;1;0;97;1#2;60;
0415;145397592;1;0;249;1#2;60;
0415;145397593;1;0;127;1#2;60;
0415;145397594;1;0;221;1#2;60;
0415;145397595;1;0;146;1#2;60;
0415;145397596;1;0;56;1#2;60;
0415;145397597;1;0;4;1#2;60;
0415;145397598;1;0;8;1#2;80;
0415;145397599;1;0;50;1#2;80;
0415;145397600;1;0;643;1#2;80;
0415;145397601;1;0;374;1#2;80;
0415;145397602;1;0;252;1#2;80;
0415;145397603;1;0;731;1#2;80;
0415;145397604;1;0;132;1#2;80;
0415;145397605;1;0;208;1#2;80;
0415;145397606;1;0;304;1#2;80;
0415;145397607;1;0;277;1#2;80;
0415;145397607;2;66;277;1#2;60;
0415;145397608;1;0;4;1#2;60;
0415;145397609;1;0;17;1#2;60;
0415;145397610;1;0;447;1#2;60;
0415;145397611;1;0;9;1#2;60;
0415;145397612;1;0;115;1#2;60;
0415;145397613;1;0;382;1#2;60;
0415;145397614;1;0;8;1#2;60;
0415;145397617;1;0;368;1#2;80;
0415;145397618;1;0;415;1#2;80;
0415;145397619;1;0;517;1#2;80;
0415;145397620;1;0;281;1#2;80;
0415;145397621;1;0;383;1#2;80;
0415;145397622;1;0;64;1#2;80;
0415;145397623;1;0;614;1#2;80;
0415;145397623;2;607;614;1#2;60;
0415;145397624;1;0;20;1#2;60;
0415;145397625;1;0;209;1#2;60;
0415;145397626;1;0;10;1#2;60;
0415;145397627;1;0;3;1#2;60;
0415;145397628;1;0;4;1#2;60;
0415;145397629;1;0;102;1#2;60;
0415;145397630;1;0;216;1#2;60;
0415;145397631;1;0;100;1#2;60;
0415;145397632;1;0;166;1#2;60;
0415;145397633;1;0;327;1#2;60;
0415;145397633;2;276;327;1#2;60;
0415;145397634;1;0;17;1#2;60;
0415;145397635;1;0;526;1#2;60;
0415;145397636;1;0;216;1#2;60;
0415;145397637;1;0;149;1#2;60;
0415;145397638;1;0;192;1#2;60;
0415;145397639;1;0;494;1#2;60;
0415;145397642;1;0;7;1#2;60;
0415;145397643;1;0;47;1#2;60;
0415;145397644;1;0;98;1#2;60;
0415;145397645;1;0;119;1#2;60;
0415;145397646;1;0;95;1#2;60;
0415;145397647;1;0;34;1#2;60;
0415;145397648;1;0;93;1#2;60;
0415;145397649;1;0;44;1#2;60;
0415;145397650;1;0;189;1#2;60;
0415;145397650;2;108;189;1#2;50;
0415;145397651;1;0;57;1#2;50;
0415;145397652;1;0;135;1#2;50;
0415;145397653;1;0;48;1#2;50;
0415;145397654;1;0;33;1#2;50;
0415;145397655;1;0;62;1#2;50;
0415;145397656;1;0;25;1#2;50;
0415;145397657;1;0;57;1#2;50;
0415;145397658;1;0;79;1#2;50;
0415;145397659;1;0;4;1#2;50;
0415;145397660;1;0;25;1#2;50;
0415;145397661;1;0;126;1#2;50;
0415;145397661;2;94;126;1#2;50;
0415;145397662;1;0;147;1#2;50;
0415;145397663;1;0;47;1#2;50;
0415;145397664;1;0;158;1#2;50;
0415;145397665;1;0;356;1#2;50;
0415;145397665;2;36;356;1#2;60;
0415;145397666;1;0;148;1#2;60;
0415;145397667;1;0;78;1#2;60;
0415;145397668;1;0;41;1#2;60;
0415;145397669;1;0;5;1#2;60;
0415;145397670;1;0;4;1#2;80;
0415;145397671;1;0;121;1#2;80;
0415;145397672;1;0;417;1#2;80;
0415;145397672;2;299;417;1#2;60;
0415;145397673;1;0;5;1#2;60;
0415;145397674;1;0;120;1#2;60;
0415;145397675;1;0;24;1#2;60;
0415;145397676;1;0;37;1#2;60;
0415;145397676;2;13;37;1#2;40;
0415;145397677;1;0;329;1#2;40;
0415;145397677;2;276;329;1#2;60;
0415;145397678;1;0;6;1#2;60;
0415;145397679;1;0;168;1#2;60;
0415;145397680;1;0;127;1#2;60;
0415;145397681;1;0;34;1#2;60;
0415;145397682;1;0;139;1#2;60;
0415;145397683;1;0;36;1#2;60;
0415;145397684;1;0;49;1#2;60;
0415;145397685;1;0;606;1#2;60;
0415;145397685;2;48;606;1#2;60;
0415;145397686;1;0;23;1#2;60;
0415;267999604;1;0;19;1#2;60;
0415;267999605;1;0;265;1#2;60;
0415;145397688;1;0;85;1#2;60;
0415;145397689;1;0;227;1#2;60;
0415;145397690;1;0;171;1#2;60;
0415;145397691;1;0;156;1#2;60;
0415;145397692;1;0;317;1#2;60;
0415;145397693;1;0;450;1#2;60;
0415;145397693;2;354;450;1#2;60;
0415;145397694;1;0;18;1#2;60;
0415;145397695;1;0;51;1#2;60;
0415;267999606;1;0;28;1#2;60;
0415;267999607;1;0;200;1#2;60;
0415;145397697;1;0;66;1#2;60;
0415;276498541;1;0;60;1#2;60;
0415;276498542;1;0;93;1#2;60;
0415;145397699;1;0;4;1#2;60;
0415;145397700;1;0;7;1#2;50;
0415;145397701;1;0;118;1#2;50;
0415;145397702;1;0;124;1#2;50;
0415;145397703;1;0;73;1#2;50;
0415;145397704;1;0;20;1#2;50;
0415;145397705;1;0;87;1#2;50;
0415;145397706;1;0;61;1#2;50;
0415;145397707;1;0;28;1#2;50;
0415;145397708;1;0;175;1#2;50;
0415;145397708;2;149;175;1#2;60;
0415;145397709;1;0;7;1#2;60;
0415;145397710;1;0;10;1#2;60;
0415;145397711;1;0;56;1#2;60;
0415;145397712;1;0;433;1#2;60;
0415;145397713;1;0;45;1#2;60;
0415;145397714;1;0;136;1#2;60;
0415;145397715;1;0;211;1#2;60;
0415;145397716;1;0;264;1#2;60;
0415;145397717;1;0;165;1#2;60;
0415;145397718;1;0;561;1#2;60;
0415;145397718;2;47;561;1#2;60;
0415;145397719;1;0;92;1#2;60;
0415;145397720;1;0;181;1#2;60;
0415;145397721;1;0;53;1#2;60;
0415;145397722;1;0;301;1#2;60;
0415;145397723;1;0;137;1#2;60;
0415;145397724;1;0;3;1#2;60;
0415;145397725;1;0;5;1#2;80;
0415;145397726;1;0;530;1#2;80;
0415;145397727;1;0;18;1#2;80;
0415;145397728;1;0;160;1#2;80;
0415;145397729;1;0;651;1#2;80;
0415;145397729;2;467;651;1#2;60;
0415;145397730;1;0;512;1#2;60;
0415;145397730;2;341;512;1#2;60;
0415;145397731;1;0;152;1#2;60;
0415;145397732;1;0;85;1#2;60;
0415;145397733;1;0;67;1#2;60;
0415;145397734;1;0;79;1#2;60;
0415;145397735;1;0;275;1#2;60;
0415;145397736;1;0;3;1#2;80;
0415;167831222;1;0;27;1;80;
0415;167831222;1;0;27;1#2;60;
0415;167831223;1;0;257;1;80;
0415;167831223;1;0;257;1#2;60;
0415;167831223;2;213;257;1#2;60;
0415;145397740;1;0;5;1#2;60;
0415;145397740;1;0;5;1#2;60;
0415;145397741;1;0;108;1#2;60;
0415;145397741;1;0;108;1#2;60;
0415;145397742;1;0;275;1#2;60;
0415;145397742;1;0;275;1#2;60;
0415;145397743;1;0;32;1#2;60;
0415;145397743;1;0;32;1#2;60;
0415;145397744;1;0;294;1#2;60;
0415;145397744;1;0;294;1#2;60;
0415;145397745;1;0;51;1#2;60;
0415;145397746;1;0;296;1#2;60;
0415;276498543;1;0;50;1#2;60;
0415;276498544;1;0;75;1#2;60;
0415;145397748;1;0;90;1#2;60;
0415;145397749;1;0;71;1#2;60;
0415;145397752;1;0;384;1#2;80;
0415;145397753;1;0;629;1#2;80;
0415;145397754;1;0;22;1#2;80;
0415;145397755;1;0;380;1#2;80;
0415;145397757;1;0;61;1#2;80;
0415;145397758;1;0;340;1#2;80;
0415;145397759;1;0;1162;1#2;80;
0415;145397760;1;0;194;1#2;80;
0415;145397761;1;0;4;1#2;80;
0415;145397762;1;0;434;1#2;80;
0415;145397763;1;0;302;1#2;80;
0415;145397764;1;0;397;1#2;80;
0415;145397765;1;0;415;1#2;80;
0415;145397766;1;0;178;1#2;80;
0415;145397767;1;0;9;1#2;80;
0415;145397768;1;0;452;1#2;80;
0415;145397769;1;0;28;1#2;80;
0415;145397770;1;0;618;1#2;80;
0415;145397771;1;0;223;1#2;80;
0415;145397772;1;0;743;1#2;80;
0415;145397773;1;0;132;1#2;80;
0415;145397774;1;0;245;1#2;80;
0415;145397775;1;0;457;1#2;80;
0415;145397776;1;0;5;1#2;50;
0415;145397777;1;0;214;1#2;50;
0415;145397778;1;0;28;1#2;50;
0415;276498545;1;0;47;1#2;50;
0415;276498546;1;0;87;1#2;50;
0415;145397780;1;0;496;1#2;50;
0415;145397781;1;0;77;1#2;50;
0415;145397782;1;0;15;1#2;50;
0415;145397783;1;0;85;1#2;50;
0415;145397784;1;0;3;1#2;50;
0415;145397785;1;0;6;1#2;50;
0415;145397786;1;0;78;1#2;50;
0415;145397787;1;0;18;1#2;50;
0415;276498547;1;0;46;1#2;50;
0415;276498548;1;0;81;1#2;50;
0415;276498549;1;0;35;1#2;50;
0415;276498550;1;0;181;1#2;50;
0415;145397790;1;0;511;1#2;50;
0415;145397790;2;56;511;1#2;60;
0415;145397791;1;0;416;1#2;60;
0415;145397792;1;0;73;1#2;60;
0415;145397793;1;0;126;1#2;60;
0415;145397794;1;0;10;1#2;60;
0415;145397795;1;0;106;1#2;60;
0415;145397796;1;0;40;1#2;60;
0415;145397797;1;0;206;1#2;60;
0415;145397798;1;0;80;1#2;60;
0415;145397799;1;0;36;1#2;60;
0415;145397800;1;0;30;1#2;60;
0415;145397801;1;0;41;1#2;60;
0415;145397802;1;0;4;1#2;60;
0415;145397803;1;0;7;1#2;50;
0415;145397804;1;0;89;1#2;50;
0415;145397805;1;0;53;1#2;50;
0415;145397806;1;0;5;1#2;50;
0415;145397809;1;0;5;1#2;50;
0415;145397810;1;0;47;1#2;50;
0415;145397811;1;0;94;1#2;50;
0415;145397812;1;0;4;1#2;50;
0415;145397815;1;0;398;1#2;80;
0415;145397816;1;0;678;1#2;80;
0415;145397817;1;0;292;1#2;80;
0415;145397818;1;0;14;1#2;80;
0415;145397819;1;0;15;1#2;80;
0415;145397820;1;0;11;1#2;80;
0415;145397821;1;0;455;1#2;80;
0415;145397822;1;0;268;1#2;80;
0415;145397823;1;0;165;1#2;80;
0415;145397824;1;0;66;1#2;80;
0415;145397825;1;0;86;1#2;80;
0415;145397826;1;0;241;1#2;80;
0415;145397827;1;0;118;1#2;80;
0415;145397828;1;0;164;1#2;80;
0415;145397829;1;0;137;1#2;80;
0415;145397830;1;0;235;1#2;80;
0415;145397831;1;0;196;1#2;80;
0415;145397832;1;0;105;1#2;80;
0415;145397833;1;0;163;1#2;80;
0415;145397834;1;0;351;1#2;80;
0415;145397835;1;0;324;1#2;80;
0415;267711777;1;0;171;1#2;80;
0415;267711778;1;0;3;1#2;80;
0415;145397837;1;0;257;1#2;80;
0415;145397838;1;0;56;1#2;80;
0415;145397839;1;0;265;1#2;80;
0415;145397840;1;0;252;1#2;80;
0415;145397841;1;0;3;1#2;80;
0415;145398374;1;0;10;1#2;80;
0415;145398375;1;0;50;1#2;80;
0415;145398376;1;0;28;1#2;80;
0415;145398377;1;0;6;1#2;80;
0415;145398378;1;0;52;1#2;80;
0415;145398379;1;0;47;1#2;80;
0415;145398380;1;0;25;1#2;80;
0415;145398381;1;0;33;1#2;80;
0415;145398382;1;0;75;1#2;80;
0415;145398383;1;0;4;1#2;80;
0415;145398384;1;0;19;1#2;80;
0415;145398385;1;0;56;1#2;60;
0415;145398386;1;0;49;1#2;60;
0415;145398387;1;0;12;1#2;60;
0415;145398390;1;0;204;1#2;60;
0415;145398391;1;0;70;1#2;60;
0415;145398392;1;0;47;1#2;60;
0415;145398393;1;0;164;1#2;60;
0415;145398394;1;0;305;1#2;60;
0415;145398395;1;0;32;1#2;60;
0415;276498551;1;0;61;1#2;60;
0415;276498552;1;0;6;1#2;60;
0415;145398397;1;0;3;1#2;60;
0415;145398398;1;0;6;1;60;
0415;145398399;1;0;6;1;60;
0415;145398400;1;0;8;1;60;
0415;145398401;1;0;6;1;60;
0415;145398402;1;0;6;1;60;
0415;145398403;1;0;5;1;60;
0415;145398404;1;0;8;1;60;
0415;145398405;1;0;7;1;60;
0415;145398406;1;0;8;1;60;
0415;145398407;1;0;4;1;60;
0415;145398408;1;0;9;1;60;
0415;145398409;1;0;6;1;60;
0415;145398410;1;0;380;1#2;80;
0415;145398411;1;0;282;1#2;80;
0415;145398412;1;0;346;1#2;80;
0415;145398413;1;0;688;1#2;80;
0415;145398413;2;515;688;1#2;60;
0415;145398414;1;0;45;1#2;60;
0415;145398415;1;0;14;1#2;60;
0415;145398416;1;0;25;1#2;60;
0415;145398417;1;0;13;1#2;60;
0415;145398418;1;0;26;1#2;60;
0415;145398419;1;0;17;1#2;60;
0415;145398420;1;0;179;1#2;60;
0415;145398420;2;112;179;1#2;80;
0415;145398421;1;0;520;1#2;80;
0415;145398422;1;0;4;1#2;80;
0415;145398688;1;0;18;1#2;80;
0415;145398689;1;0;223;1#2;80;
0415;145398690;1;0;157;1#2;80;
0415;145398691;1;0;5;1#2;80;
0415;145398692;1;0;5;1#2;80;
0415;145398693;1;0;17;1#2;80;
0415;145398694;1;0;86;1#2;80;
0415;145398695;1;0;620;1#2;80;
0415;145398696;1;0;323;1#2;80;
0415;145398697;1;0;23;1#2;80;
0415;145404196;1;0;446;1#2;90;
0415;145404197;1;0;121;1#2;90;
0415;145404198;1;0;13;1#2;90;
0415;268365817;1;0;74;1#2;90;
0415;268365818;1;0;11;1#2;90;
0415;145404200;1;0;1314;1#2;90;
0415;145404200;1;0;1314;1#2;90;
0415;145404200;2;1198;1314;1#2;80;
0415;145404201;1;0;6;1#2;80;
0415;145404202;1;0;6;1#2;80;
0415;145404203;1;0;342;1#2;80;
0415;145404204;1;0;68;1#2;80;
0415;145404205;1;0;201;1#2;80;
0415;145404206;1;0;633;1#2;80;
0415;145404206;2;611;633;1#2;70;
0415;145404207;1;0;7;1#2;70;
0415;145404208;1;0;196;1#2;70;
0415;145404209;1;0;95;1#2;70;
0415;145404210;1;0;80;1#2;70;
0415;145404211;1;0;215;1#2;70;
0415;145404212;1;0;89;1#2;70;
0415;145404213;1;0;422;1#2;70;
0415;145404214;1;0;109;1#2;70;
0415;145404215;1;0;197;1#2;70;
0415;145404216;1;0;68;1#2;70;
0415;145404217;1;0;89;1#2;70;
0415;145404218;1;0;137;1#2;70;
0415;145404219;1;0;24;1#2;70;
0415;145404220;1;0;332;1#2;70;
0415;145404220;2;221;332;1#2;60;
0415;145404224;1;0;494;1#2;60;
0415;145404225;1;0;610;1#2;60;
0415;145404225;2;398;610;1#2;70;
0415;145404226;1;0;90;1#2;70;
0415;145404227;1;0;342;1#2;70;
0415;145404228;1;0;87;1#2;70;
0415;145404229;1;0;90;1#2;70;
0415;145404230;1;0;166;1#2;70;
0415;145404231;1;0;50;1#2;70;
0415;145404232;1;0;19;1#2;70;
0415;145404233;1;0;193;1#2;70;
0415;145404233;2;90;193;1#2;80;
0415;145404234;1;0;447;1#2;80;
0415;145404235;1;0;71;1#2;80;
0415;145404236;1;0;603;1#2;80;
0415;145404244;1;0;89;1#2;70;
0415;145404244;2;62;89;1#2;70;
0415;145407959;1;0;56;1#2;80;
0415;145407960;1;0;54;1#2;80;
0415;145407961;1;0;108;1#2;80;
0415;248544288;1;0;162;1#2;80;
0415;248544289;1;0;6;1#2;80;
0415;145407963;1;0;6;1#2;80;
0415;145408421;1;0;21;1#2;80;
0415;145408422;1;0;29;1#2;80;
0415;145408423;1;0;299;1#2;80;
0415;145408424;1;0;248;1#2;80;
0415;145408425;1;0;4;1#2;80;
0415;145408426;1;0;483;1#2;80;
0415;145408427;1;0;456;1#2;80;
0415;145408428;1;0;67;1#2;80;
0415;145408429;1;0;101;1#2;80;
0415;145408430;1;0;18;1#2;80;
0415;145408431;1;0;5;1#2;80;
0415;145408464;1;0;24;1#2;60;
0415;145408465;1;0;126;1#2;60;
0415;145408466;1;0;74;1#2;60;
0415;145408467;1;0;4;1#2;60;
0415;145408468;1;0;312;1#2;60;
0415;145408468;2;122;312;1#2;80;
0415;145408469;1;0;329;1#2;80;
0415;145408470;1;0;383;1#2;80;
0415;145408471;1;0;91;1#2;80;
0415;145408472;1;0;305;1#2;80;
0415;145408473;1;0;254;1#2;80;
0415;145408474;1;0;98;1#2;80;
0415;145408475;1;0;249;1#2;80;
0415;145408476;1;0;29;1#2;80;
0415;145408477;1;0;932;1#2;80;
0415;145408477;2;822;932;1#2;60;
0415;145408478;1;0;388;1#2;60;
0415;145408479;1;0;263;1#2;60;
0415;145408480;1;0;156;1#2;60;
0415;145408557;1;0;3;1#2;80;
0415;145408558;1;0;217;1#2;80;
0415;145408559;1;0;277;1#2;80;
0415;145408559;2;5;277;1#2;80;
0415;145408560;1;0;197;1#2;80;
0415;145408561;1;0;116;1#2;80;
0415;145408561;2;28;116;1#2;50;
0415;145408562;1;0;100;1#2;50;
0415;145408563;1;0;197;1#2;50;
0415;145408564;1;0;73;1#2;50;
0415;145408565;1;0;9;1#2;50;
0415;145408566;1;0;15;1#2;50;
0415;145408567;1;0;45;1#2;50;
0415;145408568;1;0;53;1#2;50;
0415;145408569;1;0;22;1#2;50;
0415;145408570;1;0;114;1#2;50;
0415;145408571;1;0;201;1#2;50;
0415;145408572;1;0;23;1#2;50;
0415;145408573;1;0;59;1#2;50;
0415;167831224;1;0;59;1#2;50;
0415;167831225;1;0;9;1#2;50;
0415;145408575;1;0;45;1#2;50;
0415;145408576;1;0;99;1#2;50;
0415;145408577;1;0;81;1#2;50;
0415;145408578;1;0;55;1#2;50;
0415;145408579;1;0;126;1#2;50;
0415;145408580;1;0;4;1#2;50;
0415;145408581;1;0;3;1#2;50;
0415;145408582;1;0;664;1#2;50;
0415;145408582;1;0;664;1;80;
0415;145408582;1;0;664;2;70;
0415;145408582;2;580;664;1#2;80;
0415;145408583;1;0;184;1#2;80;
0415;145408584;1;0;280;1#2;80;
0415;145408585;1;0;246;1#2;80;
0415;145408586;1;0;196;1#2;80;
0415;145408587;1;0;183;1#2;80;
0415;145408588;1;0;225;1#2;80;
0415;145408589;1;0;345;1#2;80;
0415;145408590;1;0;34;1#2;80;
0415;145408591;1;0;110;1#2;80;
0415;145408592;1;0;55;1#2;80;
0415;145408593;1;0;226;1#2;80;
0415;145408594;1;0;169;1#2;80;
0415;145408595;1;0;338;1#2;80;
0415;145408596;1;0;700;1#2;80;
0415;145408597;1;0;31;1#2;80;
0415;145408598;1;0;15;1#2;80;
0415;145408599;1;0;208;1#2;80;
0415;145408600;1;0;64;1#2;80;
0415;145408601;1;0;187;1#2;80;
0415;145408602;1;0;54;1#2;80;
0415;145408603;1;0;153;1#2;80;
0415;145408604;1;0;130;1#2;80;
0415;145408605;1;0;166;1#2;80;
0415;145408606;1;0;5;1#2;80;
0415;145408607;1;0;228;1#2;80;
0415;145408608;1;0;406;1#2;80;
0415;145408609;1;0;83;1#2;80;
0415;145408610;1;0;190;1#2;80;
0415;145408611;1;0;35;1#2;80;
0415;145408612;1;0;146;1#2;80;
0415;145408613;1;0;264;1#2;80;
0415;145408614;1;0;233;1#2;80;
0415;145408615;1;0;156;1#2;80;
0415;145408616;1;0;91;1#2;80;
0415;145408617;1;0;135;1#2;80;
0415;145408620;1;0;41;1#2;50;
0415;145408621;1;0;18;1#2;50;
0415;145408622;1;0;92;1#2;50;
0415;145408623;1;0;73;1#2;50;
0415;145408624;1;0;34;1#2;50;
0415;145408625;1;0;5;1#2;50;
0415;145408626;1;0;7;1#2;50;
0415;145408627;1;0;301;1#2;50;
0415;145408628;1;0;23;1#2;50;
0415;145408629;1;0;51;1#2;50;
0415;145408630;1;0;16;1#2;50;
0415;145408631;1;0;106;1#2;50;
0415;145408632;1;0;66;1#2;50;
0415;145408633;1;0;29;1#2;50;
0415;145408634;1;0;42;1#2;50;
0415;145408635;1;0;253;2;70;
0415;145408635;1;0;253;1;80;
0415;145408635;1;0;253;1#2;50;
0415;145408635;2;172;253;1#2;80;
0415;145408636;1;0;135;1#2;80;
0415;145408637;1;0;377;1#2;80;
0415;145408638;1;0;296;1#2;80;
0415;145408639;1;0;592;1#2;80;
0415;145408640;1;0;70;1#2;80;
0415;145408641;1;0;131;1#2;80;
0415;145408642;1;0;220;1#2;80;
0415;145408643;1;0;248;1#2;80;
0415;145408644;1;0;135;1#2;80;
0415;145408644;2;95;135;1#2;70;
0415;145408645;1;0;119;1#2;70;
0415;145408646;1;0;45;1#2;70;
0415;145408647;1;0;144;1#2;70;
0415;145408648;1;0;230;1#2;70;
0415;145408649;1;0;20;1#2;70;
0415;145408650;1;0;53;1#2;70;
0415;145408651;1;0;58;1#2;70;
0415;145408652;1;0;969;1#2;70;
0415;145408652;2;401;969;1#2;80;
0415;145408653;1;0;32;1#2;80;
0415;145408654;1;0;532;1#2;80;
0415;145408655;1;0;172;1#2;80;
0415;145408656;1;0;243;1#2;80;
0415;145408657;1;0;47;1#2;80;
0415;145408658;1;0;77;1#2;80;
0415;145408659;1;0;184;1#2;80;
0415;145408660;1;0;47;1#2;80;
0415;145408661;1;0;246;1#2;80;
0415;145408662;1;0;574;1#2;80;
0415;145408663;1;0;415;1#2;80;
0415;145408663;2;343;415;1#2;70;
0415;145408664;1;0;225;1#2;70;
0415;145408665;1;0;276;1#2;70;
0415;145408666;1;0;103;1#2;70;
0415;145408667;1;0;99;1#2;70;
0415;145408668;1;0;375;1#2;70;
0415;145408669;1;0;287;1#2;70;
0415;145408670;1;0;181;1#2;70;
0415;145408671;1;0;29;1#2;70;
0415;145408672;1;0;25;1#2;70;
0415;145408673;1;0;605;1#2;80;
0415;145408674;1;0;4;1#2;80;
0415;145408675;1;0;406;1#2;80;
0415;145408676;1;0;915;1#2;80;
0415;145408677;1;0;15;1#2;80;
0415;145408678;1;0;18;1#2;80;
0415;145408679;1;0;30;1#2;80;
0415;145408680;1;0;15;1#2;80;
0415;145408681;1;0;11;1#2;80;
0415;145408682;1;0;420;1#2;80;
0415;145408683;1;0;21;1#2;80;
0415;145408684;1;0;15;1#2;80;
0415;145408685;1;0;1102;1#2;80;
0415;145408686;1;0;27;1#2;80;
0415;145408687;1;0;238;1#2;80;
0415;145408688;1;0;608;1#2;80;
0415;145408689;1;0;113;1#2;80;
0415;145408690;1;0;163;1#2;80;
0415;145408691;1;0;343;1#2;80;
0415;145408692;1;0;271;1#2;80;
0415;145408693;1;0;539;1#2;80;
0415;145408694;1;0;683;1#2;80;
0415;145408695;1;0;443;1#2;80;
0415;145408696;1;0;954;1#2;80;
0415;145408697;1;0;1692;1#2;80;
0415;145408698;1;0;241;1#2;80;
0415;145408699;1;0;290;1#2;80;
0415;145408700;1;0;255;1#2;80;
0415;145408701;1;0;202;1#2;80;
0415;145408702;1;0;31;1#2;80;
0415;145408703;1;0;124;1#2;80;
0415;145408704;1;0;164;1#2;80;
0415;145408705;1;0;6;1#2;80;
0415;145408706;1;0;106;1#2;80;
0415;145408707;1;0;21;1#2;80;
0415;145408708;1;0;49;1#2;80;
0415;145408709;1;0;28;1#2;80;
0415;145408710;1;0;29;1#2;80;
0415;145408711;1;0;133;1#2;80;
0415;145408712;1;0;328;1#2;80;
0415;145408713;1;0;23;1#2;80;
0415;145408714;1;0;86;1#2;80;
0415;145408715;1;0;21;1#2;80;
0415;145408716;1;0;308;1#2;80;
0415;234074461;1;0;188;1#2;80;
0415;234074462;1;0;143;1#2;80;
0415;145408744;1;0;3;1#2;80;
0415;145408745;1;0;396;1#2;80;
0415;145408746;1;0;191;1#2;80;
0415;145408747;1;0;471;1#2;80;
0415;145408748;1;0;103;1#2;80;
0415;145408749;1;0;38;1#2;80;
0415;145408750;1;0;413;1#2;80;
0415;145408751;1;0;121;1#2;80;
0415;145408752;1;0;34;1#2;80;
0415;145408753;1;0;52;1#2;80;
0415;145408754;1;0;431;1#2;80;
0415;145408755;1;0;56;1#2;80;
0415;145408756;1;0;69;1#2;80;
0415;145408757;1;0;3;1#2;80;
0415;145408980;1;0;404;1#2;80;
0415;145408981;1;0;7;1#2;80;
0415;145408982;1;0;639;1#2;80;
0415;145408983;1;0;692;1#2;80;
0415;145409125;1;0;57;1#2;80;
0415;145409126;1;0;14;1#2;80;
0415;145409127;1;0;180;1#2;80;
0415;145409128;1;0;13;1#2;80;
0415;145409129;1;0;247;1#2;80;
0415;145411310;1;0;28;1;60;
0415;145411311;1;0;65;1;60;
0415;145411312;1;0;5;1;60;
0415;145411313;1;0;5;1;60;
0415;145411314;1;0;151;1;60;
0415;145411315;1;0;46;1;80;
0415;145411316;1;0;4;1;80;
0415;145411317;1;0;7;1;70;
0415;145411318;1;0;55;1;70;
0415;145411319;1;0;30;1;70;
0415;145411320;1;0;20;1;70;
0415;145411321;1;0;181;1;70;
0415;145411322;1;0;53;1;70;
0415;145411323;1;0;4;1;70;
0415;145411324;1;0;4;1;70;
0415;145411325;1;0;271;1;70;
0415;145411537;1;0;110;1;70;
0415;145411538;1;0;12;1#1H1;70;
0415;145411971;1;0;27;1;60;
0415;145411972;1;0;4;1;60;
0415;145411986;1;0;7;1;80;
0415;145411987;1;0;25;1;80;
0415;145411988;1;0;4;1;60;
0415;145411989;1;0;20;1;60;
0415;145411990;1;0;8;1;60;
0415;145411991;1;0;30;1;80;
0415;145411991;1;0;30;1;60;
0415;145411992;1;0;25;1;60;
0415;145411993;1;0;3;1;60;
0415;145411994;1;0;8;1;60;
0415;145411995;1;0;8;1;50;
0415;145411996;1;0;4;1;50;
0415;145411997;1;0;34;1;50;
0415;145411998;1;0;26;1;50;
0415;145411999;1;0;5;1;50;
0415;145412000;1;0;9;1;80;
0415;145412001;1;0;3;1;80;
0415;145412002;1;0;31;1;80;
0415;145412021;1;0;25;1;60;
0415;145412022;1;0;22;1;60;
0415;145412022;2;4;22;1;60;
0415;145412025;1;0;18;1;80;
0415;145412026;1;0;7;1;80;
0415;145412301;1;0;19;1;50;
0415;145412302;1;0;4;1#2;50;
0415;145412303;1;0;4;1#2;50;
0415;145412304;1;0;12;1;50;
0415;145412305;1;0;8;1;50;
0415;145412306;1;0;10;1;50;
0415;145412307;1;0;34;1;50;
0415;145412427;1;0;14;2;30;
0415;145412428;1;0;37;1;30;
0415;145412429;1;0;35;1;30;
0415;145412430;1;0;9;1#2;30;
0415;145412431;1;0;4;1#2;30;
0415;145412604;1;0;24;2;60;
0415;145412605;1;0;4;2;60;
0415;145412606;1;0;4;2;60;
0415;145412607;1;0;66;2;60;
0415;145412608;1;0;156;2;60;
0415;145412609;1;0;45;2;80;
0415;145412610;1;0;5;2;80;
0415;145412611;1;0;62;2#2H1;70;
0415;145412612;1;0;30;2#2H1;70;
0415;145412613;1;0;20;2;70;
0415;145412614;1;0;181;2;70;
0415;145412615;1;0;4;2;70;
0415;145412616;1;0;53;2;70;
0415;145412617;1;0;275;2;70;
0415;145412831;1;0;110;2;70;
0415;145412832;1;0;12;2;70;
0415;145413280;1;0;27;2;60;
0415;145413281;1;0;4;2;60;
0415;145413295;1;0;7;2;80;
0415;145413296;1;0;25;2;80;
0415;145413297;1;0;4;2;60;
0415;145413298;1;0;20;2;60;
0415;145413299;1;0;8;2;60;
0415;145413300;1;0;30;2;60;
0415;145413301;1;0;25;2;60;
0415;145413302;1;0;3;2;60;
0415;145413303;1;0;8;2;60;
0415;145413304;1;0;8;2;50;
0415;145413305;1;0;4;2;50;
0415;145413306;1;0;34;2;50;
0415;145413307;1;0;26;2;50;
0415;145413308;1;0;5;2;50;
0415;145413309;1;0;9;2;80;
0415;145413310;1;0;3;2;80;
0415;145413311;1;0;31;2;80;
0415;145413330;1;0;25;2;60;
0415;145413331;1;0;22;2;60;
0415;145413331;2;4;22;2;60;
0415;145413334;1;0;18;2;80;
0415;145413335;1;0;7;2;80;
0415;145413592;1;0;19;2;50;
0415;145413593;1;0;12;2;50;
0415;145413594;1;0;3;2;50;
0415;145413595;1;0;5;2;50;
0415;145413596;1;0;10;2;50;
0415;167831226;1;0;6;2;50;
0415;167831227;1;0;28;2;50;
0415;145413682;1;0;14;1;30;
0415;145413683;1;0;37;2;30;
0415;145413684;1;0;35;2;30;
0415;145413754;1;0;62;2H1;70;
0415;145413755;1;0;30;2H1;70;
0415;145413836;1;0;5;1H1;70;
0415;145413837;1;0;5;1H1;70;
0415;145413838;1;0;2;1H1;70;
0415;145414033;1;0;81;1#2;30;
0415;145414034;1;0;70;1#2;50;
0415;145414035;1;0;81;1#2;50;
0415;145414036;1;0;79;1#2;50;
0415;145414037;1;0;71;1#2;50;
0415;145414038;1;0;113;1#2;50;
0415;145414039;1;0;125;1#2;50;
0415;145414040;1;0;275;1#2;50;
0415;145414041;1;0;28;1#2;50;
0415;145414042;1;0;68;1#2;50;
0415;145414043;1;0;676;1#2;30;
0415;145414044;1;0;196;1#2;30;
0415;145414045;1;0;80;1#2;30;
0415;245705861;1;0;427;1#2;30;
0415;245705862;1;0;60;1#2;30;
0415;145414047;1;0;155;1#2;30;
0415;266981141;1;0;54;1#2;30;
0415;266981142;1;0;17;1#2;30;
0415;266981143;1;0;449;1#2;30;
0415;266981144;1;0;144;1#2;30;
0415;266981145;1;0;8;1#2;30;
0415;266981146;1;0;80;1#2;30;
0415;145414052;1;0;45;1#2;30;
0415;145414053;1;0;84;1#2;30;
0415;145414054;1;0;60;1#2;30;
0415;145414055;1;0;74;1#2;50;
0415;145414056;1;0;101;1#2;50;
0415;145414057;1;0;93;1#2;30;
0415;145414058;1;0;44;1#2;50;
0415;145414059;1;0;60;1#2;50;
0415;145414060;1;0;288;1#2;50;
0415;145414061;1;0;108;1#2;50;
0415;145414062;1;0;4;1#2;50;
0415;145414063;1;0;33;1#2;50;
0415;145414064;1;0;48;1#2;50;
0415;145414065;1;0;71;1#2;50;
0415;145414066;1;0;64;1#2;30;
0415;145414067;1;0;70;1#2;50;
0415;145414068;1;0;40;1#2;30;
0415;145414069;1;0;17;1#2;30;
0415;145414070;1;0;54;1#2;30;
0415;145414071;1;0;38;1#2;30;
0415;163332186;1;0;283;1#2;30;
0415;163332187;1;0;98;1#2;30;
0415;145414073;1;0;106;1#2;30;
0415;145414074;1;0;210;1#2;30;
0415;145414075;1;0;82;1#2;30;
0415;145414076;1;0;51;1#2;30;
0415;145414077;1;0;78;1#2;30;
0415;145414078;1;0;171;1#2;30;
0415;145414079;1;0;57;1#2;30;
0415;145414080;1;0;18;1#2;30;
0415;145414081;1;0;148;1#2;30;
0415;266981147;1;0;220;1#2;30;
0415;145414083;1;0;99;1#2;30;
0415;266981148;1;0;89;1#2;30;
0415;266981149;1;0;161;1#2;30;
0415;145414086;1;0;68;1#2;30;
0415;145414087;1;0;76;1#2;30;
0415;266981150;1;0;90;1#2;30;
0415;266981151;1;0;192;1#2;30;
0415;266981152;1;0;67;1#2;30;
0415;145414092;1;0;55;1#2;50;
0415;145414093;1;0;75;1#2;50;
0415;145414094;1;0;30;1#2;30;
0415;145414095;1;0;188;1#2;30;
0415;266981153;1;0;576;1#2;30;
0415;266981154;1;0;65;1#2;30;
0415;145414098;1;0;58;1#2;50;
0415;145414099;1;0;56;1#2;30;
0415;145414100;1;0;195;1#2;30;
0415;145414101;1;0;55;1#2;50;
0415;145414102;1;0;214;1#2;30;
0415;145414103;1;0;151;1#2;30;
0415;145414104;1;0;66;1#2;30;
0415;145414105;1;0;35;1#2;30;
0415;145414106;1;0;493;1#2;50;
0415;145414107;1;0;42;1#2;50;
0415;145414108;1;0;92;1#2;50;
0415;145414109;1;0;19;1#2;30;
0415;145414110;1;0;70;1#2;30;
0415;145414111;1;0;128;1#2;30;
0415;145414112;1;0;25;1#2;50;
0415;145414113;1;0;8;1#2;50;
0415;248544290;1;0;26;1#2;30;
0415;248544291;1;0;80;1#2;30;
0415;163332189;1;0;97;1#2;30;
0415;163332190;1;0;71;1#2;30;
0415;163332192;1;0;105;1#2;30;
0415;163332193;1;0;542;1#2;30;
0415;163332194;1;0;108;1#2;30;
0415;163332195;1;0;62;1#2;30;
0415;163332196;1;0;331;1#2;30;
0415;163332197;1;0;139;1#2;30;
0415;163332200;1;0;314;1#2;30;
0415;266981155;1;0;49;1#2;30;
0415;266981156;1;0;7;1#2;30;
0415;266981157;1;0;188;1#2;30;
0415;163332204;1;0;59;1#2;30;
0415;163332205;1;0;302;1#2;30;
0415;163332206;1;0;95;1#2;30;
0415;167831229;1;0;67;1#2;30;
0415;167831246;1;0;40;1#2;30;
0415;184955118;1;0;59;1#2;30;
0415;184955119;1;0;46;1#2;30;
0415;184955120;1;0;528;1#2;80;
0415;184955121;1;0;425;1#2;80;
0415;184955122;1;0;268;1#2;80;
0415;184955123;1;0;815;1#2;80;
0415;184955124;1;0;3;1#2;80;
0415;184955125;1;0;7;1#2;30;
0415;184955126;1;0;11;1#2;30;
0415;184955127;1;0;127;1#2;80;
0415;184955128;1;0;26;1#2;30;
0415;184955129;1;0;703;1#2;80;
0415;184955130;1;0;44;1#2;30;
0415;184955131;1;0;1185;1#2;80;
0415;184955132;1;0;54;1#2;60;
0415;184955133;1;0;103;1#2;80;
0415;184955134;1;0;26;1#2;60;
0415;184955135;1;0;306;1#2;80;
0415;184955136;1;0;79;1#2;80;
0415;184955137;1;0;21;1#2;30;
0415;184955138;1;0;163;1#2;80;
0415;184955139;1;0;135;1#2;80;
0415;184955140;1;0;682;1#2;80;
0415;184955141;1;0;68;1#2;80;
0415;184955142;1;0;3;1#2;80;
0415;184955143;1;0;109;1#2;50;
0415;245665199;1;0;193;1#2;60;
0415;245665200;1;0;74;1#2;30;
0415;245665201;1;0;161;1#2;30;
0415;245665202;1;0;343;1#2;30;
0415;245665203;1;0;60;1#2;30;
0415;245665205;1;0;153;1#2;20;
0415;245665206;1;0;178;1#2;30;
0415;245665207;1;0;111;1#2;30;
0415;245665208;1;0;385;1#2;30;
0415;245665209;1;0;62;1#2;30;
0415;245665210;1;0;61;1#2;30;
0415;245665211;1;0;356;1#2;30;
0415;245665212;1;0;217;1#2;30;
0415;245665214;1;0;219;1#2;60;
0415;245665215;1;0;65;1#2;30;
0415;245665216;1;0;159;1#2;30;
0415;245665217;1;0;66;1#2;30;
0415;245665218;1;0;117;1#2;30;
0415;245665219;1;0;362;1#2;30;
0415;245665220;1;0;248;1#2;30;
0415;245665221;1;0;61;1#2;30;
0415;245665222;1;0;64;1#2;30;
0415;245665223;1;0;705;1#2;30;
0415;245665224;1;0;341;1#2;30;
0415;245665225;1;0;936;1#2;30;
0415;245665226;1;0;48;1#2;30;
0415;245665227;1;0;162;1#2;30;
0415;245705864;1;0;106;1#2;30;
0415;246228663;1;0;1230;1#2;30;
0415;246228664;1;0;283;1#2;30;
0415;246228665;1;0;124;1#2;30;
0415;266981158;1;0;53;1#2;30;
0415;266981159;1;0;82;1#2;30;
0415;266981160;1;0;18;1#2;30;
0415;266981161;1;0;25;1#2;30;
0415;266981162;1;0;606;1#2;30;
0415;266981163;1;0;89;1#2;30;
0415;266981164;1;0;50;1#2;30;
0415;266981165;1;0;39;1#2;30;
0415;266981166;1;0;56;1#2;30;
0415;266981167;1;0;63;1#2;30;
0415;266981168;1;0;87;1#2;30;
0415;266981169;1;0;19;1#2;30;
0415;266981170;1;0;17;1#2;30;
0415;266981172;1;0;179;1#2;30;
0415;266981173;1;0;60;1#2;30;
0415;266981174;1;0;16;1#2;30;
0415;266981175;1;0;105;1#2;30;
0415;266981176;1;0;67;1#2;30;
0415;266981177;1;0;85;1#2;30;
0415;266981178;1;0;309;1#2;30;
0415;266981179;1;0;63;1#2;30;
0415;267711779;1;0;55;1#2;30;
0415;267711780;1;0;57;1#2;30;
0415;267711781;1;0;167;1#2;30;
0415;267711782;1;0;74;1#2;30;
0415;267711783;1;0;87;1#2;50;
0415;267711784;1;0;296;1#2;50;
0415;267711785;1;0;118;1#2;50;
0415;267711786;1;0;34;1#2;50;
0415;267711787;1;0;132;1#2;50;
0415;267711788;1;0;122;1#2;50;
0415;267711789;1;0;52;1#2;50;
0415;267711790;1;0;68;1#2;50;
0415;267711791;1;0;61;1#2;50;
0415;267711792;1;0;17;1#2;30;
0415;267941279;1;0;59;1#2;50;
0415;267941280;1;0;94;1#2;50;
0415;267941281;1;0;94;1#2;50;
0415;267941282;1;0;121;1#2;30;
0415;267941283;1;0;349;1#2;30;
0415;267941284;1;0;100;1#2;50;
0415;267941285;1;0;46;1#2;50;
0415;267941286;1;0;92;1#2;50;
0415;267941287;1;0;56;1#2;50;
0415;267941288;1;0;40;1#2;50;
0415;267941289;1;0;115;1#2;50;
0415;267941290;1;0;158;1#2;30;
0415;267941291;1;0;125;1#2;30;
0415;267941292;1;0;1109;1#2;30;
0415;267941293;1;0;50;1#2;30;
0415;267999608;1;0;128;1#2;50;
0415;267999609;1;0;80;1#2;50;
0415;267999610;1;0;105;1#2;30;
0415;267999611;1;0;102;1#2;30;
0415;267999612;1;0;289;1#2;30;
0415;276498553;1;0;84;1#2;50;
0415;276498554;1;0;8;1#2;50;
0415;267999614;1;0;18;1#2;30;
0415;267999615;1;0;313;1#2;30;
