*0415*2011 VEGNETT*20110511*INNF*20110511*VDB SVNT*AHT
..Eksport-dato 20110511


Komm; TransID;kode;Fra;   Til;felt;Retning;
0415;145391318;1;0;215;1;2;
0415;145391319;1;0;4;1S;2;
0415;145391320;1;0;23;1S;2;
0415;145391321;1;0;301;1;2;
0415;145391322;1;0;8;1S;2;
0415;145391323;1;0;3;1S;2;
0415;145391324;1;0;139;1;2;
0415;145391327;1;0;4;1S;2;
0415;145391328;1;0;342;1;2;
0415;145391329;1;0;23;1S;2;
0415;145398398;1;0;6;1;2;
0415;145398399;1;0;6;1;2;
0415;145398400;1;0;8;1;2;
0415;145398401;1;0;6;1;2;
0415;145398402;1;0;6;1;2;
0415;145398403;1;0;5;1;2;
0415;145398404;1;0;8;1;2;
0415;145398405;1;0;7;1;2;
0415;145398406;1;0;8;1;2;
0415;145398407;1;0;4;1;2;
0415;145398408;1;0;9;1;2;
0415;145398409;1;0;6;1;2;
0415;145411310;1;0;28;1;2;
0415;145411311;1;0;65;1;2;
0415;145411312;1;0;5;1;2;
0415;145411313;1;0;5;1;2;
0415;145411314;1;0;151;1;2;
0415;145411315;1;0;46;1;2;
0415;145411316;1;0;4;1;2;
0415;145411317;1;0;7;1;2;
0415;145411318;1;0;55;1;2;
0415;145411319;1;0;30;1;2;
0415;145411320;1;0;20;1;2;
0415;145411321;1;0;181;1;2;
0415;145411322;1;0;53;1;2;
0415;145411323;1;0;4;1;2;
0415;145411324;1;0;4;1;2;
0415;145411325;1;0;271;1;2;
0415;145411537;1;0;110;1;2;
0415;145411538;1;0;12;1#1H1;2;
0415;145411971;1;0;27;1;2;
0415;145411972;1;0;4;1;2;
0415;145411986;1;0;7;1;2;
0415;145411987;1;0;25;1;2;
0415;145411988;1;0;4;1;2;
0415;145411989;1;0;20;1;2;
0415;145411990;1;0;8;1;2;
0415;145411991;1;0;30;1;2;
0415;145411992;1;0;25;1;2;
0415;145411993;1;0;3;1;2;
0415;145411994;1;0;8;1;2;
0415;145411995;1;0;8;1;2;
0415;145411996;1;0;4;1;2;
0415;145411997;1;0;34;1;2;
0415;145411998;1;0;26;1;2;
0415;145411999;1;0;5;1;2;
0415;145412000;1;0;9;1;2;
0415;145412001;1;0;3;1;2;
0415;145412002;1;0;31;1;2;
0415;145412021;1;0;25;1;2;
0415;145412022;1;0;22;1;2;
0415;145412025;1;0;18;1;2;
0415;145412026;1;0;7;1;2;
0415;145412301;1;0;19;1;2;
0415;145412304;1;0;12;1;2;
0415;145412305;1;0;8;1;2;
0415;145412306;1;0;10;1;2;
0415;145412307;1;0;34;1;2;
0415;145412427;1;0;14;1;2;
0415;145412428;1;0;37;1;2;
0415;145412429;1;0;35;1;2;
0415;145412604;1;0;24;2;1;
0415;145412605;1;0;4;2;1;
0415;145412606;1;0;4;2;1;
0415;145412607;1;0;66;2;1;
0415;145412608;1;0;156;2;1;
0415;145412609;1;0;45;2;1;
0415;145412610;1;0;5;2;1;
0415;145412611;1;0;62;2#2H1;1;
0415;145412612;1;0;30;2#2H1;1;
0415;145412613;1;0;20;2;1;
0415;145412614;1;0;181;2;1;
0415;145412615;1;0;4;2;1;
0415;145412616;1;0;53;2;1;
0415;145412617;1;0;275;2;1;
0415;145412831;1;0;110;2;1;
0415;145412832;1;0;12;2;1;
0415;145413280;1;0;27;2;1;
0415;145413281;1;0;4;2;1;
0415;145413295;1;0;7;2;1;
0415;145413296;1;0;25;2;1;
0415;145413297;1;0;4;2;1;
0415;145413298;1;0;20;2;1;
0415;145413299;1;0;8;2;1;
0415;145413300;1;0;30;2;1;
0415;145413301;1;0;25;2;1;
0415;145413302;1;0;3;2;1;
0415;145413303;1;0;8;2;1;
0415;145413304;1;0;8;2;1;
0415;145413305;1;0;4;2;1;
0415;145413306;1;0;34;2;1;
0415;145413307;1;0;26;2;1;
0415;145413308;1;0;5;2;1;
0415;145413309;1;0;9;2;1;
0415;145413310;1;0;3;2;1;
0415;145413311;1;0;31;2;1;
0415;145413330;1;0;25;2;1;
0415;145413331;1;0;22;2;1;
0415;145413334;1;0;18;2;1;
0415;145413335;1;0;7;2;1;
0415;145413592;1;0;19;2;1;
0415;145413593;1;0;12;2;1;
0415;145413594;1;0;3;2;1;
0415;145413595;1;0;5;2;1;
0415;145413596;1;0;10;2;1;
0415;167831226;1;0;6;2;1;
0415;167831227;1;0;28;2;1;
0415;145413682;1;0;14;2;1;
0415;145413683;1;0;37;2;1;
0415;145413684;1;0;35;2;1;
0415;145413754;1;0;62;2H1;1;
0415;145413755;1;0;30;2H1;1;
0415;145413836;1;0;5;1H1;2;
0415;145413837;1;0;5;1H1;2;
0415;145413838;1;0;2;1H1;2;
