*0219*2011 VEGNETT*20110511*INNF*20110511*VDB SVNT*AHT
..Eksport-dato 20110511


Komm; TransID;kode;Fra;   Til;felt;Retning;
0219;145173075;1;0;19;1;2;
0219;145173076;1;0;4;1;2;
0219;145173077;1;0;5;1;2;
0219;145173078;1;0;4;1;2;
0219;145173079;1;0;5;1;2;
0219;145173080;1;0;6;1;2;
0219;145173081;1;0;4;1;2;
0219;145173082;1;0;6;1;2;
0219;145173083;1;0;6;1;2;
0219;145173084;1;0;6;1;2;
0219;145173085;1;0;6;1;2;
0219;145173086;1;0;3;1;2;
0219;145173566;1;0;7;1;2;
0219;145173567;1;0;4;1;2;
0219;145173568;1;0;4;1;2;
0219;145173569;1;0;6;1;2;
0219;145173570;1;0;3;1;2;
0219;145173571;1;0;4;1;2;
0219;145173572;1;0;4;1;2;
0219;145173573;1;0;5;1;2;
0219;145173574;1;0;3;1;2;
0219;145174658;1;0;10;1;2;
0219;145174659;1;0;11;1;2;
0219;145174660;1;0;12;1;2;
0219;145174661;1;0;11;1;2;
0219;145174969;1;0;11;1;2;
0219;145174970;1;0;15;1;2;
0219;145174971;1;0;16;1;2;
0219;145174972;1;0;9;1;2;
0219;145176425;1;0;13;1#2;2;
0219;145176426;1;0;114;1#2;2;
0219;145200760;1;0;21;1;2;
0219;145200761;1;0;23;1;2;
0219;145201814;1;0;15;1;2;
0219;145201815;1;0;41;1;2;
0219;145235693;1;0;76;1;2;
0219;145235707;1;0;59;1;2;
0219;145235709;1;0;7;1;2;
0219;145235710;1;0;101;1;2;
0219;145235713;1;0;44;1;2;
0219;145235714;1;0;33;1;2;
0219;145235715;1;0;3;1;2;
0219;145235716;1;0;6;1;2;
0219;145235717;1;0;85;1;2;
0219;145235721;1;0;4;1;2;
0219;145235722;1;0;163;1;2;
0219;145235723;1;0;31;1;2;
0219;145235726;1;0;6;1;2;
0219;145235727;1;0;96;1;2;
0219;145235728;1;0;7;1;2;
0219;145235729;1;0;5;1;2;
0219;145235730;1;0;22;1;2;
0219;145235731;1;0;4;1;2;
0219;145235732;1;0;6;1;2;
0219;145235733;1;0;254;1;2;
0219;145235734;1;0;7;1;2;
0219;145235735;1;0;19;1;2;
0219;145235736;1;0;6;1;2;
0219;145235737;1;0;4;1;2;
0219;145235738;1;0;110;1;2;
0219;145235743;1;0;146;1;2;
0219;145235744;1;0;6;1;2;
0219;145235745;1;0;7;1;2;
0219;145235746;1;0;17;1;2;
0219;145235747;1;0;7;1;2;
0219;145235748;1;0;133;1;2;
0219;145235749;1;0;6;1;2;
0219;145235750;1;0;6;1;2;
0219;145235751;1;0;6;1;2;
0219;145235752;1;0;4;1;2;
0219;145235753;1;0;4;1;2;
0219;145235754;1;0;4;1;2;
0219;145235755;1;0;4;1;2;
0219;145235756;1;0;4;1;2;
0219;145235757;1;0;8;1;2;
0219;145235758;1;0;5;1;2;
0219;145235857;1;0;60;1;2;
0219;145235858;1;0;162;1;2;
0219;145235859;1;0;33;1;2;
0219;145235860;1;0;66;1;2;
0219;145235861;1;0;11;1;2;
0219;145235862;1;0;6;1;2;
0219;145235863;1;0;70;1;2;
0219;145235864;1;0;58;1;2;
0219;145235865;1;0;4;1;2;
0219;145235866;1;0;144;1;2;
0219;145235867;1;0;3;1S;2;
0219;145235868;1;0;9;1;2;
0219;145235869;1;0;14;1;2;
0219;145235870;1;0;111;1;2;
0219;145235871;1;0;41;1;2;
0219;145235873;1;0;62;1;2;
0219;145235874;1;0;66;1;2;
0219;145235875;1;0;6;1;2;
0219;145235876;1;0;13;1;2;
0219;145235877;1;0;94;1;2;
0219;145235878;1;0;12;1;2;
0219;145235881;1;0;5;1;2;
0219;145235882;1;0;140;1;2;
0219;145235883;1;0;14;1;2;
0219;145235884;1;0;6;1;2;
0219;145235885;1;0;5;1;2;
0219;145235887;1;0;232;1;2;
0219;145235888;1;0;135;1;2;
0219;145235891;1;0;211;1;2;
0219;145235894;1;0;313;1;2;
0219;145235897;1;0;107;1;2;
0219;145235898;1;0;8;1;2;
0219;145235900;1;0;232;1;2;
0219;145235901;1;0;299;1;2;
0219;145235902;1;0;48;1;2;
0219;145235903;1;0;11;1;2;
0219;145235904;1;0;6;1;2;
0219;145235905;1;0;212;1;2;
0219;145235906;1;0;31;1;2;
0219;145235909;1;0;219;1;2;
0219;145235910;1;0;63;1;2;
0219;145235911;1;0;161;1;2;
0219;145235912;1;0;24;1;2;
0219;145235913;1;0;6;1;2;
0219;145235915;1;0;142;1;2;
0219;145235916;1;0;293;1;2;
0219;145235919;1;0;542;1;2;
0219;145235920;1;0;41;1;2;
0219;145235925;1;0;5;1;2;
0219;145235926;1;0;28;1;2;
0219;145235927;1;0;5;1S;2;
0219;145235931;1;0;17;1;2;
0219;145235932;1;0;50;1;2;
0219;145235933;1;0;34;1;2;
0219;145235935;1;0;12;1;2;
0219;145235936;1;0;27;1;2;
0219;145235937;1;0;29;1;2;
0219;145235938;1;0;76;1;2;
0219;145235940;1;0;13;1;2;
0219;145235941;1;0;57;1;2;
0219;145235942;1;0;22;1;2;
0219;145235944;1;0;52;1;2;
0219;145235945;1;0;11;1;2;
0219;145235946;1;0;16;1;2;
0219;145235947;1;0;42;1;2;
0219;145235948;1;0;8;1;2;
0219;145235950;1;0;85;1;2;
0219;145235951;1;0;29;1;2;
0219;145235952;1;0;5;1;2;
0219;145235954;1;0;75;1;2;
0219;145235955;1;0;11;1;2;
0219;145235956;1;0;24;1;2;
0219;145235957;1;0;17;1;2;
0219;145235958;1;0;15;1;2;
0219;145235959;1;0;303;1;2;
0219;145235961;1;0;5;1;2;
0219;145235962;1;0;19;1;2;
0219;145235963;1;0;8;1;2;
0219;145235964;1;0;5;1;2;
0219;145235965;1;0;94;1;2;
0219;145235967;1;0;4;1;2;
0219;272147729;1;0;23;1;2;
0219;272147730;1;0;309;1;2;
0219;145235971;1;0;101;1;2;
0219;145235972;1;0;9;1;2;
0219;145235974;1;0;180;1;2;
0219;145235975;1;0;19;1;2;
0219;145235976;1;0;5;1;2;
0219;145235977;1;0;5;1;2;
0219;145235978;1;0;14;1;2;
0219;145235979;1;0;4;1;2;
0219;145235980;1;0;6;1;2;
0219;145235981;1;0;146;1;2;
0219;145235982;1;0;18;1;2;
0219;145235983;1;0;10;1;2;
0219;145235984;1;0;105;1;2;
0219;145235986;1;0;5;1S;2;
0219;145235987;1;0;42;1;2;
0219;145235988;1;0;106;1;2;
0219;145235991;1;0;159;1;2;
0219;145235992;1;0;5;1;2;
0219;145235994;1;0;157;1;2;
0219;145235995;1;0;16;1;2;
0219;145235996;1;0;23;1;2;
0219;145235997;1;0;91;1;2;
0219;145235998;1;0;9;1;2;
0219;145235999;1;0;9;1;2;
0219;145236000;1;0;8;1;2;
0219;145236001;1;0;28;1;2;
0219;145236002;1;0;98;1;2;
0219;145236007;1;0;10;1S;2;
0219;145236008;1;0;131;1;2;
0219;145236009;1;0;110;1;2;
0219;145236011;1;0;6;1;2;
0219;145236012;1;0;36;1;2;
0219;145236013;1;0;6;1;2;
0219;145236015;1;0;29;1;2;
0219;145236016;1;0;284;1;2;
0219;145236017;1;0;8;1;2;
0219;145236018;1;0;23;1;2;
0219;145236019;1;0;18;1;2;
0219;145236020;1;0;8;1;2;
0219;145236022;1;0;127;1;2;
0219;145236023;1;0;8;1;2;
0219;145236112;1;0;6;1;2;
0219;145236113;1;0;9;1;2;
0219;145236114;1;0;8;1;2;
0219;145236115;1;0;8;1;2;
0219;145236116;1;0;16;1;2;
0219;145236117;1;0;8;1;2;
0219;145236118;1;0;6;1;2;
0219;145236119;1;0;16;1;2;
0219;145236120;1;0;10;1;2;
0219;145236121;1;0;7;1;2;
0219;145236122;1;0;6;1;2;
0219;145236123;1;0;13;1;2;
0219;145236124;1;0;4;1;2;
0219;145236125;1;0;5;1;2;
0219;145236126;1;0;7;1;2;
0219;145236127;1;0;8;1;2;
0219;145236128;1;0;13;1;2;
0219;145236129;1;0;27;1;2;
0219;145236130;1;0;7;1;2;
0219;145236131;1;0;7;1;2;
0219;145236132;1;0;24;1;2;
0219;145236133;1;0;15;1;2;
0219;145236134;1;0;5;1;2;
0219;145236135;1;0;6;1;2;
0219;145236136;1;0;36;1;2;
0219;145236137;1;0;3;1;2;
0219;145236138;1;0;5;1;2;
0219;145236139;1;0;6;1;2;
0219;145236140;1;0;13;1;2;
0219;145236141;1;0;5;1;2;
0219;145236142;1;0;5;1;2;
0219;145236143;1;0;5;1;2;
0219;145236144;1;0;5;1;2;
0219;145236145;1;0;4;1;2;
0219;145236146;1;0;3;1;2;
0219;145236147;1;0;6;1;2;
0219;145236148;1;0;6;1;2;
0219;145236149;1;0;5;1;2;
0219;145236150;1;0;6;1;2;
0219;145236151;1;0;5;1;2;
0219;145236152;1;0;6;1;2;
0219;145236153;1;0;6;1;2;
0219;145236154;1;0;6;1;2;
0219;145236155;1;0;5;1;2;
0219;145236156;1;0;4;1;2;
0219;145236157;1;0;24;1;2;
0219;145236158;1;0;4;1;2;
0219;145236159;1;0;6;1;2;
0219;145236160;1;0;11;1;2;
0219;145236161;1;0;13;1;2;
0219;145236162;1;0;9;1;2;
0219;145236163;1;0;9;1;2;
0219;145239039;1;0;12;1;2;
0219;145239040;1;0;6;1;2;
0219;145239041;1;0;6;1;2;
0219;145239042;1;0;3;1;2;
0219;145239043;1;0;7;1;2;
0219;145239044;1;0;9;1;2;
0219;145239045;1;0;22;1;2;
0219;145239046;1;0;7;1;2;
0219;145239047;1;0;7;1;2;
0219;145239048;1;0;6;1;2;
0219;145239049;1;0;6;1;2;
0219;145239050;1;0;7;1;2;
0219;145239051;1;0;11;1;2;
0219;145239052;1;0;8;1;2;
0219;145239053;1;0;11;1;2;
0219;145239054;1;0;4;1;2;
0219;145239055;1;0;7;1;2;
0219;145239056;1;0;10;1;2;
0219;145239057;1;0;9;1;2;
0219;145239058;1;0;6;1;2;
0219;145239059;1;0;5;1;2;
0219;145239060;1;0;4;1;2;
0219;145239061;1;0;8;1;2;
0219;145239062;1;0;7;1;2;
0219;145239063;1;0;4;1;2;
0219;145239064;1;0;4;1;2;
0219;145239065;1;0;4;1;2;
0219;145239066;1;0;4;1;2;
0219;145239067;1;0;14;1;2;
0219;145239068;1;0;4;1;2;
0219;145239069;1;0;4;1;2;
0219;145239070;1;0;4;1;2;
0219;145239071;1;0;7;1;2;
0219;145239072;1;0;8;1;2;
0219;145239073;1;0;15;1;2;
0219;145239074;1;0;6;1;2;
0219;145239075;1;0;7;1;2;
0219;145239076;1;0;9;1;2;
0219;145239077;1;0;6;1;2;
0219;145239078;1;0;7;1;2;
0219;145239079;1;0;5;1;2;
0219;145239080;1;0;5;1;2;
0219;145239081;1;0;6;1;2;
0219;145239082;1;0;5;1;2;
0219;145239083;1;0;9;1;2;
0219;145239084;1;0;10;1;2;
0219;145239085;1;0;25;1;2;
0219;145239086;1;0;8;1;2;
0219;145239087;1;0;8;1;2;
0219;145239150;1;0;20;1;2;
0219;145239151;1;0;9;1;2;
0219;145239152;1;0;8;1;2;
0219;145239153;1;0;5;1;2;
0219;145239154;1;0;15;1;2;
0219;145239155;1;0;8;1;2;
0219;145239156;1;0;8;1;2;
0219;145239157;1;0;8;1;2;
0219;145239158;1;0;6;1;2;
0219;145239159;1;0;7;1;2;
0219;145239160;1;0;7;1;2;
0219;145239161;1;0;15;1;2;
0219;145239162;1;0;7;1;2;
0219;145239163;1;0;8;1;2;
0219;145239164;1;0;11;1;2;
0219;145239165;1;0;7;1;2;
0219;145239166;1;0;9;1;2;
0219;145239167;1;0;11;1;2;
0219;145239168;1;0;7;1;2;
0219;145239169;1;0;7;1;2;
0219;145239170;1;0;3;1;2;
0219;145239171;1;0;19;1;2;
0219;145239172;1;0;3;1;2;
0219;145239173;1;0;6;1;2;
0219;145239174;1;0;7;1;2;
0219;145239175;1;0;6;1;2;
0219;145239176;1;0;6;1;2;
0219;145239177;1;0;6;1;2;
0219;145239178;1;0;3;1;2;
0219;145239179;1;0;7;1;2;
0219;145239180;1;0;5;1;2;
0219;145239181;1;0;23;1;2;
0219;145239182;1;0;6;1;2;
0219;145239183;1;0;6;1;2;
0219;145239184;1;0;29;1;2;
0219;145239185;1;0;7;1;2;
0219;145239186;1;0;6;1;2;
0219;145239187;1;0;15;1;2;
0219;145239188;1;0;5;1;2;
0219;145239189;1;0;5;1;2;
0219;145239190;1;0;3;1;2;
0219;145239191;1;0;7;1;2;
0219;145239192;1;0;6;1;2;
0219;145239193;1;0;11;1;2;
0219;145239194;1;0;8;1;2;
0219;145239195;1;0;6;1;2;
0219;145239196;1;0;26;1;2;
0219;145239197;1;0;7;1;2;
0219;145239198;1;0;7;1;2;
0219;145239199;1;0;6;1;2;
0219;145239200;1;0;6;1;2;
0219;145239201;1;0;6;1;2;
0219;145239202;1;0;8;1;2;
0219;145239203;1;0;4;1;2;
0219;145239204;1;0;8;1;2;
0219;145239205;1;0;5;1;2;
0219;145239206;1;0;3;1;2;
0219;145239207;1;0;4;1;2;
0219;145239208;1;0;24;1;2;
0219;145239209;1;0;4;1;2;
0219;145239210;1;0;3;1;2;
0219;145239211;1;0;7;1;2;
0219;145239212;1;0;6;1;2;
0219;145239213;1;0;6;1;2;
0219;145239214;1;0;6;1;2;
0219;145239215;1;0;5;1;2;
0219;145239216;1;0;7;1;2;
0219;145239217;1;0;8;1;2;
0219;145239218;1;0;4;1;2;
0219;145239219;1;0;10;1;2;
0219;145239220;1;0;6;1;2;
0219;145239221;1;0;6;1;2;
0219;145239222;1;0;4;1;2;
0219;145239223;1;0;4;1;2;
0219;145239224;1;0;4;1;2;
0219;145239225;1;0;6;1;2;
0219;145239226;1;0;8;1;2;
0219;145239227;1;0;7;1;2;
0219;145239228;1;0;7;1;2;
0219;145239229;1;0;6;1;2;
0219;145239230;1;0;7;1;2;
0219;145239231;1;0;7;1;2;
0219;145239232;1;0;10;1;2;
0219;268766338;1;0;26;1;2;
0219;268766339;1;0;11;1;2;
0219;268766340;1;0;9;1;2;
0219;268766341;1;0;27;1;2;
0219;145239419;1;0;7;1;2;
0219;145239420;1;0;8;1;2;
0219;145239421;1;0;39;1;2;
0219;145239422;1;0;5;1;2;
0219;145239423;1;0;6;1;2;
0219;145239424;1;0;33;1;2;
0219;145239425;1;0;8;1;2;
0219;145239426;1;0;10;1;2;
0219;145239427;1;0;12;1;2;
0219;145239428;1;0;8;1;2;
0219;145239429;1;0;8;1;2;
0219;145239430;1;0;8;1;2;
0219;145239431;1;0;8;1;2;
0219;145239432;1;0;7;1;2;
0219;145239433;1;0;56;1;2;
0219;145239434;1;0;4;1;2;
0219;145239435;1;0;6;1;2;
0219;145239436;1;0;6;1;2;
0219;145239437;1;0;4;1;2;
0219;145239629;1;0;5;1;2;
0219;145239630;1;0;8;1;2;
0219;145239631;1;0;7;1;2;
0219;145239632;1;0;7;1;2;
0219;145239633;1;0;10;1;2;
0219;145239634;1;0;5;1;2;
0219;145239635;1;0;28;1;2;
0219;145239636;1;0;7;1;2;
0219;145239637;1;0;6;1;2;
0219;145239638;1;0;5;1;2;
0219;145239639;1;0;4;1;2;
0219;145239640;1;0;7;1;2;
0219;145239641;1;0;8;1;2;
0219;145239642;1;0;4;1;2;
0219;145239643;1;0;5;1;2;
0219;145239644;1;0;19;1;2;
0219;145239645;1;0;8;1;2;
0219;145239646;1;0;4;1;2;
0219;145239647;1;0;6;1;2;
0219;145239648;1;0;4;1;2;
0219;145239649;1;0;9;1;2;
0219;145239650;1;0;6;1;2;
0219;145239651;1;0;4;1;2;
0219;145239652;1;0;5;1;2;
0219;145239653;1;0;16;1;2;
0219;145239654;1;0;8;1;2;
0219;145239655;1;0;5;1;2;
0219;145239656;1;0;10;1;2;
0219;145239657;1;0;7;1;2;
0219;145239658;1;0;8;1;2;
0219;145239659;1;0;11;1;2;
0219;145239660;1;0;6;1;2;
0219;145239661;1;0;6;1;2;
0219;145239662;1;0;7;1;2;
0219;145239663;1;0;8;1;2;
0219;145239664;1;0;7;1;2;
0219;145239665;1;0;22;1;2;
0219;145239666;1;0;8;1;2;
0219;145239667;1;0;6;1;2;
0219;145239668;1;0;8;1;2;
0219;145239669;1;0;6;1;2;
0219;145239670;1;0;5;1;2;
0219;145239671;1;0;5;1;2;
0219;145239672;1;0;8;1;2;
0219;145239673;1;0;9;1;2;
0219;145241930;1;0;24;1;2;
0219;145241931;1;0;7;1;2;
0219;145241932;1;0;7;1;2;
0219;145241933;1;0;3;1;2;
0219;145241934;1;0;6;1;2;
0219;145241935;1;0;6;1;2;
0219;145241936;1;0;11;1;2;
0219;145241937;1;0;9;1;2;
0219;145241938;1;0;5;1;2;
0219;145241952;1;0;17;1;2;
0219;145241953;1;0;8;1;2;
0219;145241954;1;0;8;1;2;
0219;145241955;1;0;20;1;2;
0219;145241956;1;0;14;1;2;
0219;145241957;1;0;11;1;2;
0219;145241958;1;0;6;1;2;
0219;145241959;1;0;5;1;2;
0219;145242020;1;0;6;1;2;
0219;145242021;1;0;8;1;2;
0219;145242022;1;0;6;1;2;
0219;145242023;1;0;9;1;2;
0219;145242024;1;0;7;1;2;
0219;145242025;1;0;7;1;2;
0219;145242026;1;0;16;1;2;
0219;145242027;1;0;7;1;2;
0219;145242028;1;0;7;1;2;
0219;145242118;1;0;8;1;2;
0219;145242119;1;0;7;1;2;
0219;145242120;1;0;16;1;2;
0219;145242195;1;0;18;1;2;
0219;145242196;1;0;9;1;2;
0219;145242197;1;0;8;1;2;
0219;145242198;1;0;10;1;2;
0219;145242199;1;0;6;1;2;
0219;145242200;1;0;6;1;2;
0219;145242201;1;0;6;1;2;
0219;145242202;1;0;9;1;2;
0219;145242203;1;0;8;1;2;
0219;145242204;1;0;3;1;2;
0219;145242205;1;0;2;1;2;
0219;145242206;1;0;2;1;2;
0219;145242207;1;0;4;1;2;
0219;145242208;1;0;3;1;2;
0219;145242209;1;0;3;1;2;
0219;145242210;1;0;8;1;2;
0219;145242211;1;0;4;1;2;
0219;145242212;1;0;3;1;2;
0219;145242285;1;0;4;1;2;
0219;145242286;1;0;6;1;2;
0219;145242287;1;0;4;1;2;
0219;145242288;1;0;4;1;2;
0219;145242289;1;0;5;1;2;
0219;145242290;1;0;4;1;2;
0219;145242291;1;0;4;1;2;
0219;145242292;1;0;5;1;2;
0219;145242293;1;0;6;1;2;
0219;145242294;1;0;4;1;2;
0219;145242295;1;0;4;1;2;
0219;145242346;1;0;24;1;2;
0219;145242347;1;0;6;1;2;
0219;145242348;1;0;6;1;2;
0219;145242349;1;0;6;1;2;
0219;145242350;1;0;5;1;2;
0219;145242351;1;0;6;1;2;
0219;145242352;1;0;11;1;2;
0219;145242353;1;0;6;1;2;
0219;145242354;1;0;6;1;2;
0219;145242408;1;0;14;1;2;
0219;145242409;1;0;4;1;2;
0219;145242410;1;0;3;1;2;
0219;145242411;1;0;8;1;2;
0219;145242412;1;0;5;1;2;
0219;145242413;1;0;5;1;2;
0219;145242414;1;0;16;1;2;
0219;145242415;1;0;4;1;2;
0219;145242416;1;0;4;1;2;
0219;145242417;1;0;13;1;2;
0219;145242418;1;0;3;1;2;
0219;145242419;1;0;4;1;2;
0219;145242420;1;0;11;1;2;
0219;145242421;1;0;4;1;2;
0219;145242422;1;0;3;1;2;
0219;145242423;1;0;16;1;2;
0219;145242424;1;0;5;1;2;
0219;145242425;1;0;4;1;2;
0219;145242426;1;0;10;1;2;
0219;145242427;1;0;10;1;2;
0219;145242428;1;0;8;1;2;
0219;145242429;1;0;6;1;2;
0219;145242430;1;0;7;1;2;
0219;145242431;1;0;4;1;2;
0219;145242432;1;0;6;1;2;
0219;145242433;1;0;10;1;2;
0219;145242434;1;0;6;1;2;
0219;145242435;1;0;4;1;2;
0219;145242436;1;0;6;1;2;
0219;145242437;1;0;6;1;2;
0219;145242438;1;0;6;1;2;
0219;145242439;1;0;12;1;2;
0219;145242440;1;0;6;1;2;
0219;145242441;1;0;6;1;2;
0219;145242442;1;0;11;1;2;
0219;145242443;1;0;9;1;2;
0219;145242444;1;0;7;1;2;
0219;145242445;1;0;6;1;2;
0219;145242529;1;0;5;1;2;
0219;145242530;1;0;6;1;2;
0219;145242531;1;0;4;1;2;
0219;145242532;1;0;15;1;2;
0219;145242533;1;0;4;1;2;
0219;145242534;1;0;7;1;2;
0219;145242535;1;0;11;1;2;
0219;145242536;1;0;5;1;2;
0219;145242537;1;0;5;1;2;
0219;145242538;1;0;22;1;2;
0219;145242539;1;0;4;1;2;
0219;145242540;1;0;4;1;2;
0219;145242541;1;0;7;1;2;
0219;145242542;1;0;4;1;2;
0219;145242543;1;0;4;1;2;
0219;145242544;1;0;8;1;2;
0219;145242545;1;0;7;1;2;
0219;145242546;1;0;8;1;2;
0219;145242547;1;0;7;1;2;
0219;145242548;1;0;3;1;2;
0219;145242549;1;0;3;1;2;
0219;145242550;1;0;8;1;2;
0219;145242551;1;0;7;1;2;
0219;145242552;1;0;5;1;2;
0219;145242553;1;0;4;1;2;
0219;145242554;1;0;6;1;2;
0219;145242555;1;0;4;1;2;
0219;145242556;1;0;3;1;2;
0219;145242557;1;0;11;1;2;
0219;145242558;1;0;6;1;2;
0219;145242559;1;0;4;1;2;
0219;145242560;1;0;4;1;2;
0219;145242561;1;0;4;1;2;
0219;145242562;1;0;4;1;2;
0219;145242563;1;0;9;1;2;
0219;145242564;1;0;4;1;2;
0219;145242565;1;0;6;1;2;
0219;145242566;1;0;7;1;2;
0219;145242567;1;0;4;1;2;
0219;145242568;1;0;6;1;2;
0219;145242669;1;0;2;1;2;
0219;145242670;1;0;2;1;2;
0219;145242671;1;0;3;1;2;
0219;145242672;1;0;9;1;2;
0219;145242673;1;0;4;1;2;
0219;145242674;1;0;3;1;2;
0219;145242675;1;0;5;1;2;
0219;145242676;1;0;4;1;2;
0219;145242677;1;0;7;1;2;
0219;145242678;1;0;3;1;2;
0219;145242679;1;0;3;1;2;
0219;145242714;1;0;5;1;2;
0219;145242715;1;0;5;1;2;
0219;145242716;1;0;9;1;2;
0219;145242717;1;0;9;1;2;
0219;145242718;1;0;9;1;2;
0219;145242719;1;0;15;1;2;
0219;145242720;1;0;12;1;2;
0219;145242721;1;0;13;1;2;
0219;145242755;1;0;14;1;2;
0219;145242756;1;0;8;1;2;
0219;145242757;1;0;10;1;2;
0219;145242758;1;0;7;1;2;
0219;145242759;1;0;7;1;2;
0219;145242760;1;0;12;1;2;
0219;145242761;1;0;9;1;2;
0219;145242762;1;0;8;1;2;
0219;145242763;1;0;7;1;2;
0219;145242764;1;0;6;1;2;
0219;145242765;1;0;5;1;2;
0219;145242766;1;0;27;1;2;
0219;145242767;1;0;6;1;2;
0219;145242768;1;0;4;1;2;
0219;145242769;1;0;13;1;2;
0219;145242770;1;0;9;1;2;
0219;145242771;1;0;9;1;2;
0219;145242772;1;0;13;1;2;
0219;145242773;1;0;6;1;2;
0219;145242774;1;0;8;1;2;
0219;145242775;1;0;16;1;2;
0219;145242776;1;0;5;1;2;
0219;145242777;1;0;5;1;2;
0219;145242778;1;0;16;1;2;
0219;145242779;1;0;5;1;2;
0219;145242780;1;0;7;1;2;
0219;145242781;1;0;18;1;2;
0219;145242782;1;0;7;1;2;
0219;145242783;1;0;7;1;2;
0219;145242784;1;0;13;1;2;
0219;145242785;1;0;7;1;2;
0219;145242786;1;0;9;1;2;
0219;145248822;1;0;51;1;2;
0219;145248823;1;0;84;1;2;
0219;145248826;1;0;77;1;2;
0219;145248827;1;0;34;1;2;
0219;145248828;1;0;72;1;2;
0219;145248829;1;0;203;1;2;
0219;145248830;1;0;118;1;2;
0219;145248832;1;0;9;1;2;
0219;145248833;1;0;17;1;2;
0219;145248834;1;0;9;1;2;
0219;145248835;1;0;5;1;2;
0219;145248836;1;0;8;1;2;
0219;145248837;1;0;23;1;2;
0219;145248838;1;0;8;1;2;
0219;145249775;1;0;7;1#3;2;
0219;145249776;1;0;62;1#3;2;
0219;145249777;1;0;106;1#3;2;
0219;145249778;1;0;42;1#3;2;
0219;145249779;1;0;75;1#3;2;
0219;145249782;1;0;97;1;2;
0219;145249783;1;0;38;1;2;
0219;145249784;1;0;143;1;2;
0219;145250397;1;0;5;1;2;
0219;145250398;1;0;5;1;2;
0219;145250399;1;0;5;1;2;
0219;145250400;1;0;6;1;2;
0219;145250401;1;0;10;1;2;
0219;145250402;1;0;10;1;2;
0219;145250403;1;0;6;1;2;
0219;145250404;1;0;7;1;2;
0219;145250405;1;0;11;1;2;
0219;145250406;1;0;5;1;2;
0219;145250407;1;0;5;1;2;
0219;145251770;1;0;18;1;2;
0219;145251771;1;0;7;1;2;
0219;145251772;1;0;5;1;2;
0219;145251773;1;0;8;1;2;
0219;145251774;1;0;4;1;2;
0219;145251775;1;0;4;1;2;
0219;145251776;1;0;8;1;2;
0219;145251777;1;0;5;1;2;
0219;145251778;1;0;5;1;2;
0219;145251795;1;0;6;1;2;
0219;145251796;1;0;5;1;2;
0219;145251797;1;0;5;1;2;
0219;145251798;1;0;5;1;2;
0219;145251799;1;0;5;1;2;
0219;145251800;1;0;9;1;2;
0219;145251801;1;0;5;1;2;
0219;145251802;1;0;6;1;2;
0219;145251803;1;0;5;1;2;
0219;145251804;1;0;6;1;2;
0219;145251805;1;0;5;1;2;
0219;145252794;1;0;15;1#3;2;
0219;145252795;1;0;317;1#3;2;
0219;145252796;1;0;7;1#3;2;
0219;145252797;1;0;13;1#3;2;
0219;145252798;1;0;4;1#3;2;
0219;145252799;1;0;70;1#3;2;
0219;145252800;1;0;7;1#3;2;
0219;145252801;1;0;97;1#3;2;
0219;145252802;1;0;47;1#3;2;
0219;145252803;1;0;3;1#3;2;
0219;145252804;1;0;31;1#3;2;
0219;145252805;1;0;6;1;2;
0219;145252806;1;0;33;1;2;
0219;145252807;1;0;100;1;2;
0219;145252808;1;0;63;1;2;
0219;145252813;1;0;12;1;2;
0219;145252814;1;0;28;1;2;
0219;145252815;1;0;26;1;2;
0219;145252816;1;0;5;1;2;
0219;145252817;1;0;6;1;2;
0219;145252818;1;0;10;1;2;
0219;145252819;1;0;36;1;2;
0219;145252820;1;0;8;1;2;
0219;145252821;1;0;9;1;2;
0219;145252822;1;0;5;1;2;
0219;145252854;1;0;32;1#3#5#7;2;
0219;207662239;1;0;78;1#3#5#7;2;
0219;207662240;1;0;56;1#3#5#7#9K;2;
0219;145252856;1;0;42;1#3#5#7#9K;2;
0219;145252857;1;0;4;1#3#5#7#9K;2;
0219;207662241;1;0;18;1#3#5#7#9K;2;
0219;207662242;1;0;92;1#3#5#7;2;
0219;145252859;1;0;98;1#3#5#7;2;
0219;145252860;1;0;43;1#3#5#7;2;
0219;245784177;1;0;54;1#3#5#7;2;
0219;245784178;1;0;19;1#3#5#7;2;
0219;245784179;1;0;72;1#3#5#7;2;
0219;145252862;1;0;51;1#3#5#7;2;
0219;145252863;1;0;6;1#3#5;2;
0219;145252864;1;0;24;1#3#5;2;
0219;145252865;1;0;39;1#3#5;2;
0219;145252866;1;0;105;1#3#5;2;
0219;145252867;1;0;3;1#3#5;2;
0219;145252868;1;0;49;1#3#5;2;
0219;145252869;1;0;156;1#3#5;2;
0219;145252870;1;0;142;1#3#5;2;
0219;145252871;1;0;52;1#3#5;2;
0219;145252872;1;0;58;1#3#5;2;
0219;145252873;1;0;144;1#3#5;2;
0219;145252874;1;0;9;1#3#5;2;
0219;145252875;1;0;16;1#3#5;2;
0219;145252876;1;0;733;1#3#5;2;
0219;145252877;1;0;4;1#3#5;2;
0219;145252878;1;0;377;1#3#5;2;
0219;145252879;1;0;205;1#3#5;2;
0219;145252880;1;0;119;1#3#5;2;
0219;145252881;1;0;485;1#3#5;2;
0219;145252882;1;0;233;1#3#5;2;
0219;145252883;1;0;18;1#3#5;2;
0219;145252884;1;0;6;1#3#5;2;
0219;145252885;1;0;14;1#3#5;2;
0219;145252886;1;0;250;1#3#5;2;
0219;145252887;1;0;69;1#3#5;2;
0219;145252888;1;0;158;1#3#5;2;
0219;145252889;1;0;91;1#3#5;2;
0219;145252890;1;0;82;1#3#5;2;
0219;145252891;1;0;24;1#3#5;2;
0219;145252892;1;0;360;1#3#5;2;
0219;145252893;1;0;3;1#3#5;2;
0219;145252894;1;0;213;1#3#5;2;
0219;145252895;1;0;3;1#3#5;2;
0219;145252896;1;0;17;1#3#5;2;
0219;145252897;1;0;3;1#3#5;2;
0219;145252898;1;0;507;1#3#5;2;
0219;145252899;1;0;72;1#3#5;2;
0219;145252900;1;0;76;1#3#5;2;
0219;145252901;1;0;138;1#3#5;2;
0219;145252902;1;0;93;1#3#5;2;
0219;145252903;1;0;58;1#3#5;2;
0219;145252904;1;0;3;1#3#5;2;
0219;145252905;1;0;6;1#3#5;2;
0219;145252906;1;0;4;1#3#5;2;
0219;145252907;1;0;1094;1#3#5;2;
0219;145252908;1;0;6;1#3#5;2;
0219;145252909;1;0;182;1#3#5;2;
0219;145252910;1;0;144;1#3#5;2;
0219;145252911;1;0;130;1#3#5;2;
0219;145252912;1;0;10;1#3#5;2;
0219;145252913;1;0;73;1#3#5;2;
0219;145252914;1;0;5;1#3#5;2;
0219;145252915;1;0;12;1#3#5;2;
0219;145252916;1;0;173;1#3#5;2;
0219;145252917;1;0;834;1#3#5;2;
0219;145252918;1;0;26;1#3#5;2;
0219;145252919;1;0;93;1#3#5;2;
0219;145252985;1;0;6;1;2;
0219;145252986;1;0;6;1;2;
0219;145252989;1;0;9;1;2;
0219;145252990;1;0;1;1;2;
0219;145252991;1;0;3;1;2;
0219;145252992;1;0;8;1;2;
0219;145252993;1;0;11;1;2;
0219;145252994;1;0;7;1;2;
0219;145252995;1;0;4;1;2;
0219;145252996;1;0;10;1;2;
0219;145252997;1;0;9;1;2;
0219;145252998;1;0;10;1;2;
0219;145252999;1;0;11;1;2;
0219;145253000;1;0;12;1;2;
0219;145253001;1;0;12;1;2;
0219;145253002;1;0;27;1;2;
0219;145253003;1;0;26;1;2;
0219;145253004;1;0;10;1;2;
0219;145253005;1;0;6;1;2;
0219;145253006;1;0;4;1;2;
0219;145253007;1;0;5;1;2;
0219;145253008;1;0;15;1;2;
0219;145253009;1;0;15;1;2;
0219;145253010;1;0;5;1;2;
0219;145253011;1;0;5;1;2;
0219;145253012;1;0;8;1;2;
0219;145253013;1;0;6;1;2;
0219;145253014;1;0;6;1;2;
0219;145253015;1;0;6;1;2;
0219;145253016;1;0;6;1;2;
0219;145253017;1;0;6;1;2;
0219;145253018;1;0;7;1;2;
0219;145253019;1;0;3;2;1;
0219;145253020;1;0;45;2;1;
0219;145253021;1;0;6;2;1;
0219;145253022;1;0;10;1;2;
0219;145253023;1;0;8;1;2;
0219;145253024;1;0;7;1;2;
0219;145253025;1;0;11;1;2;
0219;145253026;1;0;8;1;2;
0219;145253027;1;0;11;1;2;
0219;145253451;1;0;849;1#3;2;
0219;145253452;1;0;10;1#3;2;
0219;145253453;1;0;7;1#3;2;
0219;145253454;1;0;10;1;2;
0219;145253455;1;0;7;1#3;2;
0219;145253823;1;0;23;1#1H1;2;
0219;276624016;1;0;8;1#1H1;2;
0219;276624017;1;0;2;1;2;
0219;145253825;1;0;5;1;2;
0219;145253826;1;0;5;1;2;
0219;276624018;1;0;15;1;2;
0219;276624019;1;0;25;1;2;
0219;276624020;1;0;11;1;2;
0219;145253828;1;0;20;1;2;
0219;145253829;1;0;10;1;2;
0219;145253830;1;0;19;1#1H1;2;
0219;145253831;1;0;28;1;2;
0219;145253832;1;0;27;1#1V1;2;
0219;145253833;1;0;22;1;2;
0219;145253834;1;0;75;1;2;
0219;145253835;1;0;116;1;2;
0219;145253836;1;0;38;1#1V1;2;
0219;145253837;1;0;3;1;2;
0219;145253838;1;0;62;1;2;
0219;145253839;1;0;26;1;2;
0219;145253840;1;0;8;1;2;
0219;145253841;1;0;15;1;2;
0219;145253842;1;0;62;1;2;
0219;145253843;1;0;3;1;2;
0219;145253844;1;0;5;1;2;
0219;145253845;1;0;52;1;2;
0219;145253846;1;0;52;1#1V1;2;
0219;145253847;1;0;7;1;2;
0219;145253848;1;0;63;1;2;
0219;145253849;1;0;43;1;2;
0219;145253850;1;0;3;1;2;
0219;145253851;1;0;5;1;2;
0219;145253852;1;0;31;1;2;
0219;145253853;1;0;48;1;2;
0219;145253854;1;0;23;1;2;
0219;145253855;1;0;8;1;2;
0219;145253856;1;0;18;1;2;
0219;145253857;1;0;37;1#1H1;2;
0219;145253858;1;0;6;1;2;
0219;145253859;1;0;3;1;2;
0219;145253860;1;0;43;1;2;
0219;145253861;1;0;43;1;2;
0219;145253862;1;0;40;1;2;
0219;145253863;1;0;8;1;2;
0219;145253864;1;0;13;1;2;
0219;145253865;1;0;41;1;2;
0219;145253866;1;0;42;1#1H1#1V1;2;
0219;145253867;1;0;10;1;2;
0219;145253868;1;0;5;1;2;
0219;145253869;1;0;17;1;2;
0219;145253870;1;0;19;1;2;
0219;145253871;1;0;20;1;2;
0219;145253872;1;0;33;1;2;
0219;145253873;1;0;11;1;2;
0219;145253874;1;0;25;1;2;
0219;145253875;1;0;66;1;2;
0219;145253881;1;0;38;1;2;
0219;145253882;1;0;35;1;2;
0219;145253898;1;0;85;1;2;
0219;145253899;1;0;117;1#1V1;2;
0219;145253900;1;0;37;1;2;
0219;145253901;1;0;18;1;2;
0219;145253902;1;0;10;1;2;
0219;145253903;1;0;27;1;2;
0219;145253904;1;0;19;1#1V1;2;
0219;145253905;1;0;13;1#1V1;2;
0219;145253906;1;0;8;1#1H1;2;
0219;145253907;1;0;56;1#1H1;2;
0219;145253908;1;0;9;1#1H1;2;
0219;145253909;1;0;20;1;2;
0219;145253910;1;0;19;1;2;
0219;145253911;1;0;5;1;2;
0219;145253912;1;0;25;1;2;
0219;145253913;1;0;8;1;2;
0219;145253914;1;0;9;1;2;
0219;145253915;1;0;9;1;2;
0219;145253916;1;0;39;1;2;
0219;145253917;1;0;21;1;2;
0219;145253918;1;0;42;1;2;
0219;145253919;1;0;3;1;2;
0219;145253920;1;0;8;1;2;
0219;145253921;1;0;53;1;2;
0219;145253922;1;0;41;1;2;
0219;145253923;1;0;35;1;2;
0219;145253924;1;0;13;1;2;
0219;145253925;1;0;17;1#1V1;2;
0219;145253926;1;0;16;1#1V1;2;
0219;145253927;1;0;30;1#1V1;2;
0219;145253928;1;0;34;1;2;
0219;145253929;1;0;26;1;2;
0219;145253930;1;0;26;1;2;
0219;145253931;1;0;30;1#1H1;2;
0219;145253932;1;0;5;1#1H1;2;
0219;145253933;1;0;10;1;2;
0219;145253934;1;0;7;1;2;
0219;145253935;1;0;21;1;2;
0219;145253936;1;0;25;1;2;
0219;145253937;1;0;11;1;2;
0219;145254000;1;0;38;1#3;2;
0219;145254001;1;0;5;1#3;2;
0219;145254002;1;0;111;1#3#5;2;
0219;145254003;1;0;3;1#3#5;2;
0219;145254004;1;0;28;1#3#5;2;
0219;145254005;1;0;26;1#1V1#3#5;2;
0219;145254006;1;0;85;1#1V1#3#5;2;
0219;145254007;1;0;12;1#1V1#3#5;2;
0219;145254008;1;0;18;1#3;2;
0219;145254009;1;0;13;1#3;2;
0219;145254010;1;0;235;1#3;2;
0219;145254011;1;0;65;1#3;2;
0219;145254012;1;0;62;1#3;2;
0219;145254013;1;0;125;1#3;2;
0219;268666131;1;0;60;1;2;
0219;268666132;1;0;62;1;2;
0219;268666133;1;0;67;1;2;
0219;268666134;1;0;238;1;2;
0219;145254015;1;0;166;1;2;
0219;145254016;1;0;43;1;2;
0219;145254017;1;0;55;1;2;
0219;145254018;1;0;50;1;2;
0219;145254019;1;0;454;1;2;
0219;145254020;1;0;4;1;2;
0219;145254056;1;0;88;1;2;
0219;145254057;1;0;72;1#1V1;2;
0219;145254058;1;0;24;1#1V1;2;
0219;145254059;1;0;4;1#1V1;2;
0219;145254060;1;0;78;1;2;
0219;145254061;1;0;32;1;2;
0219;145254062;1;0;8;1;2;
0219;145254063;1;0;45;1;2;
0219;145254064;1;0;29;1;2;
0219;145254065;1;0;63;1;2;
0219;145254066;1;0;58;1#1V1;2;
0219;145254067;1;0;6;1;2;
0219;145254068;1;0;4;1;2;
0219;145254069;1;0;12;1;2;
0219;145254070;1;0;10;1;2;
0219;145254071;1;0;31;1;2;
0219;145254072;1;0;38;1;2;
0219;145254073;1;0;31;1;2;
0219;145254074;1;0;36;1;2;
0219;145254075;1;0;25;1;2;
0219;145254076;1;0;60;1#1V1;2;
0219;145254077;1;0;12;1;2;
0219;145254078;1;0;54;1;2;
0219;145254079;1;0;10;1;2;
0219;145254080;1;0;3;1;2;
0219;145254081;1;0;3;1;2;
0219;145254082;1;0;16;1;2;
0219;145254083;1;0;34;1;2;
0219;145254084;1;0;10;1;2;
0219;145254085;1;0;56;1#1V1;2;
0219;145254086;1;0;19;1;2;
0219;145254087;1;0;55;1;2;
0219;145254088;1;0;27;1;2;
0219;145254089;1;0;13;1;2;
0219;145254090;1;0;40;1;2;
0219;145254091;1;0;19;1;2;
0219;145254092;1;0;27;1;2;
0219;145254093;1;0;20;1;2;
0219;145254094;1;0;16;1#1V1;2;
0219;145254095;1;0;11;1;2;
0219;145254096;1;0;33;1#1V1;2;
0219;145254097;1;0;35;1;2;
0219;145254098;1;0;5;1;2;
0219;145254099;1;0;18;1;2;
0219;145254100;1;0;41;1#1V1;2;
0219;145254101;1;0;5;1#1V1;2;
0219;145254461;1;0;17;1;2;
0219;145254462;1;0;24;1;2;
0219;145254463;1;0;17;1;2;
0219;145254464;1;0;29;1;2;
0219;145254465;1;0;18;1;2;
0219;145254466;1;0;33;1#1V1;2;
0219;145254467;1;0;19;1;2;
0219;145254468;1;0;7;1;2;
0219;247588217;1;0;9;1;2;
0219;247588218;1;0;14;1;2;
0219;145254474;1;0;6;1#3;2;
0219;268325096;1;0;17;1#3;2;
0219;268325097;1;0;43;1#3;2;
0219;145254476;1;0;4;1#3;2;
0219;145254477;1;0;15;1#3;2;
0219;145254478;1;0;158;1;2;
0219;233989807;1;0;32;1#1H1;2;
0219;145254480;1;0;3;1;2;
0219;145254481;1;0;10;1;2;
0219;145254482;1;0;6;1;2;
0219;145254483;1;0;24;1;2;
0219;145254484;1;0;6;1;2;
0219;145254485;1;0;6;1;2;
0219;145254486;1;0;24;1;2;
0219;145254487;1;0;27;1;2;
0219;145254488;1;0;33;1;2;
0219;145254489;1;0;33;1;2;
0219;145254490;1;0;62;1;2;
0219;145254491;1;0;48;1;2;
0219;145254492;1;0;18;1;2;
0219;145254493;1;0;25;1;2;
0219;145254494;1;0;19;1;2;
0219;145254495;1;0;22;1;2;
0219;145254496;1;0;25;1;2;
0219;145254497;1;0;32;1;2;
0219;145254498;1;0;40;1;2;
0219;145254499;1;0;67;1;2;
0219;145254500;1;0;2;1;2;
0219;145254501;1;0;32;1;2;
0219;145254502;1;0;13;1;2;
0219;145254503;1;0;21;1;2;
0219;145254504;1;0;8;1;2;
0219;145254505;1;0;20;1;2;
0219;145254506;1;0;18;1;2;
0219;145254507;1;0;57;1;2;
0219;145254508;1;0;18;1;2;
0219;145254509;1;0;5;1;2;
0219;145254510;1;0;5;1;2;
0219;145254511;1;0;17;1;2;
0219;145254512;1;0;20;1;2;
0219;145254513;1;0;9;1;2;
0219;145254514;1;0;4;1;2;
0219;145254515;1;0;13;1;2;
0219;145254516;1;0;13;1;2;
0219;145254519;1;0;61;1;2;
0219;145254520;1;0;5;1;2;
0219;145254521;1;0;60;1;2;
0219;145254522;1;0;52;1;2;
0219;145254523;1;0;8;1;2;
0219;145254524;1;0;5;1;2;
0219;145254525;1;0;23;1;2;
0219;145254526;1;0;69;1#1V1;2;
0219;145254527;1;0;55;1;2;
0219;145254528;1;0;59;1;2;
0219;145254529;1;0;22;1;2;
0219;145254530;1;0;19;1;2;
0219;145254531;1;0;29;1;2;
0219;145254532;1;0;24;1;2;
0219;145254533;1;0;4;1;2;
0219;145254534;1;0;5;1;2;
0219;145254535;1;0;22;1;2;
0219;145254536;1;0;22;1;2;
0219;145254537;1;0;11;1;2;
0219;145254538;1;0;10;1;2;
0219;145254539;1;0;17;1;2;
0219;145254540;1;0;42;1#1V1;2;
0219;145254541;1;0;8;1#1V1;2;
0219;145254542;1;0;19;1;2;
0219;145254543;1;0;37;1;2;
0219;145254544;1;0;27;1;2;
0219;145254545;1;0;19;1;2;
0219;145254546;1;0;12;1;2;
0219;145254547;1;0;11;1;2;
0219;145254548;1;0;6;1;2;
0219;145254549;1;0;27;1;2;
0219;145254550;1;0;51;1;2;
0219;145254551;1;0;10;1;2;
0219;145254552;1;0;60;1#1V1;2;
0219;145254553;1;0;8;1;2;
0219;145254554;1;0;14;1;2;
0219;145254555;1;0;19;1;2;
0219;145254556;1;0;13;1;2;
0219;145254557;1;0;11;1;2;
0219;145254558;1;0;47;1;2;
0219;145254559;1;0;3;1;2;
0219;145254560;1;0;4;1;2;
0219;145254561;1;0;18;1;2;
0219;145254562;1;0;36;1;2;
0219;145254563;1;0;6;1;2;
0219;145254564;1;0;9;1;2;
0219;145254565;1;0;2;1;2;
0219;145254566;1;0;30;1;2;
0219;145254567;1;0;7;1;2;
0219;145254568;1;0;25;1;2;
0219;145254569;1;0;14;1;2;
0219;145254570;1;0;5;1;2;
0219;145254571;1;0;8;1;2;
0219;145254572;1;0;32;1;2;
0219;145254573;1;0;16;1;2;
0219;145254574;1;0;3;1;2;
0219;145254575;1;0;6;1;2;
0219;145254576;1;0;14;1;2;
0219;145254577;1;0;41;1;2;
0219;145254578;1;0;31;1;2;
0219;145254579;1;0;42;1;2;
0219;145254580;1;0;36;1;2;
0219;272262277;1;0;44;1;2;
0219;272262278;1;0;7;1;2;
0219;145254582;1;0;7;1;2;
0219;145254583;1;0;5;1;2;
0219;145254584;1;0;21;1;2;
0219;145254585;1;0;29;1;2;
0219;145254586;1;0;46;1;2;
0219;145254587;1;0;18;1;2;
0219;145254588;1;0;19;1;2;
0219;145254589;1;0;14;1#1V1;2;
0219;145254590;1;0;5;1;2;
0219;145254591;1;0;6;1;2;
0219;145254592;1;0;15;1;2;
0219;145254593;1;0;56;1;2;
0219;145254594;1;0;52;1;2;
0219;145254595;1;0;33;1#1V1;2;
0219;145254596;1;0;28;1;2;
0219;145254597;1;0;37;1;2;
0219;145254598;1;0;4;1;2;
0219;145254599;1;0;4;1;2;
0219;145254600;1;0;11;1#1V1;2;
0219;145254601;1;0;8;1#1V1;2;
0219;145254602;1;0;16;1#1V1;2;
0219;145254603;1;0;6;1;2;
0219;145254604;1;0;43;1;2;
0219;145254605;1;0;17;1;2;
0219;145254606;1;0;48;1;2;
0219;145254607;1;0;10;1;2;
0219;145254608;1;0;16;1;2;
0219;145254609;1;0;20;1#1V1;2;
0219;145254610;1;0;4;1#1V1;2;
0219;145254611;1;0;7;1#1V1;2;
0219;145254612;1;0;49;1;2;
0219;145254613;1;0;10;1;2;
0219;145254614;1;0;16;1;2;
0219;145254615;1;0;70;1;2;
0219;145254616;1;0;31;1;2;
0219;145254617;1;0;28;1;2;
0219;145254618;1;0;7;1;2;
0219;145254619;1;0;21;1;2;
0219;145254620;1;0;23;1;2;
0219;145254621;1;0;5;1;2;
0219;145254622;1;0;5;1;2;
0219;145254623;1;0;31;1;2;
0219;145254624;1;0;16;1;2;
0219;145254625;1;0;11;1;2;
0219;145254626;1;0;19;1#1H1;2;
0219;145254627;1;0;6;1;2;
0219;145254628;1;0;5;1;2;
0219;145254629;1;0;1;1;2;
0219;145254630;1;0;23;1;2;
0219;145254631;1;0;11;1;2;
0219;145254632;1;0;11;1;2;
0219;145254633;1;0;29;1;2;
0219;145254634;1;0;18;1;2;
0219;145254635;1;0;57;1#1V1;2;
0219;145254636;1;0;35;1;2;
0219;145254637;1;0;11;1;2;
0219;145254638;1;0;23;1;2;
0219;145254639;1;0;32;1#1V1;2;
0219;145254640;1;0;6;1;2;
0219;145254641;1;0;6;1;2;
0219;145254642;1;0;7;1;2;
0219;145254643;1;0;10;1;2;
0219;145254644;1;0;9;1;2;
0219;145254645;1;0;20;1;2;
0219;145254646;1;0;32;1;2;
0219;145254647;1;0;22;1;2;
0219;145254648;1;0;4;1;2;
0219;145254649;1;0;37;1;2;
0219;145254650;1;0;4;1;2;
0219;145254651;1;0;57;1;2;
0219;145254652;1;0;3;1;2;
0219;145254653;1;0;4;1;2;
0219;145254654;1;0;26;1;2;
0219;145254655;1;0;6;1;2;
0219;145254656;1;0;6;1;2;
0219;145254657;1;0;8;1;2;
0219;145254658;1;0;23;1;2;
0219;145254659;1;0;14;1;2;
0219;145254660;1;0;13;1;2;
0219;145254661;1;0;26;1;2;
0219;145254662;1;0;6;1;2;
0219;247594623;1;0;3;1;2;
0219;247594624;1;0;32;1;2;
0219;145254664;1;0;16;1;2;
0219;145254665;1;0;5;1;2;
0219;145254666;1;0;5;1;2;
0219;145254667;1;0;19;1;2;
0219;145254668;1;0;28;1;2;
0219;145254669;1;0;6;1;2;
0219;145254670;1;0;3;1;2;
0219;145254671;1;0;12;1;2;
0219;145254672;1;0;21;1;2;
0219;145254673;1;0;3;1;2;
0219;145254674;1;0;3;1;2;
0219;145254675;1;0;17;1;2;
0219;145254676;1;0;15;1#1V1;2;
0219;145254677;1;0;6;1;2;
0219;145254678;1;0;3;1;2;
0219;145254679;1;0;13;1;2;
0219;145254680;1;0;13;1;2;
0219;145254681;1;0;12;1;2;
0219;145254682;1;0;20;1;2;
0219;145254683;1;0;19;1;2;
0219;145254684;1;0;12;1;2;
0219;145254685;1;0;9;1;2;
0219;145254686;1;0;8;1;2;
0219;145254687;1;0;21;1;2;
0219;145254688;1;0;18;1;2;
0219;145254689;1;0;8;1;2;
0219;145254690;1;0;8;1;2;
0219;145254691;1;0;7;1;2;
0219;145254692;1;0;79;1;2;
0219;145254693;1;0;18;1;2;
0219;145254694;1;0;60;1#1H1;2;
0219;145254695;1;0;13;1;2;
0219;145254696;1;0;84;1;2;
0219;145254697;1;0;6;1;2;
0219;145254698;1;0;37;1;2;
0219;145254699;1;0;20;1;2;
0219;145254700;1;0;100;1#1V1;2;
0219;145254701;1;0;5;1;2;
0219;145254702;1;0;35;1;2;
0219;145254703;1;0;28;1#1H1;2;
0219;145254704;1;0;45;1#1H1;2;
0219;145254705;1;0;6;1;2;
0219;145254706;1;0;10;1;2;
0219;145254707;1;0;7;1;2;
0219;145254708;1;0;7;1;2;
0219;145254709;1;0;23;1;2;
0219;145254710;1;0;17;1;2;
0219;145254711;1;0;37;1;2;
0219;145254712;1;0;39;1;2;
0219;145254713;1;0;17;1;2;
0219;145254714;1;0;6;1;2;
0219;145254715;1;0;47;1;2;
0219;145254716;1;0;10;1;2;
0219;145254717;1;0;74;1;2;
0219;145254718;1;0;27;1;2;
0219;145254719;1;0;5;1;2;
0219;145254720;1;0;5;1;2;
0219;145254721;1;0;45;1;2;
0219;145254722;1;0;53;1;2;
0219;145254723;1;0;6;1;2;
0219;145254724;1;0;4;1;2;
0219;145254725;1;0;52;1;2;
0219;145254728;1;0;6;1;2;
0219;145254729;1;0;69;1;2;
0219;145254730;1;0;32;1#1V1;2;
0219;145254731;1;0;26;1#1V1;2;
0219;145254732;1;0;16;1#1V1;2;
0219;145254733;1;0;15;1#3;2;
0219;145254734;1;0;5;1#3;2;
0219;145254735;1;0;88;1#3;2;
0219;145254736;1;0;71;1#3;2;
0219;145254737;1;0;11;1#3;2;
0219;268325098;1;0;6;1#3;2;
0219;268325099;1;0;228;1#3;2;
0219;145254739;1;0;13;1#3;2;
0219;145254740;1;0;21;1;2;
0219;145254741;1;0;14;1;2;
0219;145254742;1;0;14;1;2;
0219;145254743;1;0;74;1;2;
0219;145254744;1;0;21;1;2;
0219;145254745;1;0;11;1;2;
0219;145254746;1;0;28;1;2;
0219;145254747;1;0;15;1;2;
0219;145254748;1;0;13;1;2;
0219;145254749;1;0;17;1#1V1;2;
0219;145254750;1;0;4;1;2;
0219;276114246;1;0;17;1;2;
0219;276114247;1;0;36;1;2;
0219;145255620;1;0;21;1;2;
0219;276114248;1;0;12;1;2;
0219;276114249;1;0;19;1;2;
0219;276114250;1;0;10;1;2;
0219;276114251;1;0;5;1;2;
0219;145255623;1;0;23;1;2;
0219;145255626;1;0;8;1;2;
0219;145255627;1;0;12;1;2;
0219;145255628;1;0;6;1;2;
0219;145255629;1;0;7;1;2;
0219;145255632;1;0;38;1;2;
0219;145255633;1;0;14;1;2;
0219;145255634;1;0;15;1;2;
0219;145255635;1;0;15;1;2;
0219;145255636;1;0;11;1;2;
0219;145255637;1;0;31;1;2;
0219;145255638;1;0;12;1;2;
0219;145255639;1;0;13;1;2;
0219;145255640;1;0;8;1;2;
0219;145255641;1;0;13;1;2;
0219;145255642;1;0;8;1;2;
0219;145255643;1;0;22;1;2;
0219;145255644;1;0;28;1;2;
0219;145255645;1;0;7;1;2;
0219;145255646;1;0;16;1;2;
0219;145255647;1;0;17;1;2;
0219;145255648;1;0;26;1;2;
0219;145255649;1;0;8;1;2;
0219;145255650;1;0;15;1;2;
0219;145255651;1;0;9;1;2;
0219;145255652;1;0;8;1;2;
0219;145255653;1;0;19;1;2;
0219;145255654;1;0;43;1;2;
0219;145255655;1;0;13;1;2;
0219;145255656;1;0;9;1;2;
0219;145255657;1;0;19;1;2;
0219;145255658;1;0;10;1;2;
0219;145255659;1;0;9;1;2;
0219;145255660;1;0;33;1;2;
0219;145255661;1;0;24;1;2;
0219;145255662;1;0;18;1;2;
0219;145255663;1;0;17;1;2;
0219;145255666;1;0;16;1;2;
0219;145255667;1;0;34;1;2;
0219;145255668;1;0;10;1;2;
0219;145255669;1;0;10;1;2;
0219;145255670;1;0;14;1;2;
0219;145255671;1;0;9;1;2;
0219;145255672;1;0;9;1;2;
0219;276114252;1;0;12;1;2;
0219;276114253;1;0;11;1;2;
0219;145255676;1;0;19;1;2;
0219;145255677;1;0;34;1;2;
0219;145255678;1;0;8;1;2;
0219;145255679;1;0;12;1;2;
0219;145255680;1;0;13;1;2;
0219;145255681;1;0;7;1;2;
0219;145255684;1;0;25;1;2;
0219;145255685;1;0;19;1;2;
0219;145255686;1;0;12;1;2;
0219;145255687;1;0;11;1;2;
0219;145255688;1;0;31;1;2;
0219;145255689;1;0;13;1;2;
0219;145255690;1;0;12;1;2;
0219;145255691;1;0;15;1;2;
0219;145255692;1;0;10;1;2;
0219;145255693;1;0;10;1;2;
0219;145255694;1;0;21;1;2;
0219;145255695;1;0;19;1;2;
0219;145255696;1;0;25;1;2;
0219;145255697;1;0;25;1;2;
0219;145255698;1;0;27;1;2;
0219;145255699;1;0;24;1;2;
0219;145255700;1;0;22;1;2;
0219;145255701;1;0;23;1;2;
0219;145255702;1;0;9;1;2;
0219;145255712;1;0;13;1;2;
0219;145255713;1;0;25;1;2;
0219;145255714;1;0;25;1;2;
0219;145255715;1;0;24;1;2;
0219;145255716;1;0;28;1;2;
0219;145255717;1;0;7;1;2;
0219;145255718;1;0;29;1;2;
0219;145255719;1;0;24;1;2;
0219;145255720;1;0;24;1;2;
0219;145255721;1;0;26;1;2;
0219;145255722;1;0;20;1;2;
0219;145255723;1;0;28;1;2;
0219;145255726;1;0;13;1;2;
0219;145255727;1;0;16;1;2;
0219;145255728;1;0;10;1;2;
0219;145255729;1;0;12;1;2;
0219;145255730;1;0;23;1;2;
0219;145255731;1;0;35;1;2;
0219;145255732;1;0;27;1;2;
0219;145255733;1;0;14;1;2;
0219;145255734;1;0;26;1;2;
0219;145255738;1;0;6;1;2;
0219;145255739;1;0;6;1;2;
0219;145255740;1;0;14;1;2;
0219;145255741;1;0;14;1;2;
0219;145255742;1;0;14;1;2;
0219;145255743;1;0;19;1;2;
0219;145255744;1;0;26;1;2;
0219;145255745;1;0;17;1;2;
0219;145255746;1;0;26;1;2;
0219;145255749;1;0;7;1;2;
0219;145255750;1;0;22;1;2;
0219;145255751;1;0;21;1;2;
0219;145255752;1;0;18;1;2;
0219;145255753;1;0;21;1;2;
0219;145255754;1;0;24;1;2;
0219;145255757;1;0;23;1;2;
0219;145255758;1;0;10;1;2;
0219;145255759;1;0;28;1;2;
0219;145255760;1;0;9;1;2;
0219;145255761;1;0;7;1;2;
0219;247588219;1;0;9;1;2;
0219;247588220;1;0;14;1;2;
0219;145255765;1;0;10;1;2;
0219;145255766;1;0;29;1;2;
0219;145255767;1;0;22;1;2;
0219;145255768;1;0;7;1;2;
0219;145255769;1;0;21;1;2;
0219;145255770;1;0;9;1;2;
0219;145255775;1;0;7;1;2;
0219;145255776;1;0;6;1;2;
0219;145255777;1;0;11;1;2;
0219;145255778;1;0;11;1;2;
0219;145255779;1;0;42;1;2;
0219;145255780;1;0;25;1;2;
0219;145255781;1;0;13;1;2;
0219;145255782;1;0;20;1;2;
0219;145255783;1;0;29;1;2;
0219;145255784;1;0;57;1;2;
0219;145255785;1;0;18;1;2;
0219;145255786;1;0;20;1;2;
0219;145256185;1;0;15;1;2;
0219;145256186;1;0;13;1;2;
0219;145256187;1;0;25;1;2;
0219;145256188;1;0;12;1;2;
0219;145256190;1;0;6;1;2;
0219;250139563;1;0;7;1;2;
0219;250139564;1;0;10;1;2;
0219;145256194;1;0;7;1;2;
0219;145256195;1;0;6;1;2;
0219;145256196;1;0;14;1;2;
0219;145256198;1;0;18;1;2;
0219;145256199;1;0;11;1;2;
0219;145256200;1;0;26;1;2;
0219;145256201;1;0;55;1;2;
0219;145256202;1;0;24;1;2;
0219;145256659;1;0;339;2#4;1;
0219;145256660;1;0;17;2#4;1;
0219;145256661;1;0;70;2#4;1;
0219;145256662;1;0;7;2#4;1;
0219;145256663;1;0;97;2#4;1;
0219;145256664;1;0;43;2;1;
0219;145256665;1;0;4;2;1;
0219;145256666;1;0;36;2;1;
0219;145256667;1;0;4;2;1;
0219;145256668;1;0;33;2;1;
0219;145256669;1;0;100;2;1;
0219;145256670;1;0;63;2;1;
0219;145256676;1;0;28;2;1;
0219;145256677;1;0;26;2;1;
0219;145256678;1;0;36;2;1;
0219;145256679;1;0;8;2;1;
0219;145256680;1;0;9;;;
0219;145256681;1;0;5;;;
0219;145256710;1;0;32;2#4#6;1;
0219;145256711;1;0;13;2#4#6;1;
0219;207662243;1;0;65;2#4#6;1;
0219;207662244;1;0;56;2#4#6#8K;1;
0219;145256713;1;0;41;2#4#6#8K;1;
0219;145256714;1;0;5;2#4#6#8K;1;
0219;207662245;1;0;18;2#4#6#8K;1;
0219;207662246;1;0;92;2#4#6;1;
0219;145256716;1;0;93;2#4#6;1;
0219;145256717;1;0;5;2#4#6;1;
0219;145256718;1;0;37;2#4;1;
0219;145256719;1;0;6;2#4;1;
0219;145256720;1;0;145;2#4;1;
0219;145256721;1;0;51;2#4;1;
0219;145256722;1;0;66;2#4;1;
0219;145256723;1;0;3;2#4;1;
0219;145256724;1;0;105;2#4;1;
0219;145256725;1;0;208;2#4;1;
0219;145256726;1;0;142;2#4;1;
0219;145256727;1;0;52;2#4;1;
0219;145256728;1;0;58;2#4;1;
0219;145256729;1;0;144;2#4#6K;1;
0219;145256730;1;0;6;2#4#6K;1;
0219;145256731;1;0;3;2#4#6K;1;
0219;145256732;1;0;749;2#4#6K;1;
0219;145256733;1;0;113;2#4#6K;1;
0219;145256734;1;0;258;2#4#6K;1;
0219;145256735;1;0;10;2#4#6K;1;
0219;145256736;1;0;142;2#4#6K;1;
0219;145256737;1;0;5;2#4#6K;1;
0219;145256738;1;0;51;2#4#6K;1;
0219;145256739;1;0;7;2#4#6K;1;
0219;145256740;1;0;119;2#4#6K;1;
0219;145256741;1;0;485;2#4#6K;1;
0219;145256742;1;0;233;2#4#6K;1;
0219;145256743;1;0;18;2#4#6;1;
0219;145256744;1;0;3;2#4#6;1;
0219;145256745;1;0;13;2#4#6;1;
0219;145256746;1;0;4;2#4#6;1;
0219;145256747;1;0;316;2#4#6;1;
0219;145256748;1;0;3;2#4#6;1;
0219;145256749;1;0;152;2#4#6;1;
0219;145256750;1;0;6;2#4#6;1;
0219;145256751;1;0;91;2#4#6K;1;
0219;145256752;1;0;76;2#4#6K;1;
0219;145256753;1;0;6;2#4#6K;1;
0219;145256754;1;0;17;2#4#6K;1;
0219;145256755;1;0;7;2#4#6K;1;
0219;145256756;1;0;360;2#4#6K;1;
0219;145256757;1;0;216;2#4#6K;1;
0219;145256758;1;0;20;2#4#6K;1;
0219;145256759;1;0;510;2#4#6K;1;
0219;145256760;1;0;72;2#4#6K;1;
0219;145256761;1;0;35;2#4#6K;1;
0219;145256762;1;0;29;2#4#6K;1;
0219;145256763;1;0;12;2#4#6K;1;
0219;145256764;1;0;130;2#4#6K;1;
0219;145256765;1;0;8;2#4#6K;1;
0219;145256766;1;0;93;2#4#6K;1;
0219;145256767;1;0;53;2#4#6K;1;
0219;145256768;1;0;5;2#4#6K;1;
0219;145256769;1;0;4;2#4#6K;1;
0219;145256770;1;0;5;2#4#6K;1;
0219;145256771;1;0;1098;2#4#6K;1;
0219;145256772;1;0;184;2#4#6K;1;
0219;145256773;1;0;4;2#4#6K;1;
0219;145256774;1;0;274;2#4#6K;1;
0219;145256775;1;0;83;2#4#6K;1;
0219;145256776;1;0;5;2#4#6K;1;
0219;145256777;1;0;12;2#4#6K;1;
0219;145256778;1;0;165;2#4#6K;1;
0219;145256779;1;0;822;2#4#6K;1;
0219;145256780;1;0;26;2#4#6K;1;
0219;145256781;1;0;113;2#4#6K;1;
0219;145256849;1;0;27;2;1;
0219;145256850;1;0;26;2;1;
0219;145256851;1;0;3;1;2;
0219;145256852;1;0;45;1;2;
0219;145256853;1;0;6;1;2;
0219;145257264;1;0;849;2#4;1;
0219;145257612;1;0;23;2;1;
0219;276624021;1;0;8;2;1;
0219;276624022;1;0;2;2;1;
0219;145257614;1;0;10;2;1;
0219;276624023;1;0;15;2;1;
0219;276624024;1;0;25;2#2v1;1;
0219;276624025;1;0;11;2;1;
0219;145257616;1;0;20;2;1;
0219;145257617;1;0;10;2;1;
0219;145257618;1;0;19;2;1;
0219;145257619;1;0;28;2#2H1;1;
0219;145257620;1;0;27;2;1;
0219;145257621;1;0;22;2#2V1;1;
0219;145257622;1;0;75;2;1;
0219;145257623;1;0;116;2;1;
0219;145257624;1;0;37;2;1;
0219;145257625;1;0;4;2;1;
0219;145257626;1;0;62;2;1;
0219;145257627;1;0;26;2;1;
0219;145257628;1;0;8;2;1;
0219;145257629;1;0;15;2;1;
0219;145257630;1;0;65;2;1;
0219;145257631;1;0;57;2#2V1;1;
0219;145257632;1;0;53;2;1;
0219;145257633;1;0;6;2;1;
0219;145257634;1;0;4;2;1;
0219;145257635;1;0;59;2;1;
0219;145257636;1;0;46;2;1;
0219;145257637;1;0;6;2;1;
0219;145257638;1;0;30;2#2V1;1;
0219;145257639;1;0;48;2;1;
0219;145257640;1;0;23;2;1;
0219;145257641;1;0;8;2;1;
0219;145257642;1;0;18;2;1;
0219;145257643;1;0;37;2;1;
0219;145257644;1;0;6;2;1;
0219;145257645;1;0;3;2;1;
0219;145257646;1;0;43;2#2V1;1;
0219;145257647;1;0;43;2;1;
0219;145257648;1;0;40;2;1;
0219;145257649;1;0;8;2;1;
0219;145257650;1;0;13;2#2V1;1;
0219;145257651;1;0;41;2;1;
0219;145257652;1;0;16;2;1;
0219;145257653;1;0;26;2;1;
0219;145257654;1;0;10;2;1;
0219;145257655;1;0;5;2;1;
0219;145257656;1;0;17;2;1;
0219;145257657;1;0;19;2#2V1;1;
0219;145257658;1;0;20;2;1;
0219;145257659;1;0;33;2;1;
0219;145257660;1;0;11;2;1;
0219;145257661;1;0;25;2;1;
0219;145257662;1;0;66;2;1;
0219;145257668;1;0;38;2;1;
0219;145257669;1;0;35;2;1;
0219;145257688;1;0;85;2#2H1;1;
0219;145257689;1;0;94;2#2H1;1;
0219;145257690;1;0;23;2#2H1;1;
0219;145257691;1;0;37;2;1;
0219;145257692;1;0;18;2;1;
0219;145257693;1;0;10;2;1;
0219;145257694;1;0;27;2#2H1;1;
0219;145257695;1;0;19;2;1;
0219;145257696;1;0;13;2;1;
0219;145257697;1;0;8;2#2H1;1;
0219;145257698;1;0;56;2#2H1;1;
0219;145257699;1;0;9;2#2H1;1;
0219;145257700;1;0;20;2;1;
0219;145257701;1;0;19;2;1;
0219;145257702;1;0;5;2;1;
0219;145257703;1;0;25;2;1;
0219;145257704;1;0;8;2;1;
0219;145257705;1;0;9;2;1;
0219;145257706;1;0;9;2;1;
0219;145257707;1;0;39;2;1;
0219;145257708;1;0;21;2;1;
0219;145257709;1;0;45;2;1;
0219;145257710;1;0;3;2;1;
0219;145257711;1;0;58;2;1;
0219;145257712;1;0;41;2;1;
0219;145257713;1;0;35;2;1;
0219;145257714;1;0;13;2;1;
0219;145257715;1;0;17;2;1;
0219;145257716;1;0;10;2;1;
0219;145257717;1;0;6;2;1;
0219;145257718;1;0;5;2;1;
0219;145257719;1;0;25;2;1;
0219;145257720;1;0;34;2;1;
0219;145257721;1;0;26;2;1;
0219;145257722;1;0;26;2#2H1;1;
0219;145257723;1;0;30;2#2H1;1;
0219;145257724;1;0;5;2#2H1;1;
0219;145257725;1;0;10;2;1;
0219;145257726;1;0;7;2;1;
0219;145257727;1;0;21;2;1;
0219;145257728;1;0;25;2;1;
0219;145257729;1;0;11;2;1;
0219;145257786;1;0;43;2#4#6#8;1;
0219;145257787;1;0;111;2#4#6#8;1;
0219;145257788;1;0;31;2#4#6#8;1;
0219;145257789;1;0;26;2#4#6;1;
0219;145257790;1;0;97;2#4;1;
0219;145257791;1;0;18;2#4;1;
0219;145257792;1;0;13;2#4;1;
0219;145257793;1;0;235;2#4;1;
0219;145257794;1;0;65;2#4;1;
0219;145257795;1;0;59;2#4;1;
0219;145257796;1;0;3;2#4;1;
0219;145257797;1;0;7;2#4;1;
0219;145257798;1;0;118;2#4;1;
0219;268666135;1;0;60;2;1;
0219;268666136;1;0;62;2;1;
0219;268666137;1;0;67;2;1;
0219;268666138;1;0;230;2;1;
0219;145257800;1;0;8;2;1;
0219;145257801;1;0;4;2;1;
0219;145257802;1;0;158;2;1;
0219;145257803;1;0;4;2;1;
0219;145257804;1;0;38;2;1;
0219;145257805;1;0;60;2;1;
0219;145257806;1;0;50;2;1;
0219;145257807;1;0;454;2;1;
0219;145257808;1;0;4;2;1;
0219;145257845;1;0;88;2;1;
0219;145257846;1;0;72;2;1;
0219;145257847;1;0;19;2;1;
0219;145257848;1;0;5;2;1;
0219;145257849;1;0;4;2;1;
0219;145257850;1;0;21;2#2H1;1;
0219;145257851;1;0;57;2#2H1;1;
0219;145257852;1;0;32;2#2V1;1;
0219;145257853;1;0;8;2;1;
0219;145257854;1;0;45;2;1;
0219;145257855;1;0;29;2;1;
0219;145257856;1;0;63;2;1;
0219;145257857;1;0;58;2;1;
0219;145257858;1;0;6;2;1;
0219;145257859;1;0;4;2;1;
0219;145257860;1;0;12;2#2H1;1;
0219;145257861;1;0;10;2#2H1;1;
0219;145257862;1;0;3;2#2H1;1;
0219;145257863;1;0;28;2#2H1;1;
0219;145257864;1;0;38;2;1;
0219;145257865;1;0;31;2#2V1;1;
0219;145257866;1;0;36;2;1;
0219;145257867;1;0;25;2;1;
0219;145257868;1;0;60;2;1;
0219;145257869;1;0;5;2;1;
0219;145257870;1;0;7;2;1;
0219;145257871;1;0;8;2;1;
0219;145257872;1;0;46;2;1;
0219;145257873;1;0;10;2;1;
0219;145257874;1;0;6;2#2V1;1;
0219;145257875;1;0;16;2#2V1;1;
0219;145257876;1;0;34;2;1;
0219;145257877;1;0;10;2;1;
0219;145257878;1;0;56;2;1;
0219;145257879;1;0;19;2;1;
0219;145257880;1;0;55;2;1;
0219;145257881;1;0;27;2;1;
0219;145257882;1;0;13;2;1;
0219;145257883;1;0;40;2;1;
0219;145257884;1;0;3;2;1;
0219;145257885;1;0;16;2;1;
0219;145257886;1;0;27;2;1;
0219;145257887;1;0;20;2;1;
0219;145257888;1;0;16;2;1;
0219;145257889;1;0;11;2;1;
0219;145257890;1;0;33;2;1;
0219;145257891;1;0;35;2;1;
0219;145257892;1;0;5;2;1;
0219;145257893;1;0;18;2;1;
0219;145257894;1;0;41;2;1;
0219;145257895;1;0;5;2;1;
0219;145258254;1;0;17;2;1;
0219;145258255;1;0;24;2;1;
0219;145258256;1;0;17;2;1;
0219;145258257;1;0;29;2;1;
0219;145258258;1;0;18;2;1;
0219;145258259;1;0;33;2;1;
0219;145258260;1;0;19;2;1;
0219;145258261;1;0;7;2;1;
0219;247588221;1;0;10;2;1;
0219;247588222;1;0;13;2;1;
0219;145258267;1;0;6;2#4;1;
0219;268325100;1;0;17;2#4;1;
0219;268325101;1;0;43;2#4;1;
0219;145258269;1;0;6;2#4;1;
0219;145258270;1;0;13;2#4;1;
0219;145258271;1;0;158;2#2H1;1;
0219;233989808;1;0;32;2#2H1;1;
0219;145258273;1;0;3;2;1;
0219;145258274;1;0;10;2;1;
0219;145258275;1;0;6;2;1;
0219;145258276;1;0;24;2;1;
0219;145258277;1;0;6;2;1;
0219;145258278;1;0;6;2;1;
0219;145258279;1;0;24;2;1;
0219;145258280;1;0;27;2;1;
0219;145258281;1;0;33;2;1;
0219;145258282;1;0;33;2;1;
0219;145258283;1;0;62;2;1;
0219;145258284;1;0;48;2;1;
0219;145258285;1;0;18;2;1;
0219;145258286;1;0;25;2;1;
0219;145258287;1;0;19;2;1;
0219;145258288;1;0;22;2;1;
0219;145258289;1;0;25;2;1;
0219;145258290;1;0;32;2;1;
0219;145258291;1;0;40;2;1;
0219;145258292;1;0;54;2;1;
0219;145258293;1;0;5;2;1;
0219;145258294;1;0;8;2;1;
0219;145258295;1;0;34;2;1;
0219;145258296;1;0;13;2;1;
0219;145258297;1;0;21;2;1;
0219;145258298;1;0;8;2;1;
0219;145258299;1;0;20;2;1;
0219;145258300;1;0;18;2;1;
0219;145258301;1;0;57;2;1;
0219;145258302;1;0;18;2;1;
0219;145258303;1;0;5;2;1;
0219;145258304;1;0;5;2;1;
0219;145258305;1;0;17;2;1;
0219;145258306;1;0;20;2;1;
0219;145258307;1;0;9;2;1;
0219;145258308;1;0;4;2;1;
0219;145258309;1;0;13;2;1;
0219;145258310;1;0;13;2;1;
0219;145258313;1;0;66;2;1;
0219;145258314;1;0;3;2;1;
0219;145258315;1;0;57;2;1;
0219;145258316;1;0;60;2;1;
0219;145258317;1;0;28;2#2V1;1;
0219;145258318;1;0;69;2;1;
0219;145258319;1;0;55;2;1;
0219;145258320;1;0;59;2;1;
0219;145258321;1;0;19;2;1;
0219;145258322;1;0;3;2;1;
0219;145258323;1;0;2;2;1;
0219;145258324;1;0;17;2;1;
0219;145258325;1;0;29;2;1;
0219;145258326;1;0;24;2;1;
0219;145258327;1;0;4;2;1;
0219;145258328;1;0;5;2;1;
0219;145258329;1;0;22;2;1;
0219;145258330;1;0;22;2;1;
0219;145258331;1;0;11;2;1;
0219;145258332;1;0;10;2;1;
0219;145258333;1;0;17;2;1;
0219;145258334;1;0;40;2;1;
0219;145258335;1;0;2;2;1;
0219;145258336;1;0;3;2;1;
0219;145258337;1;0;5;2;1;
0219;145258338;1;0;19;2;1;
0219;145258339;1;0;37;2;1;
0219;145258340;1;0;27;2;1;
0219;145258341;1;0;19;2;1;
0219;145258342;1;0;12;2;1;
0219;145258343;1;0;11;2;1;
0219;145258344;1;0;6;2;1;
0219;145258345;1;0;27;2;1;
0219;145258346;1;0;49;2;1;
0219;250139616;1;0;2;2;1;
0219;250139617;1;0;10;2;1;
0219;250139618;1;0;60;2;1;
0219;145258349;1;0;6;2;1;
0219;247594627;1;0;2;2;1;
0219;247594628;1;0;4;2;1;
0219;145258352;1;0;10;2;1;
0219;145258353;1;0;19;2;1;
0219;145258354;1;0;13;2;1;
0219;145258355;1;0;11;2;1;
0219;145258356;1;0;47;2;1;
0219;145258357;1;0;3;2;1;
0219;145258358;1;0;4;2;1;
0219;145258359;1;0;18;2;1;
0219;145258360;1;0;36;2;1;
0219;145258361;1;0;6;2;1;
0219;145258362;1;0;9;2;1;
0219;145258363;1;0;2;2;1;
0219;145258364;1;0;13;2;1;
0219;145258365;1;0;17;2;1;
0219;145258366;1;0;7;2;1;
0219;145258367;1;0;25;2;1;
0219;145258368;1;0;14;2;1;
0219;145258369;1;0;5;2;1;
0219;145258370;1;0;8;2;1;
0219;145258371;1;0;32;2;1;
0219;145258372;1;0;16;2;1;
0219;145258373;1;0;3;2;1;
0219;145258374;1;0;6;2;1;
0219;145258375;1;0;14;2;1;
0219;145258376;1;0;41;2;1;
0219;145258377;1;0;31;2;1;
0219;145258378;1;0;42;2;1;
0219;145258379;1;0;36;2;1;
0219;272262279;1;0;44;2;1;
0219;272262280;1;0;7;2;1;
0219;145258381;1;0;7;2;1;
0219;145258382;1;0;5;2;1;
0219;145258383;1;0;21;2;1;
0219;145258384;1;0;29;2;1;
0219;145258385;1;0;46;2;1;
0219;145258386;1;0;18;2;1;
0219;145258387;1;0;19;2;1;
0219;145258388;1;0;14;2;1;
0219;145258389;1;0;5;2;1;
0219;145258390;1;0;6;2;1;
0219;145258391;1;0;15;2;1;
0219;145258392;1;0;50;2;1;
0219;145258393;1;0;6;2;1;
0219;145258394;1;0;4;2;1;
0219;145258395;1;0;48;2;1;
0219;145258396;1;0;33;2;1;
0219;145258397;1;0;28;2;1;
0219;145258398;1;0;37;2;1;
0219;145258399;1;0;4;2;1;
0219;145258400;1;0;4;2;1;
0219;145258401;1;0;11;2#2H1;1;
0219;145258402;1;0;8;2#2H1;1;
0219;145258403;1;0;17;2#2H1;1;
0219;145258404;1;0;5;2;1;
0219;145258405;1;0;43;2;1;
0219;145258406;1;0;17;2;1;
0219;145258407;1;0;48;2;1;
0219;145258408;1;0;10;2;1;
0219;145258409;1;0;16;2;1;
0219;145258410;1;0;20;2;1;
0219;145258411;1;0;4;2;1;
0219;145258412;1;0;7;2;1;
0219;145258413;1;0;49;2;1;
0219;145258414;1;0;10;2;1;
0219;145258415;1;0;16;2;1;
0219;145258416;1;0;70;2;1;
0219;145258417;1;0;31;2;1;
0219;145258418;1;0;28;2;1;
0219;145258419;1;0;7;2;1;
0219;145258420;1;0;21;2;1;
0219;145258421;1;0;23;2;1;
0219;145258422;1;0;5;2;1;
0219;145258423;1;0;5;2;1;
0219;145258424;1;0;31;2;1;
0219;145258425;1;0;16;2;1;
0219;145258426;1;0;11;2;1;
0219;145258427;1;0;19;2;1;
0219;145258428;1;0;6;2;1;
0219;145258429;1;0;4;2;1;
0219;145258430;1;0;2;2;1;
0219;145258431;1;0;23;2;1;
0219;145258432;1;0;11;2;1;
0219;145258433;1;0;11;2;1;
0219;145258434;1;0;29;2;1;
0219;145258435;1;0;18;2;1;
0219;145258436;1;0;57;2;1;
0219;145258437;1;0;35;2#2V1;1;
0219;145258438;1;0;11;2;1;
0219;145258439;1;0;23;2;1;
0219;145258440;1;0;32;2;1;
0219;145258441;1;0;6;2;1;
0219;145258442;1;0;6;2;1;
0219;145258443;1;0;7;2;1;
0219;145258444;1;0;10;2;1;
0219;145258445;1;0;9;2;1;
0219;145258446;1;0;20;2;1;
0219;145258447;1;0;32;2;1;
0219;145258448;1;0;22;2;1;
0219;145258449;1;0;4;2;1;
0219;145258450;1;0;37;2;1;
0219;145258451;1;0;4;2;1;
0219;145258452;1;0;57;2;1;
0219;145258453;1;0;3;2;1;
0219;145258454;1;0;4;2;1;
0219;145258455;1;0;26;2;1;
0219;145258456;1;0;6;2;1;
0219;145258457;1;0;6;2;1;
0219;145258458;1;0;8;2;1;
0219;145258459;1;0;23;2;1;
0219;145258460;1;0;14;2;1;
0219;145258461;1;0;13;2;1;
0219;145258462;1;0;26;2;1;
0219;145258463;1;0;4;2;1;
0219;145258464;1;0;5;2;1;
0219;145258465;1;0;1;2;1;
0219;145258466;1;0;4;2;1;
0219;145258467;1;0;27;2;1;
0219;145258468;1;0;16;2;1;
0219;145258469;1;0;5;2;1;
0219;145258470;1;0;5;2;1;
0219;145258471;1;0;19;2;1;
0219;145258472;1;0;28;2;1;
0219;145258473;1;0;6;2;1;
0219;145258474;1;0;3;2;1;
0219;145258475;1;0;12;2;1;
0219;145258476;1;0;21;2;1;
0219;145258477;1;0;6;2;1;
0219;145258478;1;0;17;2;1;
0219;145258479;1;0;15;2;1;
0219;145258480;1;0;6;2;1;
0219;145258481;1;0;3;2;1;
0219;145258482;1;0;13;2;1;
0219;145258483;1;0;13;2;1;
0219;145258484;1;0;12;2;1;
0219;145258485;1;0;20;2;1;
0219;145258486;1;0;19;2;1;
0219;145258487;1;0;12;2;1;
0219;145258488;1;0;9;2;1;
0219;145258489;1;0;8;2;1;
0219;145258490;1;0;21;2;1;
0219;145258491;1;0;18;2;1;
0219;145258492;1;0;8;2;1;
0219;145258493;1;0;8;2;1;
0219;145258494;1;0;7;2;1;
0219;145258495;1;0;79;2;1;
0219;145258496;1;0;18;2;1;
0219;145258497;1;0;60;2;1;
0219;145258498;1;0;13;2#2V1;1;
0219;145258499;1;0;84;2#2V1;1;
0219;145258500;1;0;6;2#2V1;1;
0219;145258501;1;0;37;2#2V1;1;
0219;145258502;1;0;20;2;1;
0219;145258503;1;0;100;2;1;
0219;145258504;1;0;5;2#2H1;1;
0219;145258505;1;0;35;2#2H1;1;
0219;145258506;1;0;28;2;1;
0219;145258507;1;0;45;2;1;
0219;145258508;1;0;5;2;1;
0219;145258509;1;0;11;2;1;
0219;145258510;1;0;7;2;1;
0219;145258511;1;0;7;2#2V1;1;
0219;145258512;1;0;23;2#2V1;1;
0219;145258513;1;0;17;2;1;
0219;145258514;1;0;37;2;1;
0219;145258515;1;0;39;2;1;
0219;145258516;1;0;17;2;1;
0219;145258517;1;0;6;2;1;
0219;145258518;1;0;47;2;1;
0219;145258519;1;0;10;2;1;
0219;145258520;1;0;74;2;1;
0219;145258521;1;0;32;2;1;
0219;145258522;1;0;50;2;1;
0219;145258523;1;0;54;2;1;
0219;145258524;1;0;5;2;1;
0219;145258525;1;0;4;2;1;
0219;145258526;1;0;52;2;1;
0219;145258530;1;0;6;2;1;
0219;145258531;1;0;69;2#2H1;1;
0219;145258532;1;0;32;2;1;
0219;145258533;1;0;26;2;1;
0219;145258534;1;0;16;2;1;
0219;145258535;1;0;15;2#4;1;
0219;145258536;1;0;5;2#4;1;
0219;145258537;1;0;88;2#4;1;
0219;145258538;1;0;71;2#4;1;
0219;145258539;1;0;11;2#4;1;
0219;268325102;1;0;6;2#4;1;
0219;268325103;1;0;228;2#4;1;
0219;145258541;1;0;13;2#4;1;
0219;145258542;1;0;21;2#2H1;1;
0219;145258543;1;0;14;2;1;
0219;145258544;1;0;14;2;1;
0219;145258545;1;0;74;2;1;
0219;145258546;1;0;21;2;1;
0219;145258547;1;0;11;2;1;
0219;145258548;1;0;28;2;1;
0219;145258549;1;0;15;2;1;
0219;145258550;1;0;13;2;1;
0219;145258551;1;0;17;2;1;
0219;145258552;1;0;4;2;1;
0219;276114254;1;0;16;2;1;
0219;276114255;1;0;37;2;1;
0219;145259409;1;0;21;2;1;
0219;276114256;1;0;12;2;1;
0219;276114257;1;0;19;2;1;
0219;276114258;1;0;10;2;1;
0219;276114259;1;0;5;2;1;
0219;145259412;1;0;23;2;1;
0219;145259413;1;0;8;2;1;
0219;145259414;1;0;12;2;1;
0219;145259415;1;0;6;2;1;
0219;145259416;1;0;7;2;1;
0219;145259417;1;0;38;2;1;
0219;145259418;1;0;14;2;1;
0219;145259419;1;0;15;2;1;
0219;145259420;1;0;26;2;1;
0219;145259421;1;0;31;2;1;
0219;145259422;1;0;12;2;1;
0219;145259423;1;0;13;2;1;
0219;145259424;1;0;8;2;1;
0219;145259425;1;0;13;2;1;
0219;145259426;1;0;8;2;1;
0219;145259427;1;0;22;2;1;
0219;145259428;1;0;28;2;1;
0219;145259429;1;0;7;2;1;
0219;145259430;1;0;16;2;1;
0219;145259431;1;0;17;2;1;
0219;145259432;1;0;26;2;1;
0219;145259433;1;0;8;2;1;
0219;145259434;1;0;15;2;1;
0219;145259435;1;0;9;2;1;
0219;145259436;1;0;8;2;1;
0219;145259437;1;0;19;2;1;
0219;145259438;1;0;43;2;1;
0219;145259439;1;0;13;2;1;
0219;145259440;1;0;9;2;1;
0219;145259441;1;0;19;2;1;
0219;145259442;1;0;10;2;1;
0219;145259443;1;0;9;2;1;
0219;145259444;1;0;33;2;1;
0219;145259445;1;0;24;2;1;
0219;145259446;1;0;18;2;1;
0219;145259447;1;0;17;2;1;
0219;145259448;1;0;16;2;1;
0219;145259449;1;0;34;2;1;
0219;145259450;1;0;10;2;1;
0219;145259451;1;0;10;2;1;
0219;145259452;1;0;14;2;1;
0219;145259453;1;0;8;2;1;
0219;247594629;1;0;1;2;1;
0219;247594630;1;0;9;2;1;
0219;276114260;1;0;12;2;1;
0219;276114261;1;0;11;2;1;
0219;145259456;1;0;19;2;1;
0219;145259457;1;0;34;2;1;
0219;145259458;1;0;8;2;1;
0219;145259459;1;0;12;2;1;
0219;145259460;1;0;13;2;1;
0219;145259461;1;0;7;2;1;
0219;145259462;1;0;25;2;1;
0219;145259463;1;0;19;2;1;
0219;145259464;1;0;12;2;1;
0219;145259465;1;0;11;2;1;
0219;145259466;1;0;31;2;1;
0219;145259467;1;0;13;2;1;
0219;145259468;1;0;12;2;1;
0219;145259469;1;0;15;2;1;
0219;145259470;1;0;10;2;1;
0219;145259471;1;0;10;2;1;
0219;145259472;1;0;21;2;1;
0219;145259473;1;0;19;2;1;
0219;145259474;1;0;25;2;1;
0219;145259475;1;0;25;2;1;
0219;145259476;1;0;27;2;1;
0219;145259477;1;0;24;2;1;
0219;145259478;1;0;22;2;1;
0219;145259479;1;0;23;2;1;
0219;145259480;1;0;9;2;1;
0219;145259484;1;0;13;2;1;
0219;145259485;1;0;25;2;1;
0219;145259486;1;0;25;2;1;
0219;145259487;1;0;24;2;1;
0219;145259488;1;0;28;2;1;
0219;145259489;1;0;7;2;1;
0219;145259490;1;0;29;2;1;
0219;145259491;1;0;24;2;1;
0219;145259492;1;0;24;2;1;
0219;145259493;1;0;26;2;1;
0219;145259494;1;0;20;2;1;
0219;145259495;1;0;28;2;1;
0219;145259496;1;0;13;2;1;
0219;145259497;1;0;16;2;1;
0219;145259498;1;0;10;2;1;
0219;145259499;1;0;12;2;1;
0219;145259500;1;0;23;2;1;
0219;145259501;1;0;35;2;1;
0219;145259502;1;0;27;2;1;
0219;145259503;1;0;14;2;1;
0219;145259504;1;0;26;2;1;
0219;145259506;1;0;6;2;1;
0219;145259507;1;0;6;2;1;
0219;145259508;1;0;14;2;1;
0219;145259509;1;0;14;2;1;
0219;145259510;1;0;14;2;1;
0219;145259511;1;0;19;2;1;
0219;145259512;1;0;26;2;1;
0219;145259513;1;0;17;2;1;
0219;145259514;1;0;26;2;1;
0219;145259515;1;0;7;2;1;
0219;145259516;1;0;22;2;1;
0219;145259517;1;0;21;2;1;
0219;145259518;1;0;18;2;1;
0219;145259519;1;0;21;2;1;
0219;145259520;1;0;24;2;1;
0219;145259521;1;0;23;2;1;
0219;145259522;1;0;10;2;1;
0219;145259523;1;0;28;2;1;
0219;145259524;1;0;9;2;1;
0219;145259525;1;0;7;2;1;
0219;247588223;1;0;9;2;1;
0219;247588224;1;0;14;2;1;
0219;145259527;1;0;10;2;1;
0219;145259528;1;0;29;2;1;
0219;145259529;1;0;22;2;1;
0219;145259530;1;0;7;2;1;
0219;145259531;1;0;21;2;1;
0219;145259532;1;0;9;2;1;
0219;145259533;1;0;7;2;1;
0219;145259534;1;0;7;2;1;
0219;145259535;1;0;10;2;1;
0219;145259536;1;0;11;2;1;
0219;145259537;1;0;42;2;1;
0219;145259538;1;0;25;2;1;
0219;145259539;1;0;13;2;1;
0219;145259540;1;0;20;2;1;
0219;145259541;1;0;29;2;1;
0219;145259542;1;0;57;2;1;
0219;145259543;1;0;18;2;1;
0219;145259544;1;0;20;2;1;
0219;145259873;1;0;15;2;1;
0219;145259874;1;0;13;2;1;
0219;145259875;1;0;25;2;1;
0219;145259876;1;0;12;2;1;
0219;145259877;1;0;6;2;1;
0219;250139565;1;0;7;2;1;
0219;250139566;1;0;10;2;1;
0219;145259881;1;0;7;2;1;
0219;145259882;1;0;6;2;1;
0219;145259883;1;0;14;2;1;
0219;145259885;1;0;18;2;1;
0219;145259886;1;0;11;2;1;
0219;145259887;1;0;26;2;1;
0219;145259888;1;0;55;2;1;
0219;145259889;1;0;24;2;1;
0219;145259983;1;0;21;2H1;1;
0219;145259984;1;0;47;2H1;1;
0219;145259985;1;0;78;2H1;1;
0219;145259986;1;0;54;2H1;1;
0219;145259989;1;0;33;1H1;2;
0219;145260025;1;0;10;1H1;2;
0219;145260026;1;0;20;1H1;2;
0219;145260027;1;0;5;1H1;2;
0219;145260028;1;0;3;2H2;1;
0219;145260029;1;0;4;2H1;1;
0219;145260030;1;0;8;2V1;1;
0219;185404912;1;0;35;2H2;1;
0219;185404913;1;0;5;2H2;1;
0219;185404914;1;0;33;2H1;1;
0219;185404915;1;0;6;2H1;1;
0219;145260033;1;0;35;2V1;1;
0219;145260035;1;0;78;2H1;1;
0219;145261263;1;0;30;1;2;
0219;145261264;1;0;6;1;2;
0219;145261265;1;0;11;1;2;
0219;157714802;1;0;21;1;2;
0219;157714803;1;0;21;2;1;
0219;157714804;1;0;22;2;1;
0219;157714805;1;0;22;1;2;
0219;157714806;1;0;5;1;2;
0219;157714807;1;0;20;1;2;
0219;157714808;1;0;4;2;1;
0219;157714809;1;0;21;2;1;
0219;212647435;1;0;5;1;2;
0219;212647436;1;0;7;1;2;
0219;212647437;1;0;8;1;2;
0219;212647438;1;0;5;1;2;
0219;157714815;1;0;8;1;2;
0219;157714816;1;0;8;1;2;
0219;157714817;1;0;5;1;2;
0219;157714818;1;0;8;1;2;
0219;157714819;1;0;8;1;2;
0219;157714820;1;0;4;1;2;
0219;157714821;1;0;8;1;2;
0219;157714822;1;0;8;1;2;
0219;160061202;1;0;6;1;2;
0219;160061203;1;0;6;1;2;
0219;160061204;1;0;6;1;2;
0219;160061205;1;0;6;1;2;
0219;160061206;1;0;7;1;2;
0219;160061207;1;0;6;1;2;
0219;160061208;1;0;6;1;2;
0219;160061209;1;0;8;1;2;
0219;160061210;1;0;7;1;2;
0219;160061211;1;0;5;1;2;
0219;160061212;1;0;6;1;2;
0219;160061213;1;0;6;1;2;
0219;160061216;1;0;11;1;2;
0219;160061217;1;0;5;1;2;
0219;160061222;1;0;11;2;1;
0219;160061223;1;0;5;2;1;
0219;160061224;1;0;21;2;1;
0219;160061228;1;0;21;1;2;
0219;160061229;1;0;24;1;2;
0219;160061231;1;0;24;2;1;
0219;160061232;1;0;24;1;2;
0219;160061233;1;0;24;2;1;
0219;162893040;1;0;31;1;2;
0219;162893041;1;0;5;1;2;
0219;162893042;1;0;7;1;2;
0219;162893043;1;0;15;1;2;
0219;162893044;1;0;5;1;2;
0219;162893045;1;0;4;1;2;
0219;162893046;1;0;10;1;2;
0219;162893047;1;0;6;1;2;
0219;162893048;1;0;5;1;2;
0219;162893060;1;0;22;2;1;
0219;162893063;1;0;22;1;2;
0219;162893064;1;0;38;2;1;
0219;162893067;1;0;38;1;2;
0219;162893070;1;0;25;2;1;
0219;162893071;1;0;18;2;1;
0219;162893072;1;0;25;1;2;
0219;162893073;1;0;18;1;2;
0219;197967282;1;0;24;2;1;
0219;197967285;1;0;24;1;2;
0219;197967286;1;0;12;1;2;
0219;197967288;1;0;12;2;1;
0219;197967289;1;0;41;1;2;
0219;197967291;1;0;41;2;1;
0219;197967292;1;0;17;2;1;
0219;197967295;1;0;17;1;2;
0219;197967296;1;0;5;1;2;
0219;197967297;1;0;5;1;2;
0219;197967298;1;0;5;1;2;
0219;197967299;1;0;3;1;2;
0219;197967300;1;0;4;1;2;
0219;197967301;1;0;4;1;2;
0219;197967302;1;0;3;1;2;
0219;197967303;1;0;5;1;2;
0219;197967304;1;0;3;1;2;
0219;197967305;1;0;5;1;2;
0219;197967306;1;0;5;1;2;
0219;197967307;1;0;5;1;2;
0219;212647439;1;0;23;2;1;
0219;212647441;1;0;23;1;2;
0219;212647442;1;0;28;1;2;
0219;212647444;1;0;28;2;1;
0219;212647452;1;0;20;1;2;
0219;212647453;1;0;20;2;1;
0219;212647454;1;0;19;1;2;
0219;212647455;1;0;19;2;1;
0219;212647456;1;0;25;1;2;
0219;212647457;1;0;20;1;2;
0219;212647458;1;0;6;1;2;
0219;212647459;1;0;10;1;2;
0219;212647460;1;0;8;1;2;
0219;212647461;1;0;6;1;2;
0219;212647462;1;0;6;1;2;
0219;212647463;1;0;5;1;2;
0219;212647464;1;0;8;1;2;
0219;212647465;1;0;9;1;2;
0219;212647466;1;0;21;1;2;
0219;212647467;1;0;21;2;1;
0219;212647469;1;0;265;1;2;
0219;212647472;1;0;341;1;2;
0219;212647474;1;0;22;1;2;
0219;212647475;1;0;19;1;2;
0219;212647476;1;0;19;2;1;
0219;212647477;1;0;16;2;1;
0219;212647480;1;0;16;1;2;
0219;212647482;1;0;35;1;2;
0219;212647483;1;0;215;1;2;
0219;212647484;1;0;20;1;2;
0219;212647485;1;0;9;1;2;
0219;212647486;1;0;6;1;2;
0219;212647487;1;0;4;1;2;
0219;212647488;1;0;12;1;2;
0219;212647489;1;0;17;1;2;
0219;212647490;1;0;9;1;2;
0219;212647491;1;0;4;1;2;
0219;212647492;1;0;6;1;2;
0219;212647493;1;0;6;1;2;
0219;212647494;1;0;386;1;2;
0219;212647499;1;0;40;1;2;
0219;212647500;1;0;7;1;2;
0219;212647501;1;0;7;1;2;
0219;212647502;1;0;13;1;2;
0219;212647503;1;0;7;1;2;
0219;212647504;1;0;7;1;2;
0219;212647505;1;0;16;1;2;
0219;212647506;1;0;7;1;2;
0219;212647507;1;0;9;1;2;
0219;212647518;1;0;15;2#4;1;
0219;212647519;1;0;1447;2#4;1;
0219;212647520;1;0;257;2#4;1;
0219;212647521;1;0;74;2#4;1;
0219;212647522;1;0;78;2#4;1;
0219;212647529;1;0;15;1#3;2;
0219;212647530;1;0;1447;1#3;2;
0219;212647531;1;0;257;1#3;2;
0219;212647532;1;0;23;1#3;2;
0219;212647533;1;0;51;1#3;2;
0219;212647534;1;0;78;1#3;2;
0219;212647535;1;0;438;1;2;
0219;212647536;1;0;132;1;2;
0219;212647537;1;0;243;1;2;
0219;212647542;1;0;437;2;1;
0219;212647543;1;0;133;2;1;
0219;212647544;1;0;243;2;1;
0219;212647545;1;0;30;1;2;
0219;212647550;1;0;30;2;1;
0219;212647551;1;0;23;2;1;
0219;212647556;1;0;23;1;2;
0219;212647557;1;0;20;2;1;
0219;212647560;1;0;20;1;2;
0219;212647561;1;0;18;1;2;
0219;212647564;1;0;18;2;1;
0219;212647565;1;0;375;1;2;
0219;212647568;1;0;278;1;2;
0219;212647569;1;0;5;1;2;
0219;212647570;1;0;7;1;2;
0219;212647571;1;0;6;1;2;
0219;212647572;1;0;7;1;2;
0219;212647573;1;0;7;1;2;
0219;212647574;1;0;8;1;2;
0219;212647575;1;0;7;1;2;
0219;212647576;1;0;7;1;2;
0219;212647577;1;0;6;1;2;
0219;212647578;1;0;7;1;2;
0219;212647579;1;0;17;1;2;
0219;212647581;1;0;14;1#3;2;
0219;212647582;1;0;26;1#3;2;
0219;212647583;1;0;32;1#3;2;
0219;212647584;1;0;92;1#3;2;
0219;212647585;1;0;270;1#3;2;
0219;212647586;1;0;1087;1#3;2;
0219;247588225;1;0;58;1#3;2;
0219;247588226;1;0;524;1#3;2;
0219;212647588;1;0;15;1;2;
0219;212647589;1;0;14;2#4;1;
0219;212647590;1;0;26;2#4;1;
0219;212647591;1;0;32;2#4;1;
0219;212647592;1;0;92;2#4;1;
0219;212647593;1;0;270;2#4;1;
0219;212647594;1;0;1087;2#4;1;
0219;212647595;1;0;80;2#4;1;
0219;247588227;1;0;489;2#4;1;
0219;247588228;1;0;13;2#4;1;
0219;212647597;1;0;12;1;2;
0219;233037147;1;0;14;2;1;
0219;233037148;1;0;14;1;2;
0219;233037149;1;0;15;2;1;
0219;233037152;1;0;15;1;2;
0219;233037153;1;0;8;1;2;
0219;247594635;1;0;3;1;2;
0219;247594636;1;0;4;1;2;
0219;233037155;1;0;4;1;2;
0219;233037156;1;0;7;1;2;
0219;233037157;1;0;6;1;2;
0219;233037158;1;0;4;1;2;
0219;233037159;1;0;4;1;2;
0219;233989809;1;0;34;1;2;
0219;233989811;1;0;17;1;2;
0219;233989813;1;0;59;1;2;
0219;233989815;1;0;59;2;1;
0219;233989816;1;0;24;2;1;
0219;233989818;1;0;24;1;2;
0219;233989819;1;0;17;2;1;
0219;233989820;1;0;34;2;1;
0219;233989821;1;0;10;1;2;
0219;233989822;1;0;7;1;2;
0219;233989823;1;0;7;1;2;
0219;233989824;1;0;14;1;2;
0219;233989825;1;0;9;1;2;
0219;233989826;1;0;7;1;2;
0219;233989827;1;0;7;1;2;
0219;233989828;1;0;5;1;2;
0219;233989829;1;0;5;1;2;
0219;233989830;1;0;4;1;2;
0219;233989831;1;0;7;1;2;
0219;233989832;1;0;5;1;2;
0219;245784180;1;0;189;1;2;
0219;245784181;1;0;69;1;2;
0219;245784182;1;0;139;1;2;
0219;245784184;1;0;13;1;2;
0219;245784186;1;0;15;1;2;
0219;268766409;1;0;23;1;2;
0219;268766410;1;0;10;1;2;
0219;268766415;1;0;59;1;2;
0219;268766416;1;0;9;1;2;
0219;268766417;1;0;30;1;2;
0219;268766427;1;0;4;1;2;
0219;268766428;1;0;5;1;2;
0219;268766429;1;0;4;1;2;
0219;268766447;1;0;4;1;2;
0219;268766448;1;0;3;1;2;
0219;268766449;1;0;4;1;2;
0219;268766450;1;0;6;1;2;
0219;268766451;1;0;4;1;2;
0219;268766452;1;0;5;1;2;
0219;268766456;1;0;78;2;1;
0219;268766457;1;0;28;2;1;
0219;268766458;1;0;112;2;1;
0219;268766462;1;0;78;1;2;
0219;268766463;1;0;28;1;2;
0219;268766464;1;0;112;1;2;
0219;268766476;1;0;5;1;2;
0219;268766477;1;0;6;1;2;
0219;268766478;1;0;5;1;2;
0219;268766483;1;0;19;2;1;
0219;268766484;1;0;19;1;2;
0219;268766485;1;0;8;2;1;
0219;268766486;1;0;9;2;1;
0219;268766487;1;0;7;1;2;
0219;268766488;1;0;10;1;2;
0219;268766489;1;0;22;1;2;
0219;268766490;1;0;17;1;2;
0219;268766491;1;0;22;2;1;
0219;268766492;1;0;17;2;1;
0219;268783197;1;0;81;1;2;
0219;276387323;1;0;3;1;2;
0219;276387324;1;0;7;1;2;
0219;276387325;1;0;8;1;2;
0219;276387326;1;0;11;1;2;
0219;276387327;1;0;6;1;2;
0219;276387328;1;0;7;1;2;
0219;276387329;1;0;3;1;2;
0219;276387330;1;0;4;1;2;
0219;276387331;1;0;4;1;2;
0219;276387332;1;0;15;1;2;
0219;276387333;1;0;7;1;2;
0219;276387334;1;0;6;1;2;
0219;276387335;1;0;23;1;2;
0219;276387338;1;0;23;2;1;
0219;276387339;1;0;29;1;2;
0219;276387342;1;0;29;2;1;
0219;276387343;1;0;23;2;1;
0219;276387346;1;0;23;1;2;
0219;276387347;1;0;23;2;1;
0219;276387350;1;0;23;1;2;
0219;276564157;1;0;14;2;1;
0219;276564158;1;0;28;2;1;
0219;276564159;1;0;23;2;1;
0219;276564160;1;0;6;2#2V1;1;
0219;276564161;1;0;38;2#2V1;1;
0219;276564162;1;0;21;2;1;
0219;276564163;1;0;13;1;2;
0219;276564164;1;0;29;1#1V1;2;
0219;276564165;1;0;20;1#1H1#1V1;2;
0219;276564166;1;0;4;1#1H1#1V1;2;
0219;276564167;1;0;2;1;2;
0219;276564168;1;0;41;1;2;
0219;276564169;1;0;21;1;2;
0219;276564170;1;0;15;2;1;
0219;276564171;1;0;11;2;1;
0219;276758178;1;0;7;2;1;
0219;276758179;1;0;14;2;1;
0219;276564173;1;0;17;1;2;
0219;276564174;1;0;10;1;2;
0219;276758180;1;0;8;1;2;
0219;276758181;1;0;12;1;2;
0219;276564176;1;0;24;1H1;2;
0219;276564177;1;0;43;1V1;2;
0219;276564178;1;0;10;1V1;2;
0219;276564179;1;0;15;2V1;1;
0219;276564180;1;0;27;2V1;1;
