*0231*2011 VEGNETT*20110511*INNF*20110511*VDB SVNT*AHT
..Eksport-dato 20110511


Komm; TransID;kode;Fra;   Til;felt;Retning;
0231;254296910;1;0;8;1;2;
0231;254296911;1;0;10;1;2;
0231;254296912;1;0;6;1;2;
0231;254296913;1;0;7;1;2;
0231;254296914;1;0;15;1;2;
0231;254296915;1;0;5;1;2;
0231;254296916;1;0;14;1;2;
0231;254296917;1;0;6;1;2;
0231;145182475;1;0;60;1;2;
0231;145182476;1;0;81;1;2;
0231;145182537;1;0;21;2;1;
0231;145182538;1;0;51;2;1;
0231;145182539;1;0;75;2;1;
0231;145182714;1;0;114;1#2;2;
0231;145182806;1;0;167;2;1;
0231;145182813;1;0;64;1#2;2;
0231;145182814;1;0;96;1#2;2;
0231;145182815;1;0;74;1#2;2;
0231;145182816;1;0;76;1#2;2;
0231;145182817;1;0;139;1#2;2;
0231;145182826;1;0;64;1#2;2;
0231;145183049;1;0;55;1#2;2;
0231;145183053;1;0;244;1#2;2;
0231;145183054;1;0;98;1#2;2;
0231;145183357;1;0;77;2;1;
0231;145183502;1;0;112;2;1;
0231;145183549;1;0;182;2;1;
0231;145183690;1;0;14;1;2;
0231;145183691;1;0;9;1;2;
0231;145183692;1;0;6;1;2;
0231;145183693;1;0;8;1;2;
0231;145183694;1;0;5;1;2;
0231;145183695;1;0;5;1;2;
0231;145183696;1;0;7;1;2;
0231;145183697;1;0;4;1;2;
0231;145183698;1;0;5;1;2;
0231;264591215;1;0;78;1#2;2;
0231;264591216;1;0;47;1#2;2;
0231;145184033;1;0;221;1;2;
0231;145211536;1;0;63;1;2;
0231;145211537;1;0;58;1;2;
0231;145211539;1;0;62;1;2;
0231;145235369;1;0;390;1;2;
0231;145235370;1;0;103;1;2;
0231;145235371;1;0;9;1;2;
0231;145235372;1;0;29;1;2;
0231;145235373;1;0;9;1;2;
0231;145235374;1;0;15;1;2;
0231;145235375;1;0;58;1;2;
0231;145235377;1;0;5;1;2;
0231;145235378;1;0;284;1;2;
0231;145235380;1;0;10;1;2;
0231;145235381;1;0;260;1;2;
0231;145235382;1;0;167;1;2;
0231;145235385;1;0;256;1;2;
0231;268281978;1;0;43;1;2;
0231;268281979;1;0;29;1;2;
0231;145235387;1;0;7;1;2;
0231;145235389;1;0;418;1;2;
0231;145235390;1;0;25;1;2;
0231;145235391;1;0;11;1;2;
0231;145235392;1;0;13;1;2;
0231;145235393;1;0;109;1;2;
0231;145235394;1;0;473;1;2;
0231;145235396;1;0;13;1;2;
0231;145235397;1;0;454;1;2;
0231;145235400;1;0;338;1;2;
0231;145235401;1;0;12;1;2;
0231;145235409;1;0;145;1;2;
0231;158545034;1;0;48;1;2;
0231;158545035;1;0;176;1;2;
0231;145235412;1;0;6;1;2;
0231;145235417;1;0;6;1;2;
0231;145235418;1;0;275;1;2;
0231;145235419;1;0;170;1;2;
0231;145235422;1;0;290;1;2;
0231;145235423;1;0;8;1;2;
0231;145235646;1;0;9;1;2;
0231;145235647;1;0;8;1;2;
0231;145235648;1;0;9;1;2;
0231;145235649;1;0;15;1;2;
0231;145235653;1;0;3;1;2;
0231;145235654;1;0;13;1;2;
0231;145235655;1;0;19;1;2;
0231;145235656;1;0;9;1;2;
0231;145235657;1;0;9;1;2;
0231;145235658;1;0;10;1;2;
0231;272074430;1;0;13;1;2;
0231;272074431;1;0;8;1;2;
0231;145235660;1;0;6;1;2;
0231;145235661;1;0;11;1;2;
0231;145235662;1;0;9;1;2;
0231;145236689;1;0;26;1;2;
0231;145236690;1;0;6;1;2;
0231;145236691;1;0;8;1;2;
0231;145236692;1;0;10;1;2;
0231;145236693;1;0;26;1;2;
0231;145236694;1;0;14;1;2;
0231;145236695;1;0;10;1;2;
0231;145236696;1;0;8;1;2;
0231;145236697;1;0;9;1;2;
0231;145236698;1;0;5;1;2;
0231;145236699;1;0;8;1;2;
0231;145236700;1;0;8;1;2;
0231;145236701;1;0;8;1;2;
0231;145236702;1;0;6;1;2;
0231;145236703;1;0;9;1;2;
0231;145236704;1;0;8;1;2;
0231;145236705;1;0;9;1;2;
0231;145236706;1;0;9;1;2;
0231;145236707;1;0;11;1;2;
0231;145236708;1;0;9;1;2;
0231;145236709;1;0;9;1;2;
0231;145236710;1;0;11;1;2;
0231;145236711;1;0;7;1;2;
0231;145236712;1;0;5;1;2;
0231;145236713;1;0;9;1;2;
0231;145236714;1;0;8;1;2;
0231;145236715;1;0;24;1;2;
0231;145236716;1;0;8;1;2;
0231;145236717;1;0;6;1;2;
0231;145236718;1;0;8;1;2;
0231;145236719;1;0;6;1;2;
0231;145236720;1;0;6;1;2;
0231;145236721;1;0;5;1;2;
0231;145236722;1;0;9;1;2;
0231;145236723;1;0;5;1;2;
0231;145236724;1;0;36;1;2;
0231;145236725;1;0;5;1;2;
0231;145236726;1;0;5;1;2;
0231;145236727;1;0;5;1;2;
0231;145236728;1;0;6;1;2;
0231;145236729;1;0;8;1;2;
0231;145236730;1;0;6;1;2;
0231;145236731;1;0;5;1;2;
0231;145236732;1;0;4;1;2;
0231;145236733;1;0;9;1;2;
0231;145236734;1;0;6;1;2;
0231;145236735;1;0;4;1;2;
0231;145236736;1;0;11;1;2;
0231;145236737;1;0;4;1;2;
0231;145236738;1;0;4;1;2;
0231;264166515;1;0;3;1;2;
0231;264166516;1;0;9;1;2;
0231;264166517;1;0;9;1;2;
0231;264166518;1;0;6;1;2;
0231;145236740;1;0;5;1;2;
0231;145236741;1;0;5;1;2;
0231;145236742;1;0;12;1;2;
0231;145236743;1;0;11;1;2;
0231;145236744;1;0;5;1;2;
0231;145236745;1;0;7;1;2;
0231;145236746;1;0;11;1;2;
0231;145236747;1;0;23;1;2;
0231;145236748;1;0;8;1;2;
0231;145236749;1;0;11;1;2;
0231;145236750;1;0;3;1;2;
0231;145236751;1;0;11;1;2;
0231;145236752;1;0;8;1;2;
0231;145236753;1;0;5;1;2;
0231;145236754;1;0;6;1;2;
0231;145236755;1;0;11;1;2;
0231;145236756;1;0;15;1;2;
0231;145236757;1;0;10;1;2;
0231;145236758;1;0;8;1;2;
0231;145236767;1;0;11;1;2;
0231;145236768;1;0;9;1;2;
0231;145236769;1;0;12;1;2;
0231;145236770;1;0;7;1;2;
0231;145236771;1;0;10;1;2;
0231;145236772;1;0;10;1;2;
0231;145236773;1;0;7;1;2;
0231;145236774;1;0;9;1;2;
0231;145236775;1;0;8;1;2;
0231;145236776;1;0;25;1;2;
0231;145236777;1;0;9;1;2;
0231;145236778;1;0;11;1;2;
0231;145236779;1;0;26;1;2;
0231;268262663;1;0;2;1;2;
0231;268262664;1;0;9;1;2;
0231;145236781;1;0;11;1;2;
0231;145237624;1;0;4;1;2;
0231;145237625;1;0;4;1;2;
0231;145237626;1;0;4;1;2;
0231;145237627;1;0;8;1;2;
0231;145237628;1;0;6;1;2;
0231;145237629;1;0;6;1;2;
0231;145237630;1;0;9;1;2;
0231;145237631;1;0;5;1;2;
0231;145237632;1;0;4;1;2;
0231;145237633;1;0;3;1;2;
0231;145237634;1;0;8;1;2;
0231;145237635;1;0;6;1;2;
0231;145237636;1;0;3;1;2;
0231;145237637;1;0;8;1;2;
0231;145237638;1;0;6;1;2;
0231;145237639;1;0;7;1;2;
0231;145237640;1;0;6;1;2;
0231;145237641;1;0;4;1;2;
0231;145237642;1;0;21;1;2;
0231;145237643;1;0;5;1;2;
0231;145237644;1;0;4;1;2;
0231;145237645;1;0;5;1;2;
0231;145237646;1;0;5;1;2;
0231;145237647;1;0;8;1;2;
0231;145237648;1;0;5;1;2;
0231;145237649;1;0;8;1;2;
0231;145237650;1;0;7;1;2;
0231;145237651;1;0;8;1;2;
0231;145237652;1;0;6;1;2;
0231;145237653;1;0;5;1;2;
0231;145237654;1;0;6;1;2;
0231;145237655;1;0;6;1;2;
0231;145237656;1;0;9;1;2;
0231;145237657;1;0;21;1;2;
0231;145237658;1;0;7;1;2;
0231;145237659;1;0;6;1;2;
0231;145237660;1;0;15;1;2;
0231;145237661;1;0;4;1;2;
0231;145237662;1;0;4;1;2;
0231;145237663;1;0;6;1;2;
0231;145237664;1;0;4;1;2;
0231;145237665;1;0;3;1;2;
0231;145237666;1;0;5;1;2;
0231;145237667;1;0;10;1;2;
0231;145237668;1;0;10;1;2;
0231;145237669;1;0;19;1;2;
0231;145237670;1;0;4;1;2;
0231;145237671;1;0;9;1;2;
0231;145237672;1;0;6;1;2;
0231;145237673;1;0;10;1;2;
0231;145237674;1;0;12;1;2;
0231;145237675;1;0;8;1;2;
0231;145237676;1;0;10;1;2;
0231;145237677;1;0;21;1;2;
0231;145237678;1;0;10;1;2;
0231;145237679;1;0;12;1;2;
0231;145237680;1;0;6;1;2;
0231;145237681;1;0;5;1;2;
0231;145237682;1;0;5;1;2;
0231;145237683;1;0;8;1;2;
0231;145237684;1;0;4;1;2;
0231;145237685;1;0;4;1;2;
0231;145237686;1;0;7;1;2;
0231;145237687;1;0;6;1;2;
0231;145237688;1;0;7;1;2;
0231;145237689;1;0;6;1;2;
0231;145237690;1;0;5;1;2;
0231;145237691;1;0;6;1;2;
0231;145238826;1;0;6;1;2;
0231;145238827;1;0;345;1;2;
0231;145238828;1;0;4;1;2;
0231;145238829;1;0;5;1;2;
0231;145238830;1;0;208;1;2;
0231;145238831;1;0;9;1;2;
0231;145238844;1;0;18;1;2;
0231;145238845;1;0;8;1;2;
0231;145238846;1;0;17;1;2;
0231;145238847;1;0;7;1;2;
0231;145238848;1;0;10;1;2;
0231;145238849;1;0;11;1;2;
0231;145238850;1;0;8;1;2;
0231;145238851;1;0;6;1;2;
0231;145238852;1;0;10;1;2;
0231;145238853;1;0;22;1;2;
0231;145238854;1;0;15;1;2;
0231;145238855;1;0;16;1;2;
0231;145238881;1;0;5;1;2;
0231;145238882;1;0;5;1;2;
0231;145238883;1;0;5;1;2;
0231;145238884;1;0;7;1;2;
0231;145238885;1;0;7;1;2;
0231;145238886;1;0;5;1;2;
0231;145238887;1;0;5;1;2;
0231;145238888;1;0;7;1;2;
0231;145238889;1;0;5;1;2;
0231;145238890;1;0;2;1;2;
0231;145238891;1;0;6;1;2;
0231;145245155;1;0;8;1;2;
0231;145245156;1;0;7;1;2;
0231;145245157;1;0;10;1;2;
0231;145245158;1;0;11;1;2;
0231;145245159;1;0;4;1;2;
0231;145245160;1;0;8;1;2;
0231;145245161;1;0;8;1;2;
0231;145245162;1;0;7;1;2;
0231;145245163;1;0;6;1;2;
0231;145249701;1;0;6;1;2;
0231;145249702;1;0;8;1;2;
0231;145249703;1;0;11;1;2;
0231;145249704;1;0;6;1;2;
0231;145249705;1;0;9;1;2;
0231;145249706;1;0;8;1;2;
0231;145249707;1;0;6;1;2;
0231;145249708;1;0;9;1;2;
0231;145249709;1;0;8;1;2;
0231;145249710;1;0;6;1;2;
0231;145250356;1;0;6;1;2;
0231;145250357;1;0;4;1;2;
0231;145250358;1;0;6;1;2;
0231;145250359;1;0;8;1;2;
0231;145250360;1;0;6;1;2;
0231;145250361;1;0;5;1;2;
0231;145250362;1;0;6;1;2;
0231;145250363;1;0;3;1;2;
0231;145250364;1;0;3;1;2;
0231;145250365;1;0;15;1;2;
0231;145250366;1;0;6;1;2;
0231;145250367;1;0;7;1;2;
0231;145250368;1;0;6;1;2;
0231;145250369;1;0;4;1;2;
0231;145250370;1;0;5;1;2;
0231;145250371;1;0;8;1;2;
0231;145250372;1;0;8;1;2;
0231;145250373;1;0;19;1;2;
0231;145250374;1;0;7;1;2;
0231;145250375;1;0;5;1;2;
0231;145250376;1;0;11;1;2;
0231;145250377;1;0;6;1;2;
0231;145250378;1;0;4;1;2;
0231;145250379;1;0;10;1;2;
0231;145250380;1;0;4;1;2;
0231;145250381;1;0;4;1;2;
0231;145250382;1;0;4;1;2;
0231;145250383;1;0;4;1;2;
0231;145250384;1;0;5;1;2;
0231;145250385;1;0;3;1;2;
0231;145250386;1;0;4;1;2;
0231;145250387;1;0;4;1;2;
0231;145250388;1;0;16;1;2;
0231;145250389;1;0;6;1;2;
0231;145250390;1;0;7;1;2;
0231;145250391;1;0;10;1;2;
0231;145250392;1;0;6;1;2;
0231;145250393;1;0;5;1;2;
0231;145250394;1;0;7;1;2;
0231;145250395;1;0;8;1;2;
0231;145250396;1;0;7;1;2;
0231;145252099;1;0;6;1;2;
0231;145252102;1;0;6;1;2;
0231;145252103;1;0;12;1;2;
0231;145252104;1;0;13;1;2;
0231;268765038;1;0;8;1;2;
0231;268765039;1;0;3;1;2;
0231;268765040;1;0;4;1;2;
0231;268765041;1;0;8;1;2;
0231;145252106;1;0;3;1;2;
0231;145252107;1;0;4;1;2;
0231;261245324;1;0;5;1;2;
0231;261245325;1;0;6;1;2;
0231;261245326;1;0;9;1;2;
0231;261245327;1;0;5;1;2;
0231;145252110;1;0;4;1;2;
0231;145252111;1;0;4;1;2;
0231;145252565;1;0;294;1#3#5;2;
0231;145252566;1;0;657;1#3#5;2;
0231;145252567;1;0;221;1#3#5;2;
0231;145252568;1;0;803;1#3#5;2;
0231;145252569;1;0;7;1#3#5;2;
0231;145252570;1;0;11;1#3#5;2;
0231;145252571;1;0;7;1#3#5;2;
0231;145252572;1;0;918;1#3#5;2;
0231;145252573;1;0;12;1#3#5;2;
0231;145252574;1;0;209;1#3#5;2;
0231;145252575;1;0;6;1#3#5;2;
0231;145252576;1;0;25;1#3#5;2;
0231;145252577;1;0;18;1#3#5;2;
0231;145252578;1;0;70;1#3#5;2;
0231;145252579;1;0;505;1#3#5;2;
0231;145252580;1;0;13;1#3#5;2;
0231;145252581;1;0;263;1#3#5;2;
0231;145252582;1;0;171;1#3;2;
0231;145252583;1;0;71;1#3;2;
0231;145252584;1;0;17;1#3;2;
0231;145252585;1;0;168;1#3;2;
0231;145252586;1;0;7;1#3;2;
0231;145252587;1;0;115;1#3;2;
0231;145252588;1;0;24;1#3;2;
0231;145252589;1;0;130;1#3;2;
0231;145252590;1;0;6;1#3;2;
0231;145252591;1;0;686;1#3;2;
0231;145252592;1;0;15;1#3;2;
0231;145252593;1;0;115;1#3;2;
0231;145252594;1;0;13;1#3;2;
0231;145252595;1;0;237;1#3;2;
0231;145252596;1;0;12;1#3;2;
0231;145252597;1;0;12;1#3;2;
0231;145252598;1;0;726;1#3;2;
0231;145252599;1;0;12;1#3;2;
0231;145252600;1;0;35;1#3;2;
0231;145252601;1;0;11;1#3;2;
0231;145252602;1;0;607;1#3;2;
0231;145252603;1;0;5;1#3;2;
0231;145252604;1;0;9;1#3;2;
0231;145252605;1;0;7;1#3;2;
0231;145252606;1;0;41;1#3;2;
0231;145252607;1;0;64;1#3;2;
0231;145252608;1;0;4;1#3;2;
0231;145252609;1;0;529;1#3;2;
0231;145252610;1;0;30;1#3;2;
0231;145252611;1;0;83;1#3;2;
0231;145252612;1;0;7;1#3;2;
0231;145252613;1;0;1875;1#3;2;
0231;145252614;1;0;159;1#3;2;
0231;145252616;1;0;172;1#3;2;
0231;145252617;1;0;8;1#3;2;
0231;145252618;1;0;87;1#3;2;
0231;145252619;1;0;5;1#3;2;
0231;145252620;1;0;18;1#3;2;
0231;145252621;1;0;4;1#3;2;
0231;145252622;1;0;298;1#3;2;
0231;145252623;1;0;71;1#3;2;
0231;145252624;1;0;3;1#3;2;
0231;145252625;1;0;84;1#3;2;
0231;145252754;1;0;14;1;2;
0231;145252755;1;0;17;1;2;
0231;145252756;1;0;8;1;2;
0231;145252757;1;0;10;1;2;
0231;145252758;1;0;4;1;2;
0231;145252759;1;0;10;1;2;
0231;145252760;1;0;7;1;2;
0231;145252761;1;0;16;1;2;
0231;145252762;1;0;8;1;2;
0231;145252764;1;0;37;1;2;
0231;145252765;1;0;29;1;2;
0231;145252766;1;0;9;1;2;
0231;145252767;1;0;13;1;2;
0231;145252769;1;0;10;1;2;
0231;145252770;1;0;7;1;2;
0231;145253187;1;0;140;1;2;
0231;145253188;1;0;40;1#1V1;2;
0231;145253189;1;0;49;1#1V1;2;
0231;145253190;1;0;41;1;2;
0231;145253191;1;0;60;1#3K;2;
0231;145253192;1;0;16;1;2;
0231;145253201;1;0;69;1;2;
0231;145253202;1;0;7;1;2;
0231;145253203;1;0;105;1#1H1;2;
0231;145253204;1;0;3;1#1H1;2;
0231;145253205;1;0;82;1#1H1;2;
0231;145253206;1;0;40;1#3;2;
0231;145253207;1;0;5;1#3;2;
0231;145253208;1;0;23;1#3;2;
0231;145253209;1;0;70;1#3;2;
0231;145253210;1;0;71;1#3#3H1;2;
0231;145253211;1;0;44;1#3;2;
0231;145253212;1;0;67;1#3;2;
0231;145253213;1;0;8;1;2;
0231;145253214;1;0;24;1;2;
0231;257295959;1;0;13;1;2;
0231;257295960;1;0;45;1;2;
0231;179789255;1;0;59;1#1V1;2;
0231;179789256;1;0;35;1#1V1;2;
0231;145253217;1;0;55;1;2;
0231;145253218;1;0;48;1;2;
0231;145253219;1;0;65;1#1V1;2;
0231;145253220;1;0;74;1;2;
0231;145253221;1;0;24;1;2;
0231;145253222;1;0;58;1#1V1;2;
0231;145253223;1;0;7;1;2;
0231;145253224;1;0;46;1;2;
0231;145253225;1;0;82;1;2;
0231;145253226;1;0;16;1;2;
0231;145253227;1;0;51;1;2;
0231;145253228;1;0;56;1;2;
0231;145253229;1;0;28;1;2;
0231;145253230;1;0;30;1;2;
0231;145253231;1;0;54;1#1V1;2;
0231;145253232;1;0;41;1;2;
0231;145253233;1;0;69;1;2;
0231;145253234;1;0;18;1;2;
0231;145253235;1;0;17;1#3;2;
0231;145253236;1;0;23;1#3;2;
0231;145253237;1;0;125;1#3;2;
0231;145253238;1;0;50;1#1H1;2;
0231;145253239;1;0;57;1#1H1#1V1;2;
0231;145253240;1;0;67;1;2;
0231;145253241;1;0;2;1;2;
0231;145253242;1;0;19;1;2;
0231;145253243;1;0;17;1;2;
0231;145253244;1;0;26;1;2;
0231;145253245;1;0;24;1;2;
0231;145253246;1;0;42;1;2;
0231;145253247;1;0;46;1;2;
0231;145253248;1;0;54;1;2;
0231;145253249;1;0;64;1#1V1;2;
0231;145253250;1;0;16;1;2;
0231;145253251;1;0;70;1;2;
0231;145253252;1;0;85;1;2;
0231;145253253;1;0;67;1;2;
0231;145253262;1;0;6;1;2;
0231;145253263;1;0;28;1;2;
0231;145253264;1;0;37;1;2;
0231;145253265;1;0;15;1;2;
0231;145253374;1;0;4;1;2;
0231;145253375;1;0;130;1#1H1;2;
0231;145253376;1;0;6;1#1H1;2;
0231;145253377;1;0;6;1;2;
0231;145253378;1;0;84;1;2;
0231;145253379;1;0;119;1;2;
0231;145253380;1;0;32;1;2;
0231;145253381;1;0;32;1#1H1;2;
0231;145253382;1;0;26;1;2;
0231;145253383;1;0;31;1;2;
0231;145253384;1;0;21;1;2;
0231;145253385;1;0;67;1;2;
0231;145253386;1;0;5;1;2;
0231;145253387;1;0;15;1#1V1;2;
0231;145253388;1;0;17;1;2;
0231;145253389;1;0;65;1#1H1;2;
0231;145253390;1;0;15;1;2;
0231;145253394;1;0;53;1;2;
0231;145253395;1;0;35;1#1V1;2;
0231;145253396;1;0;54;1;2;
0231;145253397;1;0;50;1;2;
0231;145253398;1;0;2;1;2;
0231;145253399;1;0;5;1;2;
0231;145253400;1;0;62;1;2;
0231;145253401;1;0;24;1;2;
0231;145253402;1;0;17;1;2;
0231;145253403;1;0;39;1;2;
0231;145253404;1;0;48;1;2;
0231;145253405;1;0;59;1;2;
0231;145253406;1;0;3;1;2;
0231;145253407;1;0;29;1;2;
0231;145253408;1;0;48;1;2;
0231;145253409;1;0;25;1#1V1;2;
0231;145253410;1;0;5;1;2;
0231;145253411;1;0;6;1;2;
0231;145253412;1;0;20;1;2;
0231;145253413;1;0;24;1;2;
0231;157789525;1;0;9;1#1V1;2;
0231;145253416;1;0;9;1#1V1;2;
0231;145253417;1;0;21;1;2;
0231;145253418;1;0;40;1;2;
0231;145253419;1;0;55;1;2;
0231;145253420;1;0;70;1#1V1;2;
0231;145253421;1;0;6;1;2;
0231;145253422;1;0;4;1;2;
0231;145253423;1;0;63;1;2;
0231;145253424;1;0;25;1;2;
0231;145253425;1;0;35;1;2;
0231;145253438;1;0;3;1;2;
0231;145253439;1;0;14;1;2;
0231;145253440;1;0;51;1;2;
0231;145253441;1;0;10;1;2;
0231;145253442;1;0;33;1#1V1;2;
0231;145253443;1;0;13;1;2;
0231;145253444;1;0;145;1;2;
0231;145253740;1;0;79;1#3;2;
0231;145253744;1;0;4;1#3;2;
0231;145253745;1;0;56;1#3;2;
0231;145253746;1;0;115;1#3;2;
0231;145253747;1;0;17;1;2;
0231;145253748;1;0;69;1;2;
0231;145253749;1;0;44;1;2;
0231;145253750;1;0;6;1;2;
0231;145253764;1;0;73;1;2;
0231;145253765;1;0;8;1;2;
0231;145253766;1;0;32;1;2;
0231;145253767;1;0;40;1;2;
0231;157789526;1;0;23;1;2;
0231;157789527;1;0;14;1;2;
0231;145253769;1;0;121;1;2;
0231;145253770;1;0;40;1;2;
0231;145253771;1;0;30;1;2;
0231;145253772;1;0;32;1#1V1;2;
0231;145253773;1;0;8;1#1V1;2;
0231;145253774;1;0;80;1;2;
0231;145253775;1;0;26;1#1V1;2;
0231;145253776;1;0;4;1#1V1;2;
0231;145253777;1;0;28;1;2;
0231;145253778;1;0;35;1;2;
0231;145253779;1;0;12;1;2;
0231;145253780;1;0;38;1;2;
0231;145253781;1;0;45;1;2;
0231;145253782;1;0;3;1;2;
0231;145253783;1;0;36;1;2;
0231;145253784;1;0;3;1;2;
0231;145253785;1;0;48;1;2;
0231;145253786;1;0;26;1;2;
0231;145253787;1;0;25;1;2;
0231;145253788;1;0;23;1;2;
0231;145253789;1;0;26;1;2;
0231;145253790;1;0;26;1;2;
0231;145253791;1;0;37;1;2;
0231;145253792;1;0;28;1;2;
0231;145253793;1;0;6;1;2;
0231;268765042;1;0;60;1;2;
0231;268765043;1;0;33;1;2;
0231;145255153;1;0;23;1;2;
0231;145255154;1;0;5;1;2;
0231;157789528;1;0;5;1;2;
0231;157789529;1;0;34;1;2;
0231;145255156;1;0;24;1;2;
0231;145255157;1;0;4;1;2;
0231;145255158;1;0;8;1;2;
0231;145255159;1;0;8;1;2;
0231;145255160;1;0;33;1;2;
0231;145255161;1;0;7;1;2;
0231;145255162;1;0;28;1;2;
0231;145255166;1;0;15;1;2;
0231;145255167;1;0;24;1;2;
0231;145255168;1;0;23;1;2;
0231;145255169;1;0;17;1;2;
0231;145255170;1;0;39;1;2;
0231;145255171;1;0;8;1;2;
0231;145255172;1;0;76;1;2;
0231;145255173;1;0;4;1;2;
0231;145255174;1;0;4;1;2;
0231;145255175;1;0;52;1;2;
0231;145255176;1;0;8;1#1V1;2;
0231;145255177;1;0;4;1;2;
0231;145255178;1;0;4;1;2;
0231;145255179;1;0;23;1;2;
0231;145255180;1;0;5;1;2;
0231;145255181;1;0;26;1;2;
0231;145255182;1;0;31;1;2;
0231;145255183;1;0;4;1;2;
0231;145255184;1;0;32;1;2;
0231;145255185;1;0;30;1;2;
0231;145255186;1;0;3;1;2;
0231;145255187;1;0;7;1;2;
0231;145255188;1;0;10;1;2;
0231;145255189;1;0;50;1;2;
0231;145255190;1;0;11;1;2;
0231;145255191;1;0;59;1;2;
0231;145255192;1;0;80;1;2;
0231;145255193;1;0;64;1#1V1;2;
0231;145255194;1;0;11;1#1V1;2;
0231;145255195;1;0;67;1;2;
0231;145255196;1;0;10;1;2;
0231;145255197;1;0;33;1#1V1;2;
0231;157789530;1;0;20;1;2;
0231;157789531;1;0;20;1;2;
0231;145255199;1;0;42;1;2;
0231;145255200;1;0;54;1#1V1;2;
0231;145255201;1;0;6;1#1V1;2;
0231;145255202;1;0;86;1;2;
0231;145255203;1;0;28;1;2;
0231;145255204;1;0;4;1;2;
0231;145255205;1;0;10;1;2;
0231;145255206;1;0;5;1;2;
0231;145255207;1;0;26;1;2;
0231;145255955;1;0;10;1;2;
0231;145255956;1;0;46;1;2;
0231;145255957;1;0;20;1;2;
0231;145255958;1;0;25;1;2;
0231;179789257;1;0;15;1;2;
0231;179789258;1;0;21;1;2;
0231;145255962;1;0;62;1;2;
0231;145255963;1;0;53;1;2;
0231;145255964;1;0;103;1;2;
0231;145255965;1;0;120;1;2;
0231;145255966;1;0;42;1;2;
0231;145255967;1;0;56;1;2;
0231;145255968;1;0;57;1;2;
0231;145255969;1;0;32;1;2;
0231;145255970;1;0;15;1;2;
0231;145255971;1;0;32;1;2;
0231;145255972;1;0;15;1;2;
0231;145255973;1;0;57;1;2;
0231;157789532;1;0;43;1;2;
0231;157789533;1;0;20;1;2;
0231;145255976;1;0;25;1;2;
0231;145255977;1;0;38;1;2;
0231;145255978;1;0;19;1;2;
0231;145255979;1;0;37;1;2;
0231;145255980;1;0;18;1;2;
0231;145255981;1;0;24;1;2;
0231;145255982;1;0;20;1;2;
0231;157789534;1;0;17;1;2;
0231;157789535;1;0;17;1;2;
0231;145255990;1;0;33;1;2;
0231;157789536;1;0;10;1;2;
0231;157789537;1;0;13;1;2;
0231;145255997;1;0;7;1;2;
0231;145255998;1;0;13;1;2;
0231;145255999;1;0;12;1;2;
0231;145256002;1;0;45;1;2;
0231;145256003;1;0;62;1;2;
0231;145256004;1;0;25;1;2;
0231;145256005;1;0;27;1;2;
0231;145256006;1;0;27;1;2;
0231;157789538;1;0;19;1;2;
0231;157789539;1;0;10;1;2;
0231;157789540;1;0;13;1;2;
0231;157789541;1;0;13;1;2;
0231;145256013;1;0;24;1;2;
0231;145256014;1;0;26;1;2;
0231;145256015;1;0;15;1;2;
0231;145256016;1;0;15;1;2;
0231;145256017;1;0;24;1;2;
0231;145256018;1;0;37;1;2;
0231;145256023;1;0;40;1;2;
0231;157789542;1;0;28;1;2;
0231;157789543;1;0;6;1;2;
0231;145256025;1;0;9;1;2;
0231;145256026;1;0;31;1;2;
0231;145256027;1;0;35;1;2;
0231;145256028;1;0;33;1;2;
0231;145256029;1;0;40;1;2;
0231;145256030;1;0;22;1;2;
0231;145256031;1;0;12;1;2;
0231;145256032;1;0;30;1;2;
0231;145256033;1;0;10;1;2;
0231;145256034;1;0;38;1;2;
0231;145256035;1;0;34;1;2;
0231;145256036;1;0;7;1;2;
0231;145256037;1;0;21;1;2;
0231;157789544;1;0;12;1;2;
0231;157789545;1;0;12;1;2;
0231;145256039;1;0;20;1;2;
0231;157789546;1;0;13;1;2;
0231;157789547;1;0;15;1;2;
0231;157789548;1;0;15;1;2;
0231;157789549;1;0;13;1;2;
0231;145256277;1;0;5;1;2;
0231;145256278;1;0;22;1;2;
0231;157789552;1;0;5;1;2;
0231;179789259;1;0;9;1;2;
0231;179789260;1;0;8;1;2;
0231;145256496;1;0;294;2#4#6;1;
0231;145256497;1;0;425;2#4#6;1;
0231;145256498;1;0;143;2#4#6;1;
0231;272074434;1;0;89;2#4#6;1;
0231;272074435;1;0;762;2#4#6#8;1;
0231;145256500;1;0;19;2#4#6#8;1;
0231;145256501;1;0;250;2#4#6#8;1;
0231;145256502;1;0;18;2#4#6#8;1;
0231;145256503;1;0;915;2#4#6#8;1;
0231;145256504;1;0;9;2#4#6#8;1;
0231;145256505;1;0;13;2#4#6#8;1;
0231;145256506;1;0;24;2#4#6#8;1;
0231;145256507;1;0;71;2#4#6#8;1;
0231;145256508;1;0;113;2#4#6#8;1;
0231;145256509;1;0;43;2#4#6#8;1;
0231;272074436;1;0;70;2#4#6#8;1;
0231;272074437;1;0;313;2#4#6;1;
0231;145256511;1;0;270;2#4#6;1;
0231;145256512;1;0;176;2#4#6;1;
0231;272074438;1;0;22;2#4#6;1;
0231;272074439;1;0;53;2#4#6;1;
0231;145256514;1;0;17;2#4#6;1;
0231;145256515;1;0;101;2#4#6;1;
0231;145256516;1;0;71;2#4#6;1;
0231;272074440;1;0;17;2#4#6;1;
0231;272074441;1;0;133;2#4;1;
0231;145256518;1;0;74;2#4;1;
0231;145256519;1;0;66;2#4;1;
0231;145256520;1;0;41;2#4;1;
0231;145256521;1;0;136;2#4;1;
0231;145256522;1;0;543;2#4;1;
0231;145256523;1;0;132;2#4;1;
0231;145256524;1;0;26;2#4;1;
0231;145256525;1;0;128;2#4;1;
0231;145256526;1;0;103;2#4;1;
0231;145256527;1;0;13;2#4;1;
0231;145256528;1;0;133;2#4;1;
0231;145256529;1;0;12;2#4;1;
0231;145256530;1;0;622;2#4;1;
0231;145256531;1;0;48;2#4;1;
0231;145256532;1;0;68;2#4;1;
0231;145256533;1;0;46;2#4;1;
0231;145256534;1;0;519;2#4;1;
0231;145256535;1;0;16;2#4;1;
0231;145256536;1;0;44;2#4;1;
0231;145256537;1;0;33;2#4;1;
0231;145256538;1;0;16;2#4;1;
0231;145256539;1;0;20;2#4;1;
0231;145256540;1;0;21;2#4;1;
0231;145256541;1;0;525;2#4;1;
0231;145256542;1;0;31;2#4;1;
0231;145256543;1;0;71;2#4;1;
0231;145256544;1;0;16;2#4;1;
0231;145256545;1;0;67;2#4;1;
0231;272074442;1;0;1740;2#4;1;
0231;272074443;1;0;142;2#4;1;
0231;145256547;1;0;159;2#4;1;
0231;145256549;1;0;180;2#4;1;
0231;145256550;1;0;92;2#4;1;
0231;145256551;1;0;14;2#4;1;
0231;145256552;1;0;8;2#4;1;
0231;145256553;1;0;14;2#4;1;
0231;145256554;1;0;284;2#4;1;
0231;145256555;1;0;6;2#4;1;
0231;145256556;1;0;65;2#4;1;
0231;145256557;1;0;87;2#4;1;
0231;145256656;1;0;37;2;1;
0231;145256657;1;0;29;2;1;
0231;145256658;1;0;9;2;1;
0231;145256994;1;0;140;2;1;
0231;145256995;1;0;40;2#4K;1;
0231;145256996;1;0;37;2;1;
0231;145256997;1;0;12;2;1;
0231;145256998;1;0;3;2;1;
0231;145256999;1;0;38;2;1;
0231;145257000;1;0;60;2;1;
0231;145257001;1;0;16;2;1;
0231;145257010;1;0;69;2#2H1;1;
0231;145257011;1;0;7;2#2H1;1;
0231;145257012;1;0;105;2#2H1;1;
0231;145257013;1;0;85;2#2H1;1;
0231;145257014;1;0;45;2#4;1;
0231;145257015;1;0;23;2#4;1;
0231;145257016;1;0;70;2#4#4H1;1;
0231;145257017;1;0;71;2#4#4H1;1;
0231;145257018;1;0;44;2#4;1;
0231;145257019;1;0;67;2;1;
0231;145257020;1;0;8;2#4K;1;
0231;145257021;1;0;24;2#4K;1;
0231;257295961;1;0;8;2;1;
0231;257295962;1;0;7;2;1;
0231;257295963;1;0;43;2;1;
0231;179789261;1;0;55;2;1;
0231;268814373;1;0;10;2;1;
0231;268814374;1;0;29;2;1;
0231;145257024;1;0;55;2;1;
0231;145257025;1;0;48;2;1;
0231;145257026;1;0;65;2;1;
0231;145257027;1;0;74;2;1;
0231;145257028;1;0;24;2;1;
0231;145257029;1;0;58;2;1;
0231;145257030;1;0;7;2;1;
0231;145257031;1;0;46;2;1;
0231;145257032;1;0;82;2;1;
0231;145257033;1;0;16;2#2V1;1;
0231;145257034;1;0;51;2#2V1;1;
0231;145257035;1;0;56;2;1;
0231;145257036;1;0;28;2;1;
0231;145257037;1;0;30;2;1;
0231;145257038;1;0;54;2;1;
0231;145257039;1;0;41;2;1;
0231;145257040;1;0;69;2;1;
0231;145257041;1;0;18;2;1;
0231;145257042;1;0;17;2;1;
0231;145257043;1;0;23;2;1;
0231;145257044;1;0;125;2;1;
0231;179789263;1;0;33;2;1;
0231;179789264;1;0;17;2;1;
0231;145257046;1;0;57;2;1;
0231;145257047;1;0;66;2#2H1;1;
0231;145257048;1;0;3;2#2H1#2V1;1;
0231;145257049;1;0;19;2#2H1;1;
0231;145257050;1;0;17;2;1;
0231;145257051;1;0;26;2;1;
0231;145257052;1;0;24;2;1;
0231;145257053;1;0;42;2;1;
0231;145257054;1;0;46;2;1;
0231;145257055;1;0;54;2;1;
0231;145257056;1;0;64;2;1;
0231;145257057;1;0;9;2;1;
0231;145257058;1;0;7;2;1;
0231;145257059;1;0;4;2#2V1;1;
0231;145257060;1;0;65;2#2V1;1;
0231;145257061;1;0;86;2;1;
0231;145257062;1;0;67;2;1;
0231;145257069;1;0;6;2;1;
0231;145257070;1;0;28;2#2V1;1;
0231;145257071;1;0;37;2;1;
0231;145257072;1;0;15;2;1;
0231;145257187;1;0;4;2;1;
0231;145257188;1;0;136;2#4;1;
0231;145257189;1;0;90;2#2V1;1;
0231;145257190;1;0;119;2;1;
0231;145257191;1;0;32;2;1;
0231;145257192;1;0;32;2;1;
0231;145257193;1;0;26;2;1;
0231;145257194;1;0;31;2;1;
0231;145257195;1;0;21;2;1;
0231;145257196;1;0;67;2;1;
0231;145257197;1;0;5;2;1;
0231;145257198;1;0;15;2;1;
0231;145257199;1;0;17;2;1;
0231;145257200;1;0;51;2;1;
0231;145257201;1;0;14;2;1;
0231;145257202;1;0;15;2;1;
0231;145257206;1;0;53;2;1;
0231;145257207;1;0;30;2;1;
0231;145257208;1;0;5;2;1;
0231;145257209;1;0;6;2;1;
0231;145257210;1;0;48;2;1;
0231;145257211;1;0;52;2;1;
0231;145257212;1;0;5;2#2V1;1;
0231;145257213;1;0;62;2#2V1;1;
0231;145257214;1;0;24;2;1;
0231;145257215;1;0;17;2;1;
0231;145257216;1;0;39;2#2H1;1;
0231;145257217;1;0;45;2;1;
0231;145257218;1;0;3;2;1;
0231;145257219;1;0;57;2;1;
0231;145257220;1;0;5;2;1;
0231;145257221;1;0;77;2;1;
0231;145257222;1;0;25;2;1;
0231;145257223;1;0;5;2;1;
0231;145257224;1;0;6;2#2H1;1;
0231;145257225;1;0;20;2#2H1;1;
0231;145257226;1;0;24;2;1;
0231;157789555;1;0;8;2#2H1;1;
0231;145257229;1;0;9;2#2H1;1;
0231;145257230;1;0;21;2#2V1;1;
0231;145257231;1;0;40;2#2V1;1;
0231;145257232;1;0;55;2;1;
0231;145257233;1;0;70;2;1;
0231;145257234;1;0;6;2;1;
0231;145257235;1;0;4;2;1;
0231;145257236;1;0;63;2#2V1;1;
0231;145257237;1;0;60;2;1;
0231;145257250;1;0;3;2;1;
0231;145257251;1;0;14;2;1;
0231;145257252;1;0;51;2;1;
0231;145257253;1;0;10;2;1;
0231;145257254;1;0;33;2;1;
0231;145257255;1;0;13;2;1;
0231;145257256;1;0;8;2;1;
0231;145257257;1;0;137;2;1;
0231;145257550;1;0;79;2#4;1;
0231;145257553;1;0;4;2#4;1;
0231;145257554;1;0;56;2#4;1;
0231;145257555;1;0;91;2#4;1;
0231;145257556;1;0;24;2#4;1;
0231;145257557;1;0;17;2;1;
0231;145257558;1;0;69;2#2H1;1;
0231;145257559;1;0;44;2;1;
0231;145257560;1;0;6;2;1;
0231;145257572;1;0;73;2;1;
0231;145257573;1;0;8;2#2V1;1;
0231;145257574;1;0;32;2#2V1;1;
0231;145257575;1;0;40;2;1;
0231;157789556;1;0;27;2#2V1;1;
0231;157789557;1;0;10;2#2V1;1;
0231;145257577;1;0;121;2;1;
0231;145257578;1;0;40;2#2V1;1;
0231;145257579;1;0;30;2;1;
0231;145257580;1;0;27;2;1;
0231;145257581;1;0;5;2;1;
0231;145257582;1;0;8;2;1;
0231;145257583;1;0;80;2;1;
0231;145257584;1;0;26;2;1;
0231;145257585;1;0;4;2;1;
0231;145257586;1;0;28;2;1;
0231;145257587;1;0;35;2;1;
0231;145257588;1;0;12;2;1;
0231;145257589;1;0;38;2;1;
0231;145257590;1;0;48;2;1;
0231;145257591;1;0;36;2;1;
0231;145257592;1;0;3;2;1;
0231;145257593;1;0;48;2;1;
0231;145257594;1;0;26;2;1;
0231;145257595;1;0;25;2;1;
0231;145257596;1;0;23;2;1;
0231;145257597;1;0;26;2;1;
0231;145257598;1;0;26;2;1;
0231;145257599;1;0;37;2#2H2;1;
0231;145257600;1;0;28;2;1;
0231;145257601;1;0;6;2;1;
0231;268765044;1;0;60;2;1;
0231;268765045;1;0;33;2;1;
0231;145258945;1;0;23;2;1;
0231;145258946;1;0;5;2;1;
0231;157789558;1;0;6;2;1;
0231;157789559;1;0;33;2;1;
0231;145258948;1;0;24;2;1;
0231;145258949;1;0;3;2;1;
0231;145258950;1;0;9;2;1;
0231;145258951;1;0;8;2;1;
0231;145258952;1;0;33;2;1;
0231;145258953;1;0;7;2;1;
0231;145258954;1;0;28;2;1;
0231;145258958;1;0;15;2;1;
0231;145258959;1;0;24;2;1;
0231;145258960;1;0;23;2;1;
0231;145258961;1;0;17;2;1;
0231;145258962;1;0;39;2;1;
0231;145258963;1;0;8;2;1;
0231;145258964;1;0;80;2;1;
0231;145258965;1;0;56;2;1;
0231;145258966;1;0;8;2#2H1;1;
0231;145258967;1;0;4;2;1;
0231;145258968;1;0;4;2;1;
0231;145258969;1;0;23;2;1;
0231;145258970;1;0;5;2;1;
0231;145258971;1;0;26;2;1;
0231;145258972;1;0;31;2;1;
0231;145258973;1;0;4;2;1;
0231;145258974;1;0;32;2;1;
0231;145258975;1;0;30;2;1;
0231;145258976;1;0;5;2;1;
0231;145258977;1;0;5;2;1;
0231;145258978;1;0;10;2;1;
0231;145258979;1;0;50;2#4;1;
0231;145258980;1;0;11;2#4;1;
0231;145258981;1;0;59;2#4;1;
0231;145258982;1;0;80;2;1;
0231;145258983;1;0;60;2;1;
0231;145258984;1;0;4;2;1;
0231;145258985;1;0;6;2;1;
0231;145258986;1;0;5;2;1;
0231;145258987;1;0;67;2;1;
0231;145258988;1;0;10;2;1;
0231;145258989;1;0;33;2;1;
0231;157789560;1;0;21;2;1;
0231;157789561;1;0;19;2;1;
0231;145258991;1;0;42;2;1;
0231;145258992;1;0;49;2;1;
0231;145258993;1;0;5;2;1;
0231;145258994;1;0;6;2;1;
0231;145258995;1;0;2;2;1;
0231;145258996;1;0;84;2;1;
0231;145258997;1;0;28;2;1;
0231;145258998;1;0;4;2;1;
0231;145258999;1;0;10;2;1;
0231;145259000;1;0;5;2;1;
0231;145259001;1;0;26;2;1;
0231;145259687;1;0;10;2;1;
0231;145259688;1;0;46;2;1;
0231;145259689;1;0;45;2;1;
0231;179789265;1;0;15;2;1;
0231;179789266;1;0;21;2;1;
0231;145259691;1;0;62;2;1;
0231;145259692;1;0;53;2;1;
0231;145259693;1;0;103;2;1;
0231;145259694;1;0;120;2;1;
0231;145259695;1;0;42;2;1;
0231;145259696;1;0;56;2;1;
0231;145259697;1;0;57;2;1;
0231;145259698;1;0;32;2;1;
0231;145259699;1;0;15;2;1;
0231;145259700;1;0;32;2;1;
0231;145259701;1;0;15;2;1;
0231;145259702;1;0;57;2;1;
0231;157789562;1;0;43;2;1;
0231;157789563;1;0;20;2;1;
0231;145259704;1;0;25;2;1;
0231;145259705;1;0;38;2;1;
0231;145259706;1;0;19;2;1;
0231;145259707;1;0;37;2;1;
0231;145259708;1;0;18;2;1;
0231;145259709;1;0;24;2;1;
0231;145259710;1;0;20;2;1;
0231;157789564;1;0;17;2;1;
0231;157789565;1;0;17;2;1;
0231;145259713;1;0;33;2;1;
0231;157789566;1;0;10;2;1;
0231;157789567;1;0;13;2;1;
0231;145259716;1;0;7;2;1;
0231;145259717;1;0;25;2;1;
0231;145259718;1;0;45;2;1;
0231;145259719;1;0;62;2;1;
0231;145259720;1;0;25;2;1;
0231;145259721;1;0;27;2;1;
0231;145259722;1;0;27;2;1;
0231;157789568;1;0;19;2;1;
0231;157789569;1;0;10;2;1;
0231;157789570;1;0;15;2;1;
0231;157789571;1;0;11;2;1;
0231;145259725;1;0;24;2;1;
0231;145259726;1;0;26;2;1;
0231;145259727;1;0;15;2;1;
0231;145259728;1;0;15;2;1;
0231;145259729;1;0;24;2;1;
0231;145259730;1;0;37;2;1;
0231;145259731;1;0;40;2;1;
0231;157789572;1;0;30;2;1;
0231;157789573;1;0;4;2;1;
0231;145259733;1;0;9;2;1;
0231;145259734;1;0;31;2;1;
0231;145259735;1;0;35;2;1;
0231;145259736;1;0;33;2;1;
0231;145259737;1;0;40;2;1;
0231;145259738;1;0;22;2;1;
0231;145259739;1;0;12;2;1;
0231;145259740;1;0;30;2;1;
0231;145259741;1;0;10;2;1;
0231;145259742;1;0;38;2;1;
0231;145259743;1;0;34;2;1;
0231;145259744;1;0;7;2;1;
0231;145259745;1;0;21;2;1;
0231;157789574;1;0;13;2;1;
0231;157789575;1;0;11;2;1;
0231;145259747;1;0;20;2;1;
0231;157789576;1;0;13;2;1;
0231;157789577;1;0;15;2;1;
0231;157789578;1;0;15;2;1;
0231;157789579;1;0;13;2;1;
0231;145259931;1;0;22;2;1;
0231;157789582;1;0;4;2;1;
0231;179789267;1;0;10;2;1;
0231;179789268;1;0;8;2;1;
0231;145259993;1;0;71;1H1;2;
0231;145259994;1;0;107;1H1;2;
0231;145259995;1;0;67;2H1;1;
0231;145259996;1;0;70;2V1;1;
0231;158545036;1;0;42;1;2;
0231;254297086;1;0;23;1;2;
0231;254297108;1;0;45;1;2;
0231;254297109;1;0;45;2;1;
0231;254297110;1;0;30;1;2;
0231;254297113;1;0;30;2;1;
0231;257157674;1;0;20;1;2;
0231;257157675;1;0;326;1;2;
0231;257157676;1;0;31;1;2;
0231;257157677;1;0;14;1;2;
0231;257157680;1;0;31;2;1;
0231;257157681;1;0;14;2;1;
0231;257157682;1;0;63;2;1;
0231;257157684;1;0;63;1;2;
0231;257157695;1;0;20;2;1;
0231;257157696;1;0;106;2;1;
0231;257157697;1;0;220;2;1;
0231;257157703;1;0;10;1;2;
0231;257157704;1;0;9;1;2;
0231;257157705;1;0;10;1;2;
0231;257157706;1;0;7;1;2;
0231;257157707;1;0;27;1;2;
0231;257157708;1;0;7;1;2;
0231;257157709;1;0;16;1;2;
0231;257295967;1;0;29;1;2;
0231;257295968;1;0;1;1;2;
0231;257295970;1;0;28;2;1;
0231;257295971;1;0;2;2;1;
0231;257298618;1;0;33;1;2;
0231;257298619;1;0;4;1;2;
0231;257298620;1;0;33;2;1;
0231;257298621;1;0;4;2;1;
0231;257298622;1;0;44;1;2;
0231;257298623;1;0;44;2;1;
0231;257298624;1;0;73;1;2;
0231;257298625;1;0;4;1;2;
0231;257298626;1;0;73;2;1;
0231;257298627;1;0;4;2#2V1;1;
0231;257298628;1;0;23;2;1;
0231;257298629;1;0;23;1;2;
0231;257298630;1;0;24;2;1;
0231;257298631;1;0;24;1;2;
0231;261245335;1;0;60;2;1;
0231;261245336;1;0;8;2#2V1;1;
0231;261245337;1;0;60;1;2;
0231;261245338;1;0;8;1;2;
0231;261245340;1;0;9;2;1;
0231;261245341;1;0;8;2;1;
0231;261245344;1;0;9;1;2;
0231;261245345;1;0;8;1;2;
0231;261245351;1;0;32;2;1;
0231;261245352;1;0;65;2;1;
0231;261245368;1;0;25;1;2;
0231;261245369;1;0;25;2;1;
0231;261245370;1;0;34;1;2;
0231;261245371;1;0;34;2;1;
0231;261245372;1;0;40;2;1;
0231;261245373;1;0;40;1;2;
0231;261245374;1;0;7;1;2;
0231;261245375;1;0;7;2;1;
0231;261245376;1;0;42;1;2;
0231;261245377;1;0;42;2;1;
0231;261246990;1;0;18;2;1;
0231;261246991;1;0;18;1;2;
0231;261246992;1;0;90;2;1;
0231;261246993;1;0;90;1;2;
0231;261246994;1;0;16;1;2;
0231;261246995;1;0;6;1;2;
0231;261246996;1;0;7;1;2;
0231;261246997;1;0;11;1;2;
0231;261246998;1;0;9;1;2;
0231;261246999;1;0;6;1;2;
0231;261247000;1;0;18;1;2;
0231;261247001;1;0;6;1;2;
0231;261247002;1;0;4;1;2;
0231;261247003;1;0;12;1;2;
0231;261247004;1;0;8;1;2;
0231;261247005;1;0;7;1;2;
0231;268814377;1;0;10;2;1;
0231;268814378;1;0;8;2;1;
0231;268814379;1;0;10;1;2;
0231;268814380;1;0;8;1;2;
0231;268262665;1;0;253;2#4;1;
0231;268262666;1;0;41;2#2H1#4;1;
0231;268293904;1;0;253;1#3;2;
0231;268293905;1;0;41;1#3;2;
0231;264166549;1;0;11;1;2;
0231;264166550;1;0;22;1;2;
0231;264166555;1;0;28;2;1;
0231;264166578;1;0;13;2;1;
0231;264166579;1;0;20;2;1;
0231;264166582;1;0;28;1;2;
0231;264606815;1;0;24;1;2;
0231;264606816;1;0;103;1;2;
0231;264606817;1;0;22;2;1;
0231;264606818;1;0;105;2;1;
0231;264606819;1;0;31;1;2;
0231;264606820;1;0;31;2;1;
0231;264606821;1;0;24;2#2V1;1;
0231;264606822;1;0;89;2;1;
0231;264606823;1;0;24;1;2;
0231;264606824;1;0;89;1;2;
0231;267200669;1;0;166;2;1;
0231;267200672;1;0;39;2;1;
0231;267200676;1;0;39;1;2;
0231;267200678;1;0;49;1;2;
0231;267200679;1;0;117;1;2;
0231;267200682;1;0;25;1;2;
0231;267200683;1;0;4;1;2;
0231;267200684;1;0;4;1;2;
0231;267200685;1;0;10;1;2;
0231;267200686;1;0;4;1;2;
0231;267200687;1;0;4;1;2;
0231;267200688;1;0;11;1;2;
0231;267200689;1;0;3;1;2;
0231;267200690;1;0;4;1;2;
0231;267200693;1;0;20;2;1;
0231;267200694;1;0;20;1;2;
0231;267323739;1;0;113;2;1;
0231;267323740;1;0;54;1;2;
0231;267323741;1;0;54;2;1;
0231;267323745;1;0;48;1;2;
0231;267323746;1;0;23;1;2;
0231;267323747;1;0;42;1;2;
0231;267323748;1;0;28;1;2;
0231;267323750;1;0;28;2;1;
0231;268281980;1;0;36;1H1;2;
0231;268281981;1;0;41;2H1;1;
0231;268324689;1;0;104;1;2;
0231;268324690;1;0;7;1;2;
0231;268324691;1;0;192;1;2;
0231;268324692;1;0;6;1;2;
0231;268324693;1;0;59;1;2;
0231;268324694;1;0;104;2;1;
0231;268324695;1;0;7;2;1;
0231;268324696;1;0;192;2;1;
0231;268324697;1;0;6;2;1;
0231;268324698;1;0;59;2;1;
0231;268324705;1;0;20;1;2;
0231;268324706;1;0;4;1;2;
0231;268324707;1;0;20;2;1;
0231;268324708;1;0;4;2;1;
0231;268324709;1;0;3;2;1;
0231;268324710;1;0;25;2;1;
0231;268324712;1;0;4;1;2;
0231;268324713;1;0;24;1;2;
0231;268765046;1;0;24;1;2;
0231;268765047;1;0;24;2;1;
0231;272074446;1;0;10;1;2;
0231;272074447;1;0;8;1;2;
0231;272074448;1;0;14;1;2;
0231;272074449;1;0;29;1;2;
0231;272074450;1;0;9;1;2;
0231;272074451;1;0;8;1;2;
0231;272074452;1;0;311;1;2;
0231;272074454;1;0;27;1;2;
0231;272074458;1;0;27;2;1;
0231;272074459;1;0;30;1;2;
0231;272074460;1;0;30;2;1;
0231;272074463;1;0;30;2;1;
0231;272074467;1;0;30;1;2;
0231;272074468;1;0;21;1;2;
0231;272074469;1;0;11;1;2;
0231;272074470;1;0;6;1;2;
0231;272074471;1;0;8;1;2;
0231;272074472;1;0;33;1;2;
0231;272074473;1;0;31;2;1;
0231;272074474;1;0;31;1;2;
0231;272074475;1;0;34;1;2;
