*0434*2011 VEGNETT*20110511*FART*20110511*VDB SVNT*AHT
..Eksport-dato 20110511
50;

Komm; TransID;kode;Fra;   Til;felt; Fart;
0434;145326024;1;0;17;1#2;50;
0434;145326025;1;0;62;1#2;50;
0434;212579578;1;0;213;1#2;50;
0434;212579579;1;0;31;1#2;50;
0434;145326027;1;0;48;1#2;50;
0434;145326028;1;0;423;1#2;50;
0434;212579580;1;0;200;1#2;50;
0434;212579581;1;0;17;1#2;50;
0434;145326030;1;0;193;1#2;50;
0434;145326031;1;0;1337;1#2;50;
0434;145326032;1;0;224;1#2;50;
0434;145326033;1;0;154;1#2;50;
0434;145326034;1;0;26;1#2;50;
0434;145326035;1;0;74;1#2;50;
0434;145326036;1;0;44;1#2;50;
0434;145326037;1;0;830;1#2;50;
0434;145326038;1;0;65;1#2;50;
0434;145326039;1;0;619;1#2;50;
0434;212579582;1;0;372;1#2;50;
0434;212579583;1;0;32;1#2;50;
0434;145326041;1;0;13;1#2;50;
0434;145326042;1;0;92;1#2;50;
0434;145326043;1;0;66;1#2;30;
0434;145326044;1;0;68;1#2;30;
0434;145326045;1;0;14;1#2;30;
0434;145326046;1;0;62;1#2;30;
0434;145326047;1;0;41;1#2;30;
0434;145326048;1;0;67;1#2;30;
0434;145326049;1;0;67;1#2;30;
0434;145326050;1;0;69;1#2;30;
0434;145326051;1;0;38;1#2;30;
0434;145326052;1;0;166;1#2;30;
0434;145326053;1;0;105;1#2;30;
0434;145326054;1;0;90;1#2;30;
0434;145326055;1;0;118;1#2;30;
0434;145326056;1;0;164;1#2;30;
0434;145326057;1;0;134;1#2;30;
0434;145326058;1;0;326;1#2;30;
0434;145326059;1;0;48;1#2;50;
0434;145326060;1;0;97;1#2;50;
0434;212597326;1;0;37;1#2;50;
0434;212597327;1;0;114;1#2;50;
0434;145326062;1;0;110;1#2;50;
0434;145326063;1;0;85;1#2;50;
0434;145326064;1;0;80;1#2;50;
0434;145326065;1;0;26;1#2;50;
0434;145326066;1;0;155;1#2;50;
0434;212597328;1;0;117;1#2;50;
0434;212597329;1;0;48;1#2;50;
0434;145326068;1;0;289;1#2;50;
0434;145326069;1;0;65;1#2;50;
0434;145326070;1;0;67;1#2;50;
0434;145326071;1;0;43;1#2;50;
0434;145326072;1;0;42;1#2;50;
0434;145326073;1;0;123;1#2;50;
0434;145326074;1;0;204;1#2;50;
0434;212597330;1;0;27;1#2;50;
0434;212597331;1;0;60;1#2;50;
0434;145326076;1;0;101;1#2;50;
0434;145326077;1;0;55;1#2;50;
0434;145326078;1;0;26;1#2;50;
0434;145326079;1;0;77;1#2;50;
0434;145326080;1;0;107;1#2;50;
0434;212597332;1;0;79;1#2;50;
0434;145326082;1;0;550;1#2;50;
0434;145326083;1;0;70;1#2;50;
0434;145326084;1;0;190;1#2;50;
0434;145326085;1;0;159;1#2;50;
0434;145326086;1;0;62;1#2;50;
0434;145326087;1;0;6;1#2;50;
0434;145326088;1;0;87;1#2;50;
0434;145326089;1;0;86;1#2;50;
0434;145326090;1;0;256;1#2;50;
0434;145326091;1;0;89;1#2;30;
0434;145326092;1;0;56;1#2;30;
0434;145326093;1;0;143;1#2;30;
0434;145326094;1;0;9;1#2;30;
0434;145326095;1;0;216;1#2;30;
0434;145326096;1;0;28;1#2;30;
0434;145326097;1;0;12;1#2;30;
0434;145326098;1;0;133;1#2;30;
0434;145326099;1;0;17;1#2;30;
0434;145326100;1;0;79;1#2;30;
0434;145326101;1;0;217;1#2;30;
0434;145326102;1;0;59;1#2;30;
0434;145326103;1;0;135;1#2;30;
0434;145326104;1;0;70;1#2;30;
0434;145326105;1;0;41;1#2;50;
0434;145326106;1;0;60;1#2;50;
0434;145326107;1;0;75;1#2;50;
0434;145326108;1;0;221;1#2;50;
0434;145326109;1;0;94;1#2;50;
0434;145326110;1;0;80;1#2;50;
0434;145326111;1;0;69;1#2;50;
0434;145326112;1;0;75;1#2;50;
0434;145326113;1;0;27;1#2;50;
0434;145326114;1;0;113;1#2;50;
0434;145326115;1;0;106;1#2;50;
0434;145326116;1;0;211;1#2;50;
0434;145326117;1;0;194;1#2;50;
0434;145326118;1;0;98;1#2;50;
0434;145326119;1;0;129;1#2;50;
0434;145326120;1;0;140;1#2;50;
0434;145326121;1;0;6;1#2;50;
0434;145326122;1;0;67;1#2;50;
0434;145326123;1;0;132;1#2;50;
0434;145326124;1;0;422;1#2;50;
0434;145326125;1;0;148;1#2;50;
0434;145326126;1;0;120;1#2;50;
0434;145326127;1;0;21;1#2;50;
0434;145326128;1;0;26;1#2;50;
0434;145326129;1;0;265;1#2;50;
0434;145326130;1;0;397;1#2;50;
0434;145326131;1;0;866;1#2;80;
0434;212597333;1;0;1044;1#2;80;
0434;212597334;1;0;234;1#2;80;
0434;145326133;1;0;479;1#2;80;
0434;145326134;1;0;325;1#2;80;
0434;145326135;1;0;135;1#2;80;
0434;145326136;1;0;421;1#2;80;
0434;145326137;1;0;1169;1#2;80;
0434;145326138;1;0;282;1#2;80;
0434;145326139;1;0;23;1#2;80;
0434;145326140;1;0;189;1#2;80;
0434;145326141;1;0;15;1#2;50;
0434;145326142;1;0;1373;1#2;80;
0434;145326143;1;0;3975;1#2;80;
0434;145326144;1;0;1088;1#2;80;
0434;145326145;1;0;147;1#2;80;
0434;145326146;1;0;1280;1#2;80;
0434;145326147;1;0;1973;1#2;80;
0434;145326148;1;0;227;1#2;80;
0434;145326149;1;0;349;1#2;80;
0434;145326150;1;0;347;1#2;80;
0434;145326151;1;0;75;1#2;80;
0434;145326152;1;0;105;1#2;80;
0434;145326153;1;0;479;1#2;80;
0434;145326154;1;0;921;1#2;80;
0434;145326155;1;0;115;1#2;80;
0434;145326156;1;0;23;1#2;80;
0434;145326157;1;0;775;1#2;80;
0434;145326158;1;0;70;1#2;80;
0434;145326159;1;0;508;1#2;80;
0434;145326160;1;0;191;1#2;50;
0434;145326161;1;0;30;1#2;50;
0434;145326162;1;0;90;1#2;50;
0434;145326163;1;0;28;1#2;50;
0434;145326164;1;0;342;1#2;50;
0434;145326165;1;0;68;1#2;80;
0434;145326166;1;0;817;1#2;80;
0434;145326167;1;0;223;1#2;80;
0434;145326168;1;0;278;1#2;80;
0434;145326169;1;0;108;1#2;80;
0434;145326170;1;0;101;1#2;80;
0434;145326171;1;0;43;1#2;80;
0434;145326172;1;0;117;1#2;50;
0434;145326173;1;0;353;1#2;50;
0434;145326174;1;0;42;1#2;50;
0434;145326175;1;0;94;1#2;50;
0434;145366248;1;0;84;1#2;30;
0434;145366249;1;0;104;1#2;30;
0434;145366250;1;0;52;1#2;30;
0434;145366251;1;0;22;1#2;30;
0434;145366252;1;0;75;1#2;30;
0434;145366253;1;0;73;1#2;30;
0434;145366254;1;0;79;1#2;30;
0434;145366255;1;0;111;1#2;30;
0434;145366256;1;0;32;1#2;30;
0434;145366257;1;0;147;1#2;30;
0434;145366258;1;0;22;1#2;30;
0434;145366259;1;0;20;1#2;30;
0434;145366260;1;0;108;1#2;30;
0434;145366261;1;0;101;1#2;30;
0434;145366262;1;0;57;1#2;30;
0434;145366263;1;0;24;1#2;30;
0434;145366264;1;0;79;1#2;30;
0434;212597335;1;0;54;1#2;30;
0434;212597336;1;0;24;1#2;30;
0434;145366266;1;0;78;1#2;30;
0434;145366267;1;0;96;1#2;30;
0434;145366268;1;0;32;1#2;30;
0434;145366269;1;0;160;1#2;30;
0434;145366270;1;0;16;1#2;30;
0434;145366271;1;0;16;1#2;30;
0434;145366272;1;0;118;1#2;30;
0434;145366273;1;0;76;1#2;30;
0434;212638255;1;0;263;1#2;30;
0434;145366275;1;0;420;1#2;30;
0434;212579584;1;0;632;1#2;30;
0434;212579585;1;0;896;1#2;30;
0434;212579586;1;0;113;1#2;30;
0434;212579587;1;0;93;1#2;30;
0434;145366278;1;0;177;1#2;30;
0434;145366279;1;0;11;1#2;30;
0434;145366281;1;0;34;1#2;30;
0434;145366282;1;0;42;1#2;30;
0434;145366283;1;0;31;1#2;30;
0434;145366284;1;0;50;1#2;30;
0434;145366285;1;0;16;1#2;30;
0434;145366286;1;0;11;1#2;30;
0434;145366287;1;0;8;1#2;30;
0434;145366288;1;0;13;1#2;30;
0434;145366289;1;0;14;1#2;30;
0434;145366290;1;0;22;1#2;30;
0434;145366291;1;0;22;1#2;30;
0434;145366292;1;0;26;1#2;30;
0434;145366293;1;0;9;1#2;30;
0434;145366294;1;0;29;1#2;30;
0434;145366295;1;0;23;1#2;30;
0434;145366296;1;0;22;1#2;30;
0434;145366297;1;0;25;1#2;30;
0434;145366298;1;0;40;1#2;30;
0434;145366299;1;0;68;1#2;30;
0434;145366300;1;0;16;1#2;30;
0434;145366301;1;0;11;1#2;30;
0434;145366302;1;0;6;1#2;30;
0434;145366303;1;0;11;1#2;30;
0434;145366304;1;0;13;1#2;30;
0434;145366305;1;0;7;1#2;30;
0434;145366306;1;0;5;1#2;30;
0434;145366307;1;0;9;1#2;30;
0434;145366308;1;0;15;1#2;30;
0434;145366309;1;0;3;1#2;30;
0434;145366310;1;0;35;1#2;30;
0434;145366311;1;0;16;1#2;30;
0434;145366312;1;0;23;1#2;30;
0434;145366313;1;0;17;1#2;30;
0434;145366314;1;0;28;1#2;30;
0434;145366315;1;0;60;1#2;30;
0434;145366316;1;0;38;1#2;30;
0434;145366317;1;0;10;1#2;30;
0434;145366318;1;0;75;1#2;30;
0434;145366319;1;0;67;1#2;30;
0434;145366320;1;0;21;1#2;30;
0434;145366321;1;0;51;1#2;30;
0434;145366322;1;0;38;1#2;30;
0434;145366323;1;0;25;1#2;30;
0434;145366324;1;0;25;1#2;30;
0434;212638256;1;0;6;1#2;30;
0434;212638257;1;0;56;1#2;30;
0434;145366326;1;0;22;1#2;30;
0434;145366327;1;0;23;1#2;30;
0434;145366328;1;0;21;1#2;30;
0434;145366329;1;0;20;1#2;30;
0434;145366330;1;0;41;1#2;30;
0434;145366331;1;0;83;1#2;30;
0434;145366332;1;0;13;1#2;30;
0434;145366333;1;0;29;1#2;30;
0434;145366334;1;0;32;1#2;30;
0434;145366335;1;0;45;1#2;30;
0434;145366336;1;0;18;1#2;30;
0434;145366337;1;0;38;1#2;30;
0434;145366338;1;0;20;1#2;30;
0434;145366339;1;0;9;1#2;30;
0434;145366340;1;0;22;1#2;30;
0434;145366341;1;0;19;1#2;30;
0434;145366342;1;0;19;1#2;30;
0434;145366343;1;0;16;1#2;30;
0434;145366344;1;0;35;1#2;30;
0434;145366345;1;0;33;1#2;30;
0434;145366346;1;0;31;1#2;30;
0434;145366347;1;0;47;1#2;30;
0434;145366348;1;0;37;1#2;30;
0434;145366349;1;0;48;1#2;30;
0434;145366350;1;0;31;1#2;30;
0434;145366351;1;0;36;1#2;30;
0434;145366352;1;0;79;1#2;30;
0434;145366353;1;0;13;1#2;30;
0434;145366354;1;0;41;1#2;30;
0434;145366355;1;0;17;1#2;30;
0434;145366356;1;0;6;1#2;30;
0434;145366357;1;0;14;1#2;30;
0434;145366358;1;0;67;1#2;30;
0434;145366359;1;0;48;1#2;30;
0434;145366360;1;0;22;1#2;30;
0434;145366361;1;0;13;1#2;30;
0434;145366362;1;0;48;1#2;30;
0434;145366363;1;0;21;1#2;30;
0434;145366364;1;0;21;1#2;30;
0434;145366365;1;0;63;1#2;30;
0434;145366366;1;0;69;1#2;30;
0434;145366367;1;0;36;1#2;30;
0434;145366368;1;0;38;1#2;30;
0434;145366369;1;0;26;1#2;30;
0434;145366370;1;0;37;1#2;30;
0434;145366371;1;0;12;1#2;30;
0434;145366372;1;0;29;1#2;30;
0434;145366373;1;0;49;1#2;30;
0434;145366374;1;0;47;1#2;30;
0434;145366375;1;0;24;1#2;30;
0434;145366376;1;0;16;1#2;30;
0434;145366377;1;0;12;1#2;30;
0434;145366378;1;0;31;1#2;30;
0434;145366379;1;0;13;1#2;30;
0434;145366380;1;0;70;1#2;30;
0434;145366381;1;0;37;1#2;30;
0434;145366382;1;0;18;1#2;30;
0434;145366383;1;0;41;1#2;30;
0434;145366385;1;0;45;1#2;30;
0434;145366386;1;0;39;1#2;30;
0434;145366387;1;0;53;1#2;30;
0434;145366388;1;0;40;1#2;30;
0434;145366389;1;0;10;1#2;30;
0434;145366390;1;0;33;1#2;30;
0434;145366391;1;0;38;1#2;30;
0434;145366392;1;0;36;1#2;30;
0434;145366393;1;0;49;1#2;30;
0434;145366394;1;0;24;1#2;30;
0434;145366395;1;0;36;1#2;30;
0434;145366398;1;0;7;1#2;30;
0434;145366399;1;0;3;1#2;30;
0434;145366400;1;0;54;1#2;30;
0434;145366401;1;0;11;1#2;30;
0434;145366402;1;0;25;1#2;30;
0434;145366403;1;0;13;1#2;30;
0434;145366404;1;0;14;1#2;30;
0434;145366405;1;0;12;1#2;30;
0434;145366406;1;0;37;1#2;30;
0434;145366407;1;0;34;1#2;30;
0434;145366408;1;0;18;1#2;30;
0434;145366409;1;0;34;1#2;30;
0434;145366410;1;0;20;1#2;30;
0434;145366411;1;0;5;1#2;30;
0434;145366412;1;0;37;1#2;30;
0434;145366413;1;0;32;1#2;30;
0434;145366414;1;0;13;1#2;30;
0434;145366415;1;0;33;1#2;30;
0434;145366416;1;0;4;1#2;30;
0434;145366417;1;0;21;1#2;30;
0434;145366418;1;0;15;1#2;30;
0434;145366419;1;0;13;1#2;30;
0434;145366420;1;0;12;1#2;30;
0434;145366421;1;0;11;1#2;30;
0434;145366422;1;0;21;1#2;30;
0434;145366423;1;0;13;1#2;30;
0434;145366424;1;0;19;1#2;30;
0434;145366425;1;0;37;1#2;30;
0434;145366426;1;0;6;1#2;30;
0434;145366427;1;0;9;1#2;30;
0434;145366428;1;0;20;1#2;30;
0434;145366429;1;0;15;1#2;30;
0434;145366430;1;0;24;1#2;30;
0434;145366431;1;0;19;1#2;30;
0434;145366432;1;0;21;1#2;30;
0434;145366433;1;0;31;1#2;30;
0434;145366434;1;0;9;1#2;30;
0434;145366435;1;0;29;1#2;30;
0434;145366436;1;0;32;1#2;30;
0434;145366437;1;0;37;1#2;30;
0434;145366438;1;0;12;1#2;30;
0434;145366439;1;0;11;1#2;30;
0434;145366440;1;0;15;1#2;30;
0434;145366441;1;0;14;1#2;30;
0434;145366442;1;0;15;1#2;30;
0434;145366443;1;0;43;1#2;30;
0434;145366444;1;0;46;1#2;30;
0434;145366445;1;0;27;1#2;30;
0434;145366446;1;0;37;1#2;30;
0434;145366447;1;0;20;1#2;30;
0434;145366448;1;0;36;1#2;30;
0434;145366449;1;0;35;1#2;30;
0434;145366450;1;0;25;1#2;30;
0434;145366451;1;0;2184;1#2;30;
0434;145366452;1;0;604;1#2;30;
0434;145366453;1;0;163;1#2;30;
0434;212579588;1;0;378;1#2;30;
0434;212579589;1;0;141;1#2;30;
0434;145366455;1;0;118;1#2;30;
0434;145366456;1;0;72;1#2;30;
0434;145366457;1;0;249;1#2;30;
0434;145366458;1;0;112;1#2;30;
0434;145366459;1;0;193;1#2;30;
0434;145366460;1;0;91;1#2;30;
0434;145366461;1;0;171;1#2;30;
0434;145366462;1;0;2365;1#2;30;
0434;145366463;1;0;163;1#2;30;
0434;145366464;1;0;82;1#2;30;
0434;145366465;1;0;1029;1#2;30;
0434;145366466;1;0;268;1#2;30;
0434;145366467;1;0;462;1#2;30;
0434;145366468;1;0;106;1#2;30;
0434;145366469;1;0;121;1#2;30;
0434;145366470;1;0;103;1#2;30;
0434;145366471;1;0;85;1#2;30;
0434;145366472;1;0;47;1#2;30;
0434;145366473;1;0;91;1#2;30;
0434;145366474;1;0;130;1#2;30;
0434;145366475;1;0;58;1#2;30;
0434;145366476;1;0;69;1#2;30;
0434;145366477;1;0;81;1#2;30;
0434;145366478;1;0;153;1#2;30;
0434;145366479;1;0;59;1#2;30;
0434;145366480;1;0;33;1#2;30;
0434;145366481;1;0;86;1#2;30;
0434;145366482;1;0;48;1#2;30;
0434;145366483;1;0;38;1#2;30;
0434;145366484;1;0;141;1#2;30;
0434;145366486;1;0;93;1#2;30;
0434;145366487;1;0;131;1#2;30;
0434;145366488;1;0;55;1#2;30;
0434;145366489;1;0;45;1#2;30;
0434;145366490;1;0;257;1#2;30;
0434;145366491;1;0;112;1#2;30;
0434;145366492;1;0;106;1#2;30;
0434;145366493;1;0;63;1#2;30;
0434;145366494;1;0;104;1#2;30;
0434;145366495;1;0;81;1#2;30;
0434;145366496;1;0;109;1#2;30;
0434;145366497;1;0;632;1#2;30;
0434;145366498;1;0;96;1#2;30;
0434;145366499;1;0;1090;1#2;30;
0434;212597337;1;0;57;1#2;30;
0434;145366501;1;0;109;1#2;30;
0434;145366502;1;0;206;1#2;30;
0434;145366503;1;0;1671;1#2;30;
0434;145366504;1;0;78;1#2;30;
0434;145366505;1;0;469;1#2;30;
0434;145366506;1;0;76;1#2;30;
0434;145366507;1;0;89;1#2;30;
0434;145366508;1;0;350;1#2;30;
0434;145366509;1;0;86;1#2;30;
0434;145366510;1;0;177;1#2;30;
0434;145366511;1;0;136;1#2;30;
0434;145366512;1;0;337;1#2;30;
0434;145366513;1;0;157;1#2;30;
0434;145366514;1;0;145;1#2;30;
0434;145366515;1;0;70;1#2;30;
0434;145366516;1;0;139;1#2;30;
0434;145366517;1;0;81;1#2;30;
0434;145366518;1;0;194;1#2;30;
0434;145366519;1;0;93;1#2;30;
0434;145366520;1;0;71;1#2;30;
0434;145366521;1;0;98;1#2;30;
0434;145366522;1;0;137;1#2;30;
0434;145366523;1;0;565;1#2;30;
0434;145366524;1;0;161;1#2;30;
0434;145366525;1;0;52;1#2;30;
0434;145366526;1;0;291;1#2;30;
0434;145366527;1;0;71;1#2;30;
0434;145366528;1;0;63;1#2;30;
0434;145366529;1;0;207;1#2;30;
0434;145366530;1;0;181;1#2;30;
0434;145366531;1;0;98;1#2;30;
0434;145366532;1;0;284;1#2;30;
0434;145366533;1;0;99;1#2;30;
0434;145366534;1;0;60;1#2;30;
0434;145366535;1;0;198;1#2;30;
0434;145366536;1;0;93;1#2;30;
0434;145366537;1;0;50;1#2;30;
0434;145366538;1;0;212;1#2;30;
0434;145366539;1;0;110;1#2;30;
0434;145366540;1;0;83;1#2;30;
0434;145366541;1;0;65;1#2;30;
0434;145366542;1;0;106;1#2;30;
0434;145366543;1;0;76;1#2;30;
0434;145366544;1;0;155;1#2;30;
0434;145366545;1;0;60;1#2;30;
0434;145366546;1;0;62;1#2;30;
0434;145366547;1;0;271;1#2;30;
0434;145366548;1;0;809;1#2;30;
0434;145366549;1;0;192;1#2;30;
0434;145366550;1;0;619;1#2;30;
0434;145366551;1;0;1354;1#2;30;
0434;145366552;1;0;959;1#2;30;
0434;212638258;1;0;320;1#2;30;
0434;212638259;1;0;207;1#2;30;
0434;145366554;1;0;236;1#2;30;
0434;145366555;1;0;63;1#2;30;
0434;212638260;1;0;356;1#2;30;
0434;212638261;1;0;152;1#2;30;
0434;212638262;1;0;101;1#2;30;
0434;145366557;1;0;221;1#2;30;
0434;145366558;1;0;70;1#2;30;
0434;145366559;1;0;59;1#2;30;
0434;145366560;1;0;440;1#2;30;
0434;145366561;1;0;56;1#2;30;
0434;145366562;1;0;96;1#2;30;
0434;145366563;1;0;115;1#2;30;
0434;145366564;1;0;77;1#2;30;
0434;145366565;1;0;109;1#2;30;
0434;145366566;1;0;239;1#2;30;
0434;145366567;1;0;166;1#2;30;
0434;145366568;1;0;34;1#2;30;
0434;145366569;1;0;96;1#2;30;
0434;145366570;1;0;317;1#2;30;
0434;145366571;1;0;96;1#2;30;
0434;145366572;1;0;590;1#2;30;
0434;145366573;1;0;163;1#2;30;
0434;145366574;1;0;94;1#2;30;
0434;145366575;1;0;80;1#2;30;
0434;145366576;1;0;180;1#2;30;
0434;145366577;1;0;77;1#2;30;
0434;145366578;1;0;272;1#2;30;
0434;212638263;1;0;182;1#2;30;
0434;212638264;1;0;179;1#2;30;
0434;145366580;1;0;148;1#2;30;
0434;145366581;1;0;54;1#2;30;
0434;145366582;1;0;282;1#2;30;
0434;145366583;1;0;261;1#2;30;
0434;145366584;1;0;84;1#2;30;
0434;145366585;1;0;76;1#2;30;
0434;145366586;1;0;344;1#2;30;
0434;145366587;1;0;152;1#2;30;
0434;145366588;1;0;71;1#2;30;
0434;145366589;1;0;180;1#2;30;
0434;145366590;1;0;152;1#2;30;
0434;145366591;1;0;85;1#2;30;
0434;145366592;1;0;85;1#2;30;
0434;145366593;1;0;339;1#2;30;
0434;145366594;1;0;46;1#2;30;
0434;145366595;1;0;32;1#2;30;
0434;145366596;1;0;53;1#2;30;
0434;145366597;1;0;49;1#2;30;
0434;145366598;1;0;67;1#2;30;
0434;145366599;1;0;164;1#2;30;
0434;145366600;1;0;180;1#2;30;
0434;145366601;1;0;134;1#2;30;
0434;145366602;1;0;36;1#2;30;
0434;145366603;1;0;73;1#2;30;
0434;145366604;1;0;86;1#2;30;
0434;145366605;1;0;139;1#2;30;
0434;145366606;1;0;90;1#2;30;
0434;145366607;1;0;407;1#2;30;
0434;145366608;1;0;151;1#2;30;
0434;145366609;1;0;58;1#2;30;
0434;145366610;1;0;46;1#2;30;
0434;145366611;1;0;704;1#2;30;
0434;145366612;1;0;88;1#2;30;
0434;145366613;1;0;71;1#2;30;
0434;145366614;1;0;53;1#2;30;
0434;145366615;1;0;52;1#2;30;
0434;145366616;1;0;272;1#2;30;
0434;145366617;1;0;511;1#2;30;
0434;145366618;1;0;188;1#2;30;
0434;145366619;1;0;79;1#2;30;
0434;145366620;1;0;269;1#2;30;
0434;145366621;1;0;327;1#2;30;
0434;145366622;1;0;379;1#2;30;
0434;145366623;1;0;106;1#2;30;
0434;145366624;1;0;239;1#2;30;
0434;145366625;1;0;367;1#2;30;
0434;145366626;1;0;57;1#2;30;
0434;145366627;1;0;133;1#2;30;
0434;145366628;1;0;250;1#2;30;
0434;145366629;1;0;112;1#2;30;
0434;145366630;1;0;54;1#2;30;
0434;145366631;1;0;831;1#2;30;
0434;145366632;1;0;1146;1#2;30;
0434;145366633;1;0;70;1#2;30;
0434;145366634;1;0;107;1#2;30;
0434;145366635;1;0;130;1#2;30;
0434;145366636;1;0;550;1#2;30;
0434;145366637;1;0;155;1#2;30;
0434;145366638;1;0;147;1#2;30;
0434;145366639;1;0;319;1#2;30;
0434;145366640;1;0;97;1#2;30;
0434;145366641;1;0;92;1#2;30;
0434;145366642;1;0;273;1#2;30;
0434;145366643;1;0;39;1#2;30;
0434;145366644;1;0;216;1#2;30;
0434;145366645;1;0;65;1#2;30;
0434;145366646;1;0;107;1#2;30;
0434;145366647;1;0;683;1#2;30;
0434;145366648;1;0;2534;1#2;30;
0434;145366649;1;0;159;1#2;30;
0434;145366650;1;0;121;1#2;30;
0434;145366651;1;0;149;1#2;30;
0434;145366652;1;0;7243;1#2;30;
0434;145366653;1;0;6030;1#2;30;
0434;145366654;1;0;1522;1#2;30;
0434;145366655;1;0;1707;1#2;30;
0434;145366656;1;0;991;1#2;30;
0434;145366657;1;0;128;1#2;30;
0434;145366658;1;0;1033;1#2;30;
0434;145366659;1;0;658;1#2;30;
0434;212597338;1;0;139;1#2;30;
0434;212597339;1;0;61;1#2;30;
0434;212597340;1;0;1005;1#2;30;
0434;145366662;1;0;1218;1#2;30;
0434;145366663;1;0;802;1#2;30;
0434;212579590;1;0;406;1#2;30;
0434;212579591;1;0;561;1#2;30;
0434;212579592;1;0;297;1#2;30;
0434;212579593;1;0;3552;1#2;30;
0434;212579594;1;0;89;1#2;30;
0434;212579595;1;0;1851;1#2;30;
0434;212579596;1;0;580;1#2;30;
0434;212579597;1;0;586;1#2;30;
0434;212597341;1;0;368;1#2;30;
0434;212597342;1;0;743;1#2;30;
0434;145366669;1;0;541;1#2;30;
0434;145366670;1;0;483;1#2;30;
0434;145366671;1;0;178;1#2;30;
0434;145366672;1;0;1067;1#2;30;
0434;145366673;1;0;3197;1#2;30;
0434;145366674;1;0;1565;1#2;30;
0434;145366675;1;0;222;1#2;30;
0434;145366676;1;0;170;1#2;30;
0434;145366677;1;0;2983;1#2;30;
0434;145366678;1;0;401;1#2;30;
0434;212638265;1;0;338;1#2;30;
0434;212638266;1;0;265;1#2;30;
0434;212638267;1;0;79;1#2;30;
0434;145366681;1;0;301;1#2;30;
0434;145366682;1;0;1132;1#2;30;
0434;212579598;1;0;1746;1#2;30;
0434;212579599;1;0;78;1#2;30;
0434;276263884;1;0;645;1#2;30;
0434;276263885;1;0;255;1#2;30;
0434;145366685;1;0;188;1#2;30;
0434;145366686;1;0;388;1#2;30;
0434;145366687;1;0;99;1#2;30;
0434;145366688;1;0;363;1#2;30;
0434;145366689;1;0;164;1#2;30;
0434;145366690;1;0;44;1#2;30;
0434;145366691;1;0;330;1#2;30;
0434;145366692;1;0;231;1#2;30;
0434;145366693;1;0;247;1#2;30;
0434;145366694;1;0;94;1#2;30;
0434;145366696;1;0;39;1#2;30;
0434;145366697;1;0;101;1#2;30;
0434;145366698;1;0;114;1#2;30;
0434;145366699;1;0;321;1#2;30;
0434;145366700;1;0;156;1#2;30;
0434;145366701;1;0;98;1#2;30;
0434;145366702;1;0;383;1#2;30;
0434;145366703;1;0;143;1#2;30;
0434;212579600;1;0;275;1#2;30;
0434;145366705;1;0;177;1#2;30;
0434;145366706;1;0;318;1#2;30;
0434;145366707;1;0;241;1#2;30;
0434;145366708;1;0;106;1#2;30;
0434;145366710;1;0;102;1#2;30;
0434;145366712;1;0;119;1#2;30;
0434;145366713;1;0;118;1#2;30;
0434;145366714;1;0;73;1#2;30;
0434;145366715;1;0;744;1#2;30;
0434;145366716;1;0;40;1#2;30;
0434;145366717;1;0;68;1#2;30;
0434;145366719;1;0;231;1#2;30;
0434;145366720;1;0;38;1#2;30;
0434;145366721;1;0;106;1#2;30;
0434;145366722;1;0;231;1#2;30;
0434;145366723;1;0;260;1#2;30;
0434;145366724;1;0;146;1#2;30;
0434;145366725;1;0;214;1#2;30;
0434;145366726;1;0;267;1#2;30;
0434;145366727;1;0;163;1#2;30;
0434;145366728;1;0;46;1#2;30;
0434;145366729;1;0;85;1#2;30;
0434;145366730;1;0;64;1#2;30;
0434;145366731;1;0;19;1#2;30;
0434;145366732;1;0;88;1#2;30;
0434;145366733;1;0;156;1#2;30;
0434;145366734;1;0;267;1#2;30;
0434;212579601;1;0;125;1#2;30;
0434;212579602;1;0;235;1#2;30;
0434;145366736;1;0;40;1#2;30;
0434;145366737;1;0;58;1#2;30;
0434;145366738;1;0;122;1#2;30;
0434;145366739;1;0;45;1#2;30;
0434;145366740;1;0;45;1#2;30;
0434;145366741;1;0;137;1#2;30;
0434;145366742;1;0;405;1#2;30;
0434;145366743;1;0;54;1#2;30;
0434;145366744;1;0;393;1#2;30;
0434;145366745;1;0;118;1#2;30;
0434;145366746;1;0;78;1#2;30;
0434;145366747;1;0;103;1#2;30;
0434;145366748;1;0;64;1#2;30;
0434;145366749;1;0;632;1#2;30;
0434;145366750;1;0;198;1#2;30;
0434;145366751;1;0;73;1#2;30;
0434;145366752;1;0;387;1#2;30;
0434;145366753;1;0;95;1#2;30;
0434;145366754;1;0;52;1#2;30;
0434;145366755;1;0;504;1#2;30;
0434;145366756;1;0;80;1#2;30;
0434;145366757;1;0;191;1#2;30;
0434;145366758;1;0;77;1#2;30;
0434;145366759;1;0;83;1#2;30;
0434;145366760;1;0;126;1#2;30;
0434;145366761;1;0;38;1#2;30;
0434;145366762;1;0;2962;1#2;30;
0434;145366763;1;0;181;1#2;30;
0434;145366764;1;0;153;1#2;30;
0434;145366765;1;0;458;1#2;30;
0434;145366766;1;0;211;1#2;30;
0434;145366767;1;0;192;1#2;30;
0434;145366768;1;0;483;1#2;30;
0434;145366769;1;0;98;1#2;30;
0434;145366770;1;0;161;1#2;30;
0434;145366771;1;0;108;1#2;30;
0434;145366772;1;0;55;1#2;30;
0434;145366773;1;0;77;1#2;30;
0434;145366774;1;0;289;1#2;30;
0434;145366775;1;0;78;1#2;30;
0434;145366776;1;0;12;1#2;30;
0434;145366777;1;0;321;1#2;30;
0434;145366779;1;0;94;1#2;30;
0434;145366780;1;0;160;1#2;30;
0434;145366781;1;0;77;1#2;30;
0434;145366782;1;0;215;1#2;30;
0434;145366784;1;0;104;1#2;30;
0434;145366785;1;0;49;1#2;30;
0434;145366786;1;0;53;1#2;30;
0434;145366787;1;0;100;1#2;30;
0434;145366788;1;0;225;1#2;30;
0434;145366789;1;0;299;1#2;30;
0434;145366790;1;0;510;1#2;30;
0434;145366791;1;0;95;1#2;30;
0434;145366792;1;0;139;1#2;30;
0434;145366793;1;0;155;1#2;30;
0434;145366794;1;0;313;1#2;30;
0434;145366795;1;0;56;1#2;30;
0434;145366796;1;0;57;1#2;30;
0434;145366797;1;0;36;1#2;30;
0434;145366798;1;0;72;1#2;30;
0434;145366799;1;0;139;1#2;30;
0434;145366800;1;0;66;1#2;30;
0434;145366801;1;0;51;1#2;30;
0434;145366802;1;0;51;1#2;30;
0434;145366803;1;0;84;1#2;30;
0434;145366804;1;0;336;1#2;30;
0434;145366805;1;0;227;1#2;30;
0434;145366806;1;0;224;1#2;30;
0434;145366807;1;0;223;1#2;30;
0434;145366809;1;0;108;1#2;30;
0434;145366810;1;0;351;1#2;30;
0434;145366811;1;0;100;1#2;30;
0434;145366812;1;0;111;1#2;30;
0434;145366813;1;0;119;1#2;30;
0434;145366814;1;0;392;1#2;30;
0434;145366815;1;0;264;1#2;30;
0434;145366817;1;0;138;1#2;30;
0434;145366819;1;0;37;1#2;30;
0434;145366820;1;0;151;1#2;30;
0434;145366821;1;0;139;1#2;30;
0434;145366822;1;0;129;1#2;30;
0434;145366823;1;0;290;1#2;30;
0434;145366824;1;0;34;1#2;30;
0434;145366825;1;0;50;1#2;30;
0434;145366826;1;0;85;1#2;30;
0434;145366827;1;0;137;1#2;30;
0434;145366828;1;0;163;1#2;30;
0434;145366829;1;0;415;1#2;30;
0434;145366830;1;0;55;1#2;30;
0434;145366831;1;0;48;1#2;30;
0434;145366832;1;0;95;1#2;30;
0434;145366833;1;0;184;1#2;30;
0434;145366834;1;0;94;1#2;30;
0434;145366835;1;0;77;1#2;30;
0434;145366836;1;0;189;1#2;30;
0434;145366837;1;0;685;1#2;30;
0434;145366838;1;0;90;1#2;30;
0434;145366839;1;0;44;1#2;30;
0434;145366840;1;0;70;1#2;30;
0434;145366841;1;0;112;1#2;30;
0434;145366842;1;0;67;1#2;30;
0434;145366843;1;0;116;1#2;30;
0434;145366844;1;0;62;1#2;30;
0434;145366845;1;0;108;1#2;30;
0434;145366846;1;0;43;1#2;30;
0434;145366847;1;0;122;1#2;30;
0434;145366848;1;0;83;1#2;30;
0434;145366849;1;0;40;1#2;30;
0434;145366850;1;0;72;1#2;30;
0434;145366851;1;0;29;1#2;30;
0434;145366852;1;0;105;1#2;30;
0434;145366853;1;0;187;1#2;30;
0434;145366854;1;0;75;1#2;30;
0434;145366855;1;0;114;1#2;30;
0434;145366856;1;0;145;1#2;30;
0434;145366857;1;0;43;1#2;30;
0434;145366858;1;0;61;1#2;30;
0434;145366859;1;0;274;1#2;30;
0434;145366860;1;0;78;1#2;30;
0434;145366861;1;0;104;1#2;30;
0434;145366862;1;0;59;1#2;30;
0434;145366863;1;0;659;1#2;30;
0434;145366864;1;0;207;1#2;30;
0434;145366865;1;0;207;1#2;30;
0434;145366866;1;0;111;1#2;30;
0434;145366867;1;0;164;1#2;30;
0434;145366868;1;0;184;1#2;30;
0434;145366869;1;0;226;1#2;30;
0434;145366870;1;0;664;1#2;30;
0434;145366871;1;0;194;1#2;30;
0434;145366872;1;0;148;1#2;30;
0434;145366873;1;0;62;1#2;30;
0434;145366874;1;0;96;1#2;30;
0434;145366875;1;0;158;1#2;30;
0434;145366876;1;0;52;1#2;30;
0434;145366877;1;0;54;1#2;30;
0434;145366878;1;0;111;1#2;30;
0434;145366879;1;0;289;1#2;30;
0434;145366880;1;0;255;1#2;30;
0434;145366881;1;0;132;1#2;30;
0434;145366882;1;0;482;1#2;30;
0434;145366883;1;0;150;1#2;30;
0434;145366884;1;0;66;1#2;30;
0434;145366885;1;0;65;1#2;30;
0434;145366886;1;0;279;1#2;30;
0434;145366887;1;0;136;1#2;30;
0434;145366888;1;0;90;1#2;30;
0434;145366889;1;0;182;1#2;30;
0434;145366890;1;0;642;1#2;30;
0434;145366891;1;0;382;1#2;30;
0434;145366892;1;0;218;1#2;30;
0434;145366893;1;0;227;1#2;30;
0434;145366894;1;0;128;1#2;30;
0434;145366895;1;0;677;1#2;30;
0434;145366896;1;0;82;1#2;30;
0434;145366897;1;0;62;1#2;30;
0434;145366898;1;0;330;1#2;30;
0434;145366899;1;0;138;1#2;30;
0434;145366900;1;0;485;1#2;30;
0434;145366901;1;0;190;1#2;30;
0434;145366902;1;0;176;1#2;30;
0434;145366903;1;0;136;1#2;30;
0434;145366904;1;0;290;1#2;30;
0434;145366905;1;0;115;1#2;30;
0434;145366906;1;0;71;1#2;30;
0434;145366907;1;0;141;1#2;30;
0434;145366908;1;0;125;1#2;30;
0434;145366909;1;0;91;1#2;30;
0434;145366910;1;0;269;1#2;30;
0434;145366911;1;0;92;1#2;30;
0434;145366912;1;0;212;1#2;30;
0434;145366913;1;0;83;1#2;30;
0434;145366914;1;0;208;1#2;30;
0434;145366915;1;0;294;1#2;30;
0434;145366916;1;0;271;1#2;30;
0434;145366917;1;0;1045;1#2;30;
0434;145366918;1;0;70;1#2;30;
0434;145366919;1;0;79;1#2;30;
0434;145366920;1;0;536;1#2;30;
0434;145366921;1;0;161;1#2;30;
0434;145366922;1;0;522;1#2;30;
0434;145366923;1;0;817;1#2;30;
0434;145366924;1;0;162;1#2;30;
0434;145366925;1;0;59;1#2;30;
0434;145366926;1;0;204;1#2;30;
0434;145366927;1;0;52;1#2;30;
0434;145366928;1;0;195;1#2;30;
0434;145366929;1;0;396;1#2;30;
0434;145366930;1;0;115;1#2;30;
0434;145366931;1;0;397;1#2;30;
0434;145366932;1;0;157;1#2;30;
0434;145366933;1;0;379;1#2;30;
0434;145366934;1;0;391;1#2;30;
0434;145366935;1;0;399;1#2;30;
0434;145366936;1;0;389;1#2;30;
0434;145366937;1;0;266;1#2;30;
0434;145366938;1;0;78;1#2;30;
0434;145366939;1;0;79;1#2;30;
0434;145366940;1;0;91;1#2;30;
0434;145366941;1;0;116;1#2;30;
0434;145366942;1;0;979;1#2;30;
0434;145366943;1;0;46;1#2;30;
0434;145366944;1;0;70;1#2;30;
0434;145366945;1;0;261;1#2;30;
0434;145366946;1;0;157;1#2;30;
0434;145366947;1;0;102;1#2;30;
0434;145366948;1;0;288;1#2;30;
0434;145366949;1;0;90;1#2;30;
0434;145366950;1;0;386;1#2;30;
0434;145366951;1;0;59;1#2;30;
0434;145366952;1;0;159;1#2;30;
0434;145366953;1;0;214;1#2;30;
0434;145366954;1;0;96;1#2;30;
0434;145366955;1;0;43;1#2;30;
0434;145366956;1;0;30;1#2;30;
0434;145366957;1;0;229;1#2;30;
0434;145366958;1;0;245;1#2;30;
0434;145366959;1;0;462;1#2;30;
0434;145366960;1;0;450;1#2;30;
0434;145366961;1;0;63;1#2;30;
0434;145366962;1;0;63;1#2;30;
0434;145366963;1;0;98;1#2;30;
0434;145366964;1;0;107;1#2;30;
0434;145366965;1;0;136;1#2;30;
0434;145366966;1;0;157;1#2;30;
0434;145366967;1;0;573;1#2;30;
0434;145366968;1;0;217;1#2;30;
0434;145366969;1;0;89;1#2;30;
0434;145366970;1;0;376;1#2;30;
0434;145366971;1;0;68;1#2;30;
0434;145366972;1;0;198;1#2;30;
0434;145366973;1;0;148;1#2;30;
0434;145366974;1;0;54;1#2;30;
0434;145366975;1;0;172;1#2;30;
0434;145366976;1;0;391;1#2;30;
0434;212579603;1;0;531;1#2;30;
0434;212579604;1;0;191;1#2;30;
0434;145366979;1;0;95;1#2;30;
0434;145366980;1;0;103;1#2;30;
0434;145366981;1;0;227;1#2;30;
0434;145366982;1;0;118;1#2;30;
0434;145366983;1;0;86;1#2;30;
0434;145366984;1;0;173;1#2;30;
0434;212579605;1;0;22;1#2;30;
0434;212579606;1;0;59;1#2;30;
0434;145366986;1;0;76;1#2;30;
0434;145366987;1;0;182;1#2;30;
0434;145366988;1;0;124;1#2;30;
0434;145366989;1;0;239;1#2;30;
0434;145366990;1;0;86;1#2;30;
0434;145366991;1;0;67;1#2;30;
0434;145366992;1;0;121;1#2;30;
0434;145366994;1;0;121;1#2;30;
0434;145366995;1;0;116;1#2;30;
0434;145366996;1;0;68;1#2;30;
0434;145366997;1;0;116;1#2;30;
0434;145366998;1;0;173;1#2;30;
0434;212579608;1;0;139;1#2;30;
0434;145367000;1;0;84;1#2;30;
0434;145367001;1;0;255;1#2;30;
0434;276269931;1;0;23;1#2;30;
0434;276269932;1;0;370;1#2;30;
0434;276269933;1;0;41;1#2;30;
0434;145367003;1;0;113;1#2;30;
0434;145367004;1;0;191;1#2;30;
0434;145367005;1;0;50;1#2;30;
0434;145367006;1;0;79;1#2;30;
0434;145367007;1;0;78;1#2;30;
0434;145367008;1;0;125;1#2;30;
0434;212579609;1;0;24;1#2;30;
0434;212579610;1;0;216;1#2;30;
0434;145367010;1;0;108;1#2;30;
0434;145367011;1;0;138;1#2;30;
0434;145367012;1;0;49;1#2;30;
0434;145367013;1;0;94;1#2;30;
0434;145367014;1;0;85;1#2;30;
0434;145367015;1;0;63;1#2;30;
0434;145367016;1;0;119;1#2;30;
0434;145367017;1;0;344;1#2;30;
0434;212579611;1;0;37;1#2;30;
0434;212579612;1;0;279;1#2;30;
0434;145367019;1;0;264;1#2;30;
0434;145367020;1;0;495;1#2;30;
0434;145367021;1;0;151;1#2;30;
0434;145367022;1;0;189;1#2;30;
0434;145367023;1;0;329;1#2;30;
0434;145367024;1;0;322;1#2;30;
0434;145367025;1;0;65;1#2;30;
0434;145367026;1;0;89;1#2;30;
0434;145367027;1;0;277;1#2;30;
0434;145367028;1;0;188;1#2;30;
0434;212597343;1;0;40;1#2;30;
0434;212597344;1;0;163;1#2;30;
0434;145367030;1;0;137;1#2;30;
0434;145367031;1;0;150;1#2;30;
0434;145367032;1;0;38;1#2;30;
0434;145367033;1;0;263;1#2;30;
0434;145367034;1;0;445;1#2;30;
0434;145367035;1;0;37;1#2;30;
0434;145367036;1;0;124;1#2;30;
0434;145367037;1;0;45;1#2;30;
0434;145367038;1;0;40;1#2;30;
0434;145367039;1;0;85;1#2;30;
0434;145367040;1;0;56;1#2;30;
0434;145367041;1;0;35;1#2;30;
0434;145367042;1;0;39;1#2;30;
0434;145367043;1;0;99;1#2;30;
0434;145367044;1;0;87;1#2;30;
0434;145367045;1;0;60;1#2;30;
0434;145367046;1;0;160;1#2;30;
0434;145367047;1;0;72;1#2;30;
0434;145367048;1;0;60;1#2;30;
0434;145367049;1;0;67;1#2;30;
0434;145367050;1;0;68;1#2;30;
0434;145367051;1;0;19;1#2;30;
0434;145367052;1;0;50;1#2;30;
0434;145367053;1;0;37;1#2;30;
0434;145367054;1;0;33;1#2;30;
0434;145367055;1;0;31;1#2;30;
0434;145367056;1;0;49;1#2;30;
0434;145367057;1;0;126;1#2;30;
0434;145367058;1;0;55;1#2;30;
0434;145367059;1;0;52;1#2;30;
0434;145367060;1;0;52;1#2;30;
0434;145367061;1;0;41;1#2;30;
0434;145367062;1;0;41;1#2;30;
0434;145367063;1;0;44;1#2;30;
0434;145367064;1;0;292;1#2;30;
0434;145367065;1;0;34;1#2;30;
0434;145367066;1;0;44;1#2;30;
0434;145367067;1;0;47;1#2;30;
0434;145367068;1;0;35;1#2;30;
0434;145367069;1;0;34;1#2;30;
0434;145367070;1;0;37;1#2;30;
0434;145367071;1;0;33;1#2;30;
0434;145367072;1;0;50;1#2;30;
0434;212597345;1;0;47;1#2;30;
0434;212597346;1;0;47;1#2;30;
0434;145367074;1;0;318;1#2;30;
0434;145367075;1;0;54;1#2;30;
0434;145367076;1;0;205;1#2;30;
0434;145367077;1;0;152;1#2;30;
0434;145367078;1;0;207;1#2;30;
0434;145367079;1;0;34;1#2;30;
0434;145367080;1;0;39;1#2;30;
0434;145367081;1;0;100;1#2;30;
0434;145367082;1;0;86;1#2;30;
0434;145367083;1;0;74;1#2;30;
0434;145367084;1;0;126;1#2;30;
0434;145367085;1;0;74;1#2;30;
0434;145367086;1;0;53;1#2;30;
0434;145367087;1;0;36;1#2;30;
0434;145367088;1;0;123;1#2;30;
0434;145367089;1;0;173;1#2;30;
0434;145367090;1;0;148;1#2;30;
0434;145367091;1;0;144;1#2;30;
0434;145367092;1;0;61;1#2;30;
0434;145367093;1;0;83;1#2;30;
0434;145367094;1;0;49;1#2;30;
0434;145367095;1;0;412;1#2;30;
0434;145367096;1;0;112;1#2;30;
0434;145367097;1;0;57;1#2;30;
0434;145367098;1;0;113;1#2;30;
0434;212597347;1;0;171;1#2;30;
0434;212597348;1;0;66;1#2;30;
0434;145367100;1;0;93;1#2;30;
0434;145367101;1;0;155;1#2;30;
0434;145367102;1;0;45;1#2;30;
0434;145367103;1;0;51;1#2;30;
0434;145367104;1;0;69;1#2;30;
0434;145367105;1;0;34;1#2;30;
0434;145367106;1;0;59;1#2;30;
0434;145367107;1;0;44;1#2;30;
0434;145367108;1;0;65;1#2;30;
0434;145367109;1;0;63;1#2;30;
0434;145367110;1;0;55;1#2;30;
0434;145367111;1;0;39;1#2;30;
0434;145367112;1;0;154;1#2;30;
0434;212597349;1;0;146;1#2;30;
0434;145367114;1;0;65;1#2;30;
0434;145367115;1;0;68;1#2;30;
0434;145367116;1;0;149;1#2;30;
0434;145367117;1;0;268;1#2;30;
0434;145367118;1;0;64;1#2;30;
0434;145367119;1;0;49;1#2;30;
0434;145367120;1;0;53;1#2;30;
0434;145367121;1;0;63;1#2;30;
0434;145367122;1;0;120;1#2;30;
0434;145367123;1;0;58;1#2;30;
0434;145367124;1;0;131;1#2;30;
0434;145367125;1;0;42;1#2;30;
0434;145367126;1;0;79;1#2;30;
0434;145367127;1;0;270;1#2;30;
0434;145367128;1;0;467;1#2;30;
0434;145367129;1;0;87;1#2;30;
0434;145367130;1;0;96;1#2;30;
0434;212597350;1;0;67;1#2;30;
0434;212597351;1;0;30;1#2;30;
0434;145367132;1;0;233;1#2;30;
0434;145367133;1;0;89;1#2;30;
0434;145367134;1;0;43;1#2;30;
0434;145367135;1;0;34;1#2;30;
0434;145367136;1;0;71;1#2;30;
0434;145367137;1;0;366;1#2;30;
0434;145367138;1;0;223;1#2;30;
0434;145367139;1;0;140;1#2;30;
0434;145367140;1;0;68;1#2;30;
0434;145367141;1;0;328;1#2;30;
0434;145367142;1;0;51;1#2;30;
0434;145367143;1;0;110;1#2;30;
0434;145367144;1;0;32;1#2;30;
0434;145367145;1;0;37;1#2;30;
0434;145367146;1;0;49;1#2;30;
0434;145367147;1;0;50;1#2;30;
0434;145367148;1;0;36;1#2;30;
0434;145367149;1;0;92;1#2;30;
0434;145367150;1;0;38;1#2;30;
0434;145367151;1;0;60;1#2;30;
0434;145367152;1;0;40;1#2;30;
0434;145367153;1;0;43;1#2;30;
0434;145367154;1;0;135;1#2;30;
0434;145367155;1;0;107;1#2;30;
0434;145367156;1;0;353;1#2;30;
0434;145367157;1;0;337;1#2;30;
0434;145367158;1;0;77;1#2;30;
0434;145367159;1;0;419;1#2;30;
0434;145367160;1;0;111;1#2;30;
0434;145367161;1;0;141;1#2;30;
0434;145367162;1;0;58;1#2;30;
0434;145367163;1;0;289;1#2;30;
0434;145367164;1;0;124;1#2;30;
0434;145367165;1;0;225;1#2;30;
0434;145367166;1;0;95;1#2;30;
0434;145367167;1;0;48;1#2;30;
0434;145367168;1;0;61;1#2;30;
0434;145367169;1;0;120;1#2;30;
0434;145367170;1;0;141;1#2;30;
0434;145367171;1;0;140;1#2;30;
0434;145367172;1;0;67;1#2;30;
0434;145367173;1;0;141;1#2;30;
0434;145367174;1;0;166;1#2;30;
0434;145367175;1;0;105;1#2;30;
0434;145367176;1;0;117;1#2;30;
0434;145367177;1;0;144;1#2;30;
0434;145367178;1;0;69;1#2;30;
0434;145367180;1;0;41;1#2;30;
0434;145367181;1;0;48;1#2;30;
0434;145367182;1;0;146;1#2;30;
0434;145367183;1;0;58;1#2;30;
0434;145367184;1;0;47;1#2;30;
0434;145367185;1;0;56;1#2;30;
0434;145367186;1;0;255;1#2;30;
0434;145367187;1;0;118;1#2;30;
0434;145367188;1;0;77;1#2;30;
0434;145367189;1;0;67;1#2;30;
0434;145367190;1;0;55;1#2;30;
0434;145367191;1;0;75;1#2;30;
0434;145367192;1;0;162;1#2;30;
0434;145367193;1;0;75;1#2;30;
0434;145367195;1;0;220;1#2;30;
0434;212638268;1;0;44;1#2;30;
0434;212638269;1;0;44;1#2;30;
0434;145367197;1;0;102;1#2;30;
0434;145367198;1;0;99;1#2;30;
0434;145367199;1;0;855;1#2;30;
0434;145367200;1;0;86;1#2;30;
0434;145367201;1;0;172;1#2;30;
0434;145367202;1;0;65;1#2;30;
0434;212638270;1;0;34;1#2;30;
0434;212638271;1;0;69;1#2;30;
0434;145367204;1;0;52;1#2;30;
0434;145367205;1;0;56;1#2;30;
0434;145367206;1;0;39;1#2;30;
0434;145367207;1;0;65;1#2;30;
0434;145367210;1;0;46;1#2;30;
0434;145367211;1;0;70;1#2;30;
0434;145367212;1;0;95;1#2;30;
0434;145367213;1;0;57;1#2;30;
0434;145367214;1;0;494;1#2;30;
0434;145367215;1;0;273;1#2;30;
0434;145367216;1;0;177;1#2;30;
0434;145367217;1;0;190;1#2;30;
0434;145367218;1;0;62;1#2;30;
0434;145367219;1;0;39;1#2;30;
0434;145367220;1;0;81;1#2;30;
0434;145367221;1;0;86;1#2;30;
0434;145367222;1;0;166;1#2;30;
0434;145367223;1;0;47;1#2;30;
0434;145367224;1;0;486;1#2;30;
0434;145367225;1;0;88;1#2;30;
0434;145367226;1;0;162;1#2;30;
0434;145367227;1;0;42;1#2;30;
0434;145367228;1;0;33;1#2;30;
0434;145367229;1;0;53;1#2;30;
0434;145367230;1;0;83;1#2;30;
0434;145367231;1;0;140;1#2;30;
0434;145367232;1;0;70;1#2;30;
0434;145367233;1;0;157;1#2;30;
0434;145367234;1;0;61;1#2;30;
0434;145367235;1;0;86;1#2;30;
0434;145367236;1;0;59;1#2;30;
0434;145367237;1;0;67;1#2;30;
0434;145367238;1;0;56;1#2;30;
0434;145367239;1;0;162;1#2;30;
0434;145367240;1;0;57;1#2;30;
0434;145367241;1;0;89;1#2;30;
0434;145367242;1;0;52;1#2;30;
0434;145367243;1;0;52;1#2;30;
0434;145367244;1;0;81;1#2;30;
0434;145367245;1;0;36;1#2;30;
0434;212638272;1;0;63;1#2;30;
0434;212638273;1;0;55;1#2;30;
0434;145367247;1;0;41;1#2;30;
0434;145367248;1;0;47;1#2;30;
0434;145367249;1;0;700;1#2;30;
0434;145367250;1;0;211;1#2;30;
0434;145367251;1;0;476;1#2;30;
0434;145367252;1;0;59;1#2;30;
0434;145367253;1;0;211;1#2;30;
0434;145367254;1;0;151;1#2;30;
0434;145367255;1;0;87;1#2;30;
0434;145367256;1;0;95;1#2;30;
0434;145367257;1;0;51;1#2;30;
0434;145367258;1;0;131;1#2;30;
0434;145367259;1;0;33;1#2;30;
0434;145367260;1;0;68;1#2;30;
0434;145367261;1;0;44;1#2;30;
0434;145367262;1;0;176;1#2;30;
0434;145367263;1;0;277;1#2;30;
0434;145367264;1;0;111;1#2;30;
0434;145367265;1;0;59;1#2;30;
0434;145367266;1;0;52;1#2;30;
0434;145367267;1;0;132;1#2;30;
0434;145367268;1;0;528;1#2;30;
0434;145367270;1;0;187;1#2;30;
0434;145367271;1;0;89;1#2;30;
0434;145367272;1;0;40;1#2;30;
0434;145367273;1;0;117;1#2;30;
0434;145367274;1;0;262;1#2;30;
0434;145367275;1;0;34;1#2;30;
0434;145367276;1;0;113;1#2;30;
0434;145367277;1;0;45;1#2;30;
0434;145367278;1;0;302;1#2;30;
0434;145367279;1;0;122;1#2;30;
0434;145367280;1;0;196;1#2;30;
0434;145367281;1;0;174;1#2;30;
0434;145367282;1;0;476;1#2;30;
0434;145367283;1;0;59;1#2;30;
0434;145367284;1;0;136;1#2;30;
0434;145367285;1;0;67;1#2;30;
0434;145367286;1;0;82;1#2;30;
0434;145367287;1;0;142;1#2;30;
0434;145367288;1;0;39;1#2;30;
0434;145367289;1;0;70;1#2;30;
0434;145367290;1;0;42;1#2;30;
0434;145367291;1;0;100;1#2;30;
0434;145367292;1;0;78;1#2;30;
0434;145367293;1;0;175;1#2;30;
0434;145367294;1;0;115;1#2;30;
0434;145367295;1;0;106;1#2;30;
0434;145367296;1;0;98;1#2;30;
0434;145367297;1;0;53;1#2;30;
0434;145367298;1;0;76;1#2;30;
0434;145367299;1;0;64;1#2;30;
0434;145367300;1;0;219;1#2;30;
0434;145367301;1;0;143;1#2;30;
0434;145367302;1;0;135;1#2;30;
0434;145367303;1;0;81;1#2;30;
0434;145367304;1;0;798;1#2;30;
0434;145367305;1;0;54;1#2;30;
0434;145367306;1;0;469;1#2;30;
0434;145367307;1;0;117;1#2;30;
0434;145367308;1;0;480;1#2;30;
0434;145367309;1;0;450;1#2;30;
0434;145367310;1;0;99;1#2;30;
0434;145367311;1;0;857;1#2;30;
0434;145367312;1;0;220;1#2;30;
0434;145367313;1;0;203;1#2;30;
0434;145367314;1;0;93;1#2;30;
0434;145367315;1;0;250;1#2;30;
0434;145367316;1;0;655;1#2;30;
0434;145367317;1;0;155;1#2;30;
0434;145367318;1;0;48;1#2;30;
0434;145367319;1;0;41;1#2;30;
0434;145367320;1;0;68;1#2;30;
0434;145367321;1;0;400;1#2;30;
0434;145367322;1;0;80;1#2;30;
0434;145367323;1;0;73;1#2;30;
0434;145367324;1;0;83;1#2;30;
0434;145367325;1;0;277;1#2;30;
0434;145367326;1;0;486;1#2;30;
0434;145367327;1;0;197;1#2;30;
0434;212638274;1;0;182;1#2;30;
0434;212638275;1;0;176;1#2;30;
0434;145367329;1;0;218;1#2;30;
0434;145367330;1;0;61;1#2;30;
0434;145367331;1;0;70;1#2;30;
0434;145367332;1;0;46;1#2;30;
0434;145367333;1;0;252;1#2;30;
0434;145367335;1;0;58;1#2;30;
0434;145367336;1;0;450;1#2;30;
0434;145367337;1;0;474;1#2;30;
0434;145367338;1;0;33;1#2;30;
0434;145367339;1;0;30;1#2;30;
0434;145367340;1;0;38;1#2;30;
0434;145367341;1;0;116;1#2;30;
0434;145367342;1;0;113;1#2;30;
0434;145367344;1;0;112;1#2;30;
0434;249011059;1;0;252;1#2;30;
0434;249011060;1;0;129;1#2;30;
0434;145367346;1;0;113;1#2;30;
0434;249011061;1;0;28;1#2;30;
0434;249011062;1;0;43;1#2;30;
0434;145367349;1;0;89;1#2;30;
0434;145367350;1;0;127;1#2;30;
0434;145367351;1;0;76;1#2;30;
0434;145367352;1;0;36;1#2;30;
0434;145367353;1;0;36;1#2;30;
0434;145367354;1;0;346;1#2;30;
0434;145367355;1;0;77;1#2;30;
0434;145367356;1;0;89;1#2;30;
0434;145367357;1;0;121;1#2;30;
0434;145367358;1;0;49;1#2;30;
0434;145367359;1;0;46;1#2;30;
0434;145367360;1;0;64;1#2;30;
0434;145367361;1;0;95;1#2;30;
0434;145367362;1;0;193;1#2;30;
0434;145367363;1;0;587;1#2;30;
0434;145367364;1;0;50;1#2;30;
0434;145367365;1;0;54;1#2;30;
0434;145367366;1;0;56;1#2;30;
0434;145367367;1;0;74;1#2;30;
0434;145367368;1;0;60;1#2;30;
0434;145367369;1;0;150;1#2;30;
0434;145367370;1;0;136;1#2;30;
0434;145367371;1;0;200;1#2;30;
0434;145367372;1;0;42;1#2;30;
0434;145367373;1;0;189;1#2;30;
0434;145367374;1;0;161;1#2;30;
0434;145367375;1;0;147;1#2;30;
0434;145367376;1;0;106;1#2;30;
0434;145367377;1;0;468;1#2;30;
0434;145367378;1;0;404;1#2;30;
0434;145367379;1;0;172;1#2;30;
0434;145388611;1;0;109;1#2;60;
0434;145388612;1;0;108;1#2;60;
0434;145388613;1;0;300;1#2;60;
0434;145388614;1;0;2047;1#2;60;
0434;276269934;1;0;191;1#2;60;
0434;276269935;1;0;4821;1#2;60;
0434;145388616;1;0;2574;1#2;60;
0434;145388617;1;0;628;1#2;60;
0434;145388618;1;0;30;1#2;60;
0434;145388619;1;0;862;1#2;60;
0434;145388620;1;0;1256;1#2;60;
0434;145388621;1;0;655;1#2;60;
0434;145388622;1;0;918;1#2;60;
0434;145388623;1;0;76;1#2;60;
0434;145388624;1;0;2507;1#2;60;
0434;145388625;1;0;6;1#2;60;
0434;145388626;1;0;228;1#2;60;
0434;145388627;1;0;2084;1#2;60;
0434;145388628;1;0;704;1#2;60;
0434;145388629;1;0;910;1#2;60;
0434;145388630;1;0;42;1#2;60;
0434;145388631;1;0;9;1#2;60;
0434;212597352;1;0;1355;1#2;60;
0434;212597353;1;0;78;1#2;60;
0434;145388633;1;0;886;1#2;60;
0434;145388634;1;0;69;1#2;60;
0434;145388635;1;0;68;1#2;60;
0434;145388636;1;0;113;1#2;60;
0434;145388637;1;0;1949;1#2;60;
0434;145388638;1;0;3922;1#2;60;
0434;212579613;1;0;94;1#2;60;
0434;212579614;1;0;48;1#2;60;
0434;145388640;1;0;2483;1#2;60;
0434;145388641;1;0;488;1#2;60;
0434;248833193;1;0;810;1#2;60;
0434;248833194;1;0;2376;1#2;60;
0434;212579615;1;0;739;1#2;60;
0434;212579616;1;0;14;1#2;60;
0434;145388644;1;0;677;1#2;60;
0434;145388645;1;0;126;1#2;60;
0434;145388646;1;0;399;1#2;60;
0434;145388647;1;0;82;1#2;60;
0434;145388648;1;0;384;1#2;60;
0434;145388649;1;0;230;1#2;60;
0434;145388650;1;0;46;1#2;60;
0434;145388651;1;0;109;1#2;60;
0434;145388652;1;0;21;1#2;60;
0434;145388653;1;0;85;1#2;60;
0434;145388654;1;0;38;1#2;60;
0434;145388655;1;0;164;1#2;60;
0434;145388656;1;0;1835;1#2;60;
0434;145388657;1;0;2292;1#2;60;
0434;145388658;1;0;409;1#2;60;
0434;145388659;1;0;2403;1#2;60;
0434;145388660;1;0;449;1#2;60;
0434;145388661;1;0;946;1#2;60;
0434;145388662;1;0;2707;1#2;60;
0434;145388663;1;0;2154;1#2;60;
0434;145388664;1;0;1679;1#2;60;
0434;145388665;1;0;378;1#2;60;
0434;145388666;1;0;1954;1#2;60;
0434;145388667;1;0;4697;1#2;60;
0434;145388668;1;0;556;1#2;60;
0434;145388669;1;0;3361;1#2;60;
0434;145388670;1;0;704;1#2;60;
0434;145388671;1;0;949;1#2;60;
0434;145388672;1;0;62;1#2;60;
0434;145388673;1;0;57;1#2;60;
0434;145388674;1;0;1453;1#2;60;
0434;145388675;1;0;961;1#2;60;
0434;145388676;1;0;1687;1#2;60;
0434;145388677;1;0;2040;1#2;60;
0434;145388678;1;0;2019;1#2;60;
0434;145388679;1;0;1189;1#2;60;
0434;145388680;1;0;67;1#2;60;
0434;145388681;1;0;58;1#2;60;
0434;145388682;1;0;105;1#2;60;
0434;145388683;1;0;15;1#2;60;
0434;212597354;1;0;25;1#2;60;
0434;212597355;1;0;105;1#2;60;
0434;145388685;1;0;96;1#2;60;
0434;212597356;1;0;485;1#2;60;
0434;212597357;1;0;848;1#2;60;
0434;212597358;1;0;931;1#2;60;
0434;212597359;1;0;622;1#2;60;
0434;145388687;1;0;173;1#2;60;
0434;145388688;1;0;113;1#2;60;
0434;145388689;1;0;124;1#2;60;
0434;145388690;1;0;182;1#2;60;
0434;145388691;1;0;10;1#2;60;
0434;145388692;1;0;19;1#2;60;
0434;145388693;1;0;47;1#2;60;
0434;145388694;1;0;3;1#2;60;
0434;145388695;1;0;58;1#2;60;
0434;145388696;1;0;214;1#2;60;
0434;145388697;1;0;100;1#2;60;
0434;145388698;1;0;411;1#2;60;
0434;145388699;1;0;108;1#2;60;
0434;145388700;1;0;4043;1#2;60;
0434;145388701;1;0;408;1#2;60;
0434;212579617;1;0;24;1#2;60;
0434;248833195;1;0;2001;1#2;60;
0434;248833196;1;0;710;1#2;60;
0434;145388703;1;0;165;1#2;60;
0434;145388704;1;0;129;1#2;60;
0434;145388705;1;0;590;1#2;60;
0434;145388706;1;0;559;1#2;60;
0434;212579619;1;0;229;1#2;60;
0434;212579620;1;0;242;1#2;60;
0434;145388708;1;0;1787;1#2;60;
0434;145388709;1;0;2302;1#2;60;
0434;145388710;1;0;44;1#2;60;
0434;145388711;1;0;48;1#2;60;
0434;145388712;1;0;891;1#2;60;
0434;145388713;1;0;1399;1#2;60;
0434;145388714;1;0;406;1#2;60;
0434;145388715;1;0;3725;1#2;60;
0434;145388716;1;0;1907;1#2;60;
0434;145388717;1;0;258;1#2;60;
0434;145388718;1;0;62;1#2;60;
0434;145388719;1;0;63;1#2;60;
0434;145388720;1;0;196;1#2;60;
0434;145388721;1;0;200;1#2;60;
0434;145388722;1;0;634;1#2;60;
0434;145388723;1;0;2212;1#2;60;
0434;145388724;1;0;43;1#2;60;
0434;145388725;1;0;6;1#2;60;
0434;145388726;1;0;17;1#2;60;
0434;145388727;1;0;17;1#2;60;
0434;145388728;1;0;610;1#2;60;
0434;145388729;1;0;16;1#2;60;
0434;145388730;1;0;469;1#2;60;
0434;145388731;1;0;10;1#2;60;
0434;145388732;1;0;78;1#2;60;
0434;145388733;1;0;25;1#2;60;
0434;145388734;1;0;93;1#2;60;
0434;145388735;1;0;12;1#2;60;
0434;145388736;1;0;33;1#2;60;
0434;145388737;1;0;1880;1#2;60;
0434;145388738;1;0;1217;1#2;60;
0434;145388739;1;0;333;1#2;60;
0434;145388740;1;0;255;1#2;60;
0434;145388741;1;0;920;1#2;60;
0434;145388742;1;0;106;1#2;60;
0434;145388743;1;0;386;1#2;60;
0434;145388744;1;0;883;1#2;60;
0434;145388745;1;0;1467;1#2;60;
0434;145388746;1;0;271;1#2;60;
0434;145388747;1;0;310;1#2;60;
0434;145388748;1;0;130;1#2;60;
0434;145388749;1;0;317;1#2;60;
0434;145388750;1;0;1375;1#2;60;
0434;145388751;1;0;2546;1#2;60;
0434;145388752;1;0;789;1#2;60;
0434;145388753;1;0;63;1#2;60;
0434;145388754;1;0;78;1#2;60;
0434;145388755;1;0;320;1#2;60;
0434;145388756;1;0;651;1#2;60;
0434;145388757;1;0;440;1#2;60;
0434;145388758;1;0;65;1#2;60;
0434;145388759;1;0;72;1#2;60;
0434;145388760;1;0;52;1#2;60;
0434;212638276;1;0;1855;1#2;60;
0434;212638277;1;0;35;1#2;60;
0434;145388762;1;0;73;1#2;60;
0434;145388763;1;0;344;1#2;60;
0434;145388764;1;0;61;1#2;60;
0434;145388765;1;0;1444;1#2;60;
0434;145388766;1;0;16;1#2;60;
0434;145388767;1;0;30;1#2;60;
0434;212638278;1;0;356;1#2;60;
0434;212638279;1;0;90;1#2;60;
0434;212638280;1;0;227;1#2;30;
0434;212638281;1;0;2690;1#2;60;
0434;145388769;1;0;427;1#2;60;
0434;145388770;1;0;2432;1#2;60;
0434;145388771;1;0;169;1#2;60;
0434;145388772;1;0;174;1#2;60;
0434;145388773;1;0;91;1#2;60;
0434;145388774;1;0;99;1#2;60;
0434;145388775;1;0;796;1#2;60;
0434;145388776;1;0;571;1#2;60;
0434;249011063;1;0;236;1#2;60;
0434;249011064;1;0;531;1#2;60;
0434;145388778;1;0;36;1#2;60;
0434;145388779;1;0;13;1#2;60;
0434;145388780;1;0;1722;1#2;60;
0434;145388781;1;0;26;1#2;60;
0434;145388782;1;0;133;1#2;60;
0434;145388783;1;0;2978;1#2;60;
0434;145388784;1;0;2246;1#2;60;
0434;145388785;1;0;67;1#2;60;
0434;145388786;1;0;486;1#2;60;
0434;145388787;1;0;437;1#2;60;
0434;145388788;1;0;397;1#2;60;
0434;145388789;1;0;654;1#2;60;
0434;145388790;1;0;711;1#2;60;
0434;145388791;1;0;1060;1#2;60;
0434;145388792;1;0;174;1#2;60;
0434;145388793;1;0;2165;1#2;60;
0434;145388794;1;0;61;1#2;60;
0434;145388795;1;0;63;1#2;60;
0434;145388796;1;0;26;1#2;60;
0434;145388797;1;0;31;1#2;60;
0434;145388798;1;0;237;1#2;60;
0434;145388799;1;0;118;1#2;60;
0434;145388800;1;0;97;1#2;60;
0434;145388801;1;0;413;1#2;60;
0434;145388802;1;0;416;1#2;60;
0434;145388803;1;0;783;1#2;60;
0434;145388804;1;0;395;1#2;60;
0434;145388805;1;0;293;1#2;60;
0434;145388806;1;0;105;1#2;60;
0434;145388807;1;0;81;1#2;60;
0434;145388808;1;0;35;1#2;60;
0434;145388809;1;0;158;1#2;60;
0434;145388810;1;0;124;1#2;60;
0434;145388811;1;0;34;1#2;60;
0434;145388812;1;0;209;1#2;60;
0434;145388813;1;0;325;1#2;60;
0434;145388814;1;0;1128;1#2;60;
0434;145388815;1;0;287;1#2;60;
0434;145388816;1;0;4048;1#2;60;
0434;145388817;1;0;5493;1#2;60;
0434;145388818;1;0;2439;1#2;60;
0434;145388819;1;0;67;1#2;60;
0434;145388820;1;0;68;1#2;60;
0434;145388821;1;0;881;1#2;60;
0434;145388822;1;0;4323;1#2;60;
0434;145388823;1;0;1178;1#2;60;
0434;145388824;1;0;1198;1#2;60;
0434;145388825;1;0;794;1#2;60;
0434;145388826;1;0;2510;1#2;60;
0434;145388827;1;0;662;1#2;60;
0434;145388828;1;0;1211;1#2;60;
0434;145388829;1;0;4456;1#2;60;
0434;145388830;1;0;1588;1#2;60;
0434;145388831;1;0;43;1#2;60;
0434;145388832;1;0;56;1#2;60;
0434;145388833;1;0;876;1#2;60;
0434;145388834;1;0;816;1#2;60;
0434;145388835;1;0;3290;1#2;60;
0434;145388836;1;0;1904;1#2;60;
0434;145388837;1;0;51;1#2;60;
0434;145388838;1;0;70;1#2;60;
0434;145388839;1;0;3363;1#2;60;
0434;145388840;1;0;245;1#2;60;
0434;145388841;1;0;3192;1#2;60;
0434;145388842;1;0;39;1#2;60;
0434;145388843;1;0;61;1#2;60;
0434;145388844;1;0;416;1#2;60;
0434;145388845;1;0;3669;1#2;60;
0434;145388846;1;0;57;1#2;60;
0434;145388847;1;0;65;1#2;60;
0434;145388848;1;0;3159;1#2;60;
0434;145388849;1;0;177;1#2;60;
0434;145388850;1;0;1238;1#2;60;
0434;145388851;1;0;47;1#2;60;
0434;145388852;1;0;54;1#2;60;
0434;145388853;1;0;2677;1#2;60;
0434;145388854;1;0;76;1#2;60;
0434;145388855;1;0;80;1#2;60;
0434;145388856;1;0;2324;1#2;60;
0434;145388857;1;0;125;1#2;60;
0434;145388858;1;0;344;1#2;60;
0434;145388859;1;0;1599;1#2;60;
0434;145388860;1;0;1488;1#2;60;
0434;145388861;1;0;925;1#2;60;
0434;145388862;1;0;2942;1#2;60;
0434;145388863;1;0;345;1#2;60;
0434;145388864;1;0;689;1#2;60;
0434;145388865;1;0;2769;1#2;60;
0434;145388866;1;0;1241;1#2;60;
0434;145388867;1;0;10083;1#2;60;
0434;145388868;1;0;1176;1#2;60;
0434;145388869;1;0;1244;1#2;60;
0434;145388870;1;0;184;1#2;60;
0434;145388871;1;0;82;1#2;60;
0434;145388872;1;0;90;1#2;60;
0434;145388873;1;0;273;1#2;60;
0434;145388874;1;0;2161;1#2;60;
0434;145388875;1;0;49;1#2;60;
0434;145388876;1;0;51;1#2;60;
0434;145388877;1;0;959;1#2;60;
0434;145388878;1;0;256;1#2;60;
0434;145388879;1;0;228;1#2;60;
0434;145388880;1;0;594;1#2;60;
0434;145388881;1;0;34;1#2;60;
0434;145388882;1;0;39;1#2;60;
0434;145388883;1;0;1272;1#2;60;
0434;145388884;1;0;52;1#2;60;
0434;145388885;1;0;61;1#2;60;
0434;145388886;1;0;2093;1#2;60;
0434;145388887;1;0;250;1#2;60;
0434;145388888;1;0;419;1#2;60;
0434;145388889;1;0;1914;1#2;60;
0434;145388890;1;0;1994;1#2;60;
0434;145388891;1;0;36;1#2;60;
0434;145388892;1;0;45;1#2;60;
0434;145388893;1;0;463;1#2;60;
0434;145388894;1;0;120;1#2;60;
0434;145388895;1;0;141;1#2;60;
0434;145388896;1;0;127;1#2;60;
0434;145388897;1;0;121;1#2;60;
0434;145388898;1;0;149;1#2;60;
0434;145388899;1;0;410;1#2;60;
0434;145388900;1;0;47;1#2;60;
0434;145388901;1;0;80;1#2;60;
0434;145388902;1;0;503;1#2;60;
0434;145388903;1;0;63;1#2;60;
0434;145388904;1;0;767;1#2;60;
0434;145388905;1;0;190;1#2;60;
0434;145388906;1;0;544;1#2;60;
0434;145388907;1;0;500;1#2;60;
0434;145388908;1;0;28;1#2;60;
0434;145388909;1;0;38;1#2;60;
0434;145388910;1;0;1409;1#2;60;
0434;145388911;1;0;1297;1#2;60;
0434;145388912;1;0;47;1#2;60;
0434;145388913;1;0;57;1#2;60;
0434;145388914;1;0;1650;1#2;60;
0434;145388915;1;0;509;1#2;60;
0434;145388916;1;0;2271;1#2;60;
0434;145388917;1;0;139;1#2;60;
0434;145388918;1;0;188;1#2;60;
0434;145388919;1;0;47;1#2;60;
0434;145388920;1;0;65;1#2;60;
0434;145388921;1;0;255;1#2;60;
0434;145388922;1;0;369;1#2;60;
0434;145388923;1;0;2729;1#2;60;
0434;145388924;1;0;2253;1#2;60;
0434;145388925;1;0;248;1#2;60;
0434;145388926;1;0;19;1#2;60;
0434;145388927;1;0;82;1#2;60;
0434;145388928;1;0;208;1#2;60;
0434;145388929;1;0;564;1#2;60;
0434;145388930;1;0;1209;1#2;60;
0434;145388931;1;0;1360;1#2;60;
0434;145388932;1;0;18;1#2;60;
0434;145388933;1;0;430;1#2;60;
0434;145388934;1;0;2295;1#2;60;
0434;145388935;1;0;745;1#2;60;
0434;145388936;1;0;2892;1#2;60;
0434;145388937;1;0;2637;1#2;60;
0434;145388938;1;0;787;1#2;60;
0434;145388939;1;0;1461;1#2;60;
0434;145388940;1;0;49;1#2;60;
0434;145388941;1;0;51;1#2;60;
0434;145388942;1;0;821;1#2;60;
0434;212597360;1;0;377;1#2;60;
0434;212597361;1;0;72;1#2;60;
0434;145388944;1;0;86;1#2;60;
0434;145388945;1;0;163;1#2;60;
0434;145388946;1;0;2729;1#2;60;
0434;145388947;1;0;20;1#2;60;
0434;145388948;1;0;4022;1#2;60;
0434;145388949;1;0;728;1#2;60;
0434;145388950;1;0;3095;1#2;60;
0434;145388951;1;0;1038;1#2;60;
0434;145388952;1;0;1830;1#2;60;
0434;145388953;1;0;105;1#2;60;
0434;145388954;1;0;116;1#2;60;
0434;212597362;1;0;60;1#2;60;
0434;212597363;1;0;1693;1#2;60;
0434;145388956;1;0;1215;1#2;60;
0434;145388957;1;0;10;1#2;60;
0434;145388958;1;0;56;1#2;60;
0434;145388959;1;0;1263;1#2;60;
0434;145388960;1;0;1366;1#2;60;
0434;145388961;1;0;845;1#2;60;
0434;145388962;1;0;1231;1#2;60;
0434;145388963;1;0;65;1#2;60;
0434;145388964;1;0;330;1#2;60;
0434;145388965;1;0;30;1#2;60;
0434;145388966;1;0;1600;1#2;60;
0434;145388967;1;0;841;1#2;60;
0434;145388968;1;0;34;1#2;60;
0434;145388969;1;0;1276;1#2;60;
0434;145388970;1;0;330;1#2;60;
0434;145388971;1;0;43;1#2;60;
0434;145388972;1;0;810;1#2;60;
0434;145388973;1;0;74;1#2;60;
0434;145388974;1;0;309;1#2;60;
0434;145388975;1;0;542;1#2;60;
0434;212579621;1;0;356;1#2;80;
0434;212579622;1;0;29;1#2;80;
0434;145392418;1;0;101;1#2;80;
0434;145392419;1;0;50;1#2;80;
0434;145392420;1;0;452;1#2;80;
0434;145392421;1;0;521;1#2;80;
0434;212579623;1;0;171;1#2;80;
0434;212579624;1;0;245;1#2;80;
0434;145392423;1;0;192;1#2;80;
0434;145392424;1;0;91;1#2;80;
0434;145392425;1;0;993;1#2;80;
0434;145392426;1;0;147;1#2;80;
0434;145392427;1;0;1159;1#2;80;
0434;145392428;1;0;110;1#2;80;
0434;145392429;1;0;229;1#2;80;
0434;145392430;1;0;118;1#2;80;
0434;145392431;1;0;261;1#2;80;
0434;145392432;1;0;645;1#2;80;
0434;145392433;1;0;144;1#2;80;
0434;145392434;1;0;162;1#2;80;
0434;145392435;1;0;106;1#2;80;
0434;145392436;1;0;1484;1#2;80;
0434;145392437;1;0;241;1#2;80;
0434;145392438;1;0;213;1#2;80;
0434;145392439;1;0;932;1#2;80;
0434;145392440;1;0;815;1#2;80;
0434;248833197;1;0;152;1#2;80;
0434;248833198;1;0;165;1#2;80;
0434;145392442;1;0;76;1#2;80;
0434;145392443;1;0;257;1#2;80;
0434;145392444;1;0;94;1#2;80;
0434;145392445;1;0;280;1#2;80;
0434;145392446;1;0;93;1#2;80;
0434;145392447;1;0;79;1#2;80;
0434;145392448;1;0;123;1#2;80;
0434;145392449;1;0;456;1#2;80;
0434;145392450;1;0;755;1#2;80;
0434;145392451;1;0;1321;1#2;80;
0434;145392452;1;0;51;1#2;80;
0434;145392453;1;0;650;1#2;80;
0434;145392454;1;0;907;1#2;80;
0434;145392455;1;0;113;1#2;80;
0434;145392456;1;0;1414;1#2;80;
0434;145392457;1;0;98;1#2;80;
0434;145392458;1;0;1330;1#2;80;
0434;145392459;1;0;27;1#2;80;
0434;145392460;1;0;640;1#2;80;
0434;145392461;1;0;187;1#2;80;
0434;145392462;1;0;700;1#2;80;
0434;145392463;1;0;2699;1#2;80;
0434;145392464;1;0;1403;1#2;80;
0434;145392465;1;0;778;1#2;80;
0434;145392466;1;0;405;1#2;80;
0434;145392467;1;0;178;1#2;80;
0434;145392468;1;0;770;1#2;80;
0434;145392469;1;0;206;1#2;80;
0434;145392470;1;0;529;1#2;80;
0434;145392471;1;0;415;1#2;80;
0434;145392472;1;0;89;1#2;80;
0434;145392473;1;0;461;1#2;80;
0434;145392474;1;0;175;1#2;80;
0434;145392475;1;0;84;1#2;80;
0434;145392476;1;0;313;1#2;80;
0434;145392477;1;0;917;1#2;80;
0434;145392478;1;0;140;1#2;80;
0434;145392478;2;107;140;1#2;60;
0434;145392479;1;0;216;1#2;60;
0434;145392480;1;0;105;1#2;60;
0434;145392481;1;0;38;1#2;60;
0434;145392482;1;0;167;1#2;60;
0434;145392483;1;0;75;1#2;60;
0434;145392484;1;0;108;1#2;60;
0434;145392485;1;0;49;1#2;60;
0434;145392486;1;0;68;1#2;60;
0434;145392487;1;0;345;1#2;60;
0434;145392487;2;69;345;1#2;60;
0434;145392488;1;0;7;1#2;60;
0434;145392489;1;0;573;1#2;60;
0434;145392489;2;76;573;1#2;80;
0434;145392490;1;0;290;1#2;80;
0434;145392491;1;0;351;1#2;80;
0434;145392492;1;0;35;1#2;80;
0434;145392493;1;0;88;1#2;80;
0434;145392494;1;0;34;1#2;80;
0434;145392495;1;0;354;1#2;80;
0434;145392496;1;0;250;1#2;80;
0434;145392497;1;0;31;1#2;80;
0434;145392498;1;0;16;1#2;80;
0434;145392499;1;0;54;1#2;80;
0434;145392500;1;0;3802;1#2;80;
0434;145392501;1;0;1256;1#2;80;
0434;145394549;1;0;4;1#2;80;
0434;145394550;1;0;245;1#2;80;
0434;145394551;1;0;125;1#2;80;
0434;145394552;1;0;906;1#2;80;
0434;145394553;1;0;1118;1#2;80;
0434;145394554;1;0;9;1#2;80;
0434;145394555;1;0;192;1#2;80;
0434;145394556;1;0;270;1#2;80;
0434;145394557;1;0;1372;1#2;80;
0434;145394558;1;0;1913;1#2;80;
0434;145394559;1;0;570;1#2;80;
0434;145394560;1;0;1175;1#2;80;
0434;145394561;1;0;286;1#2;80;
0434;145394562;1;0;412;1#2;80;
0434;212597364;1;0;117;1#2;80;
0434;212597364;2;57;117;1#2;70;
0434;212597365;1;0;69;1#2;70;
0434;145394564;1;0;10;1#2;70;
0434;145394565;1;0;8;1#2;70;
0434;145394566;1;0;169;1#2;70;
0434;145394567;1;0;257;1#2;70;
0434;145394568;1;0;350;1#2;70;
0434;145394569;1;0;60;1#2;70;
0434;145394570;1;0;17;1#2;70;
0434;145394571;1;0;56;1#2;70;
0434;145394632;1;0;4;1#2;60;
0434;145394633;1;0;50;1#2;60;
0434;145394634;1;0;64;1#2;60;
0434;145394635;1;0;124;1#2;60;
0434;145394636;1;0;102;1#2;60;
0434;145394637;1;0;231;1#2;60;
0434;145394638;1;0;5;1#2;60;
0434;145394639;1;0;265;1#2;60;
0434;145394640;1;0;32;1#2;60;
0434;145394641;1;0;163;1#2;60;
0434;145394641;2;83;163;1#2;80;
0434;145394642;1;0;911;1#2;80;
0434;145394643;1;0;129;1#2;80;
0434;145394644;1;0;476;1#2;80;
0434;212638282;1;0;802;1#2;80;
0434;212638283;1;0;533;1#2;80;
0434;145394646;1;0;1902;1#2;80;
0434;145394647;1;0;191;1#2;80;
0434;145394648;1;0;5;1#2;80;
0434;145394649;1;0;186;1#2;80;
0434;145394650;1;0;18;1#2;80;
0434;145394651;1;0;253;1#2;80;
0434;145394652;1;0;297;1#2;80;
0434;145394653;1;0;119;1#2;80;
0434;145394654;1;0;376;1#2;80;
0434;145394655;1;0;179;1#2;80;
0434;145394656;1;0;76;1#2;80;
0434;145394657;1;0;113;1#2;80;
0434;145394658;1;0;334;1#2;80;
0434;145394659;1;0;81;1#2;80;
0434;145394660;1;0;580;1#2;80;
0434;145394661;1;0;64;1#2;80;
0434;212638284;1;0;83;1#2;50;
0434;212638285;1;0;38;1#2;50;
0434;145394763;1;0;22;1#2;50;
0434;145394764;1;0;11;1#2;50;
0434;145394765;1;0;86;1#2;50;
0434;145394766;1;0;287;1#2;50;
0434;145394767;1;0;52;1#2;50;
0434;249011065;1;0;163;1#2;50;
0434;249011066;1;0;273;1#2;50;
0434;145394769;1;0;603;1#2;50;
0434;145394769;2;85;603;1#2;80;
0434;145394770;1;0;261;1#2;80;
0434;145394771;1;0;383;1#2;80;
0434;145394772;1;0;344;1#2;80;
0434;145394773;1;0;2819;1#2;80;
0434;145394774;1;0;69;1#2;80;
0434;145394775;1;0;163;1#2;80;
0434;145394776;1;0;379;1#2;80;
0434;212638286;1;0;80;1#2;80;
0434;212638287;1;0;15;1#2;80;
0434;145394778;1;0;17;1#2;80;
0434;145394779;1;0;374;1#2;80;
0434;145394780;1;0;290;1#2;80;
0434;145394781;1;0;950;1#2;80;
0434;145394782;1;0;72;1#2;80;
0434;145394783;1;0;281;1#2;80;
0434;145394784;1;0;203;1#2;80;
0434;145394785;1;0;1777;1#2;80;
0434;212638288;1;0;1128;1#2;80;
0434;212638289;1;0;587;1#2;80;
0434;145402603;1;0;1241;1#2;80;
0434;145402604;1;0;1950;1#2;80;
0434;145402605;1;0;1996;1#2;80;
0434;145402606;1;0;188;1#2;80;
0434;145402607;1;0;223;1#2;80;
0434;145402608;1;0;62;1#2;80;
0434;145402609;1;0;20;1#2;80;
0434;212597366;1;0;694;1#2;80;
0434;212597367;1;0;1777;1#2;80;
0434;145402611;1;0;1311;1#2;80;
0434;145402612;1;0;92;1#2;80;
0434;145402613;1;0;426;1#2;80;
0434;145402614;1;0;50;1#2;80;
0434;145402615;1;0;308;1#2;80;
0434;145402616;1;0;41;1#2;80;
0434;145402617;1;0;767;1#2;80;
0434;145402618;1;0;4;1#2;80;
0434;145402952;1;0;579;1#2;80;
0434;145402953;1;0;380;1#2;80;
0434;145402954;1;0;321;1#2;80;
0434;145402955;1;0;137;1#2;80;
0434;145402955;2;96;137;1#2;60;
0434;145402956;1;0;8;1#2;60;
0434;145402957;1;0;45;1#2;60;
0434;145402958;1;0;52;1#2;60;
0434;145402959;1;0;428;1#2;60;
0434;145402960;1;0;6;1#2;60;
0434;145402961;1;0;4;1#2;80;
0434;145402962;1;0;1101;1#2;80;
0434;145402963;1;0;132;1#2;80;
0434;145402964;1;0;110;1#2;80;
0434;145402965;1;0;198;1#2;80;
0434;145402966;1;0;1224;1#2;80;
0434;145402967;1;0;270;1#2;80;
0434;145402968;1;0;126;1#2;80;
0434;145402969;1;0;14;1#2;80;
0434;145402970;1;0;828;1#2;80;
0434;145402971;1;0;91;1#2;80;
0434;145402972;1;0;94;1#2;80;
0434;145402973;1;0;289;1#2;80;
0434;145402974;1;0;1879;1#2;80;
0434;145402975;1;0;14;1#2;80;
0434;145402976;1;0;33;1#2;80;
0434;145402977;1;0;13;1#2;80;
0434;145402978;1;0;51;1#2;80;
0434;145402979;1;0;21;1#2;80;
0434;145402980;1;0;595;1#2;80;
0434;145402981;1;0;136;1#2;80;
0434;145402982;1;0;289;1#2;80;
0434;145402983;1;0;958;1#2;80;
0434;145402984;1;0;645;1#2;80;
0434;145402985;1;0;527;1#2;80;
0434;145402986;1;0;183;1#2;80;
0434;145402987;1;0;2353;1#2;80;
0434;145402988;1;0;1614;1#2;80;
0434;145402989;1;0;165;1#2;80;
0434;145402990;1;0;795;1#2;80;
0434;145402991;1;0;4;1#2;80;
0434;145405391;1;0;927;1#2;80;
0434;145405392;1;0;1191;1#2;80;
0434;145405392;2;1073;1191;1#2;60;
0434;145405393;1;0;128;1#2;60;
0434;145405394;1;0;31;1#2;60;
0434;145405395;1;0;4;1#2;60;
0434;145405396;1;0;90;1#2;60;
0434;145405397;1;0;119;1#2;60;
0434;145405398;1;0;26;1#2;60;
0434;212579625;1;0;269;1#2;60;
0434;212579625;2;81;269;1#2;80;
0434;212579626;1;0;1441;1#2;80;
0434;145405400;1;0;286;1#2;80;
0434;145405401;1;0;722;1#2;80;
0434;212579627;1;0;553;1#2;80;
0434;212579628;1;0;1345;1#2;80;
0434;145405403;1;0;443;1#2;80;
0434;145405404;1;0;55;1#2;80;
0434;145405405;1;0;93;1#2;80;
0434;145405406;1;0;1439;1#2;80;
0434;145405407;1;0;173;1#2;80;
0434;145405408;1;0;411;1#2;80;
0434;145405409;1;0;231;1#2;80;
0434;145405410;1;0;399;1#2;80;
0434;145405411;1;0;154;1#2;80;
0434;145405412;1;0;224;1#2;80;
0434;145405413;1;0;307;1#2;80;
0434;145405413;2;162;307;1#2;60;
0434;145405414;1;0;225;1#2;60;
0434;145405414;2;176;225;1#2;60;
0434;145405415;1;0;66;1#2;60;
0434;145405416;1;0;73;1#2;60;
0434;145405417;1;0;147;1#2;60;
0434;145405418;1;0;110;1#2;60;
0434;145405418;2;86;110;1#2;50;
0434;145405419;1;0;105;1#2;50;
0434;145405420;1;0;51;1#2;50;
0434;145405421;1;0;135;1#2;50;
0434;145405422;1;0;24;1#2;50;
0434;145405423;1;0;88;1#2;50;
0434;145405424;1;0;216;1#2;50;
0434;145405424;2;140;216;1#2;60;
0434;145405425;1;0;52;1#2;60;
0434;145405426;1;0;57;1#2;60;
0434;212597368;1;0;13;1#2;60;
0434;212597369;1;0;94;1#2;60;
0434;145405428;1;0;57;1#2;60;
0434;145405428;2;37;57;1#2;60;
0434;145405429;1;0;164;1#2;60;
0434;145405429;2;92;164;1#2;80;
0434;145405430;1;0;127;1#2;80;
0434;145405431;1;0;317;1#2;80;
0434;145405432;1;0;253;1#2;80;
0434;145405433;1;0;69;1#2;80;
0434;145405434;1;0;147;1#2;80;
0434;145405435;1;0;53;1#2;80;
0434;145405436;1;0;147;1#2;80;
0434;145405437;1;0;59;1#2;80;
0434;145405438;1;0;113;1#2;80;
0434;145405439;1;0;256;1#2;80;
0434;145405440;1;0;51;1#2;80;
0434;145405441;1;0;258;1#2;80;
0434;145405442;1;0;646;1#2;80;
0434;145405443;1;0;86;1#2;80;
0434;145405444;1;0;161;1#2;80;
0434;145405445;1;0;267;1#2;80;
0434;145405446;1;0;230;1#2;80;
0434;145405447;1;0;528;1#2;80;
0434;145405448;1;0;219;1#2;80;
0434;145405449;1;0;599;1#2;80;
0434;145405450;1;0;244;1#2;80;
0434;145405451;1;0;75;1#2;80;
0434;145405452;1;0;10;1#2;80;
0434;145405453;1;0;23;1#2;80;
0434;212597370;1;0;133;1#2;80;
0434;212597371;1;0;543;1#2;80;
0434;145405455;1;0;100;1#2;80;
0434;145405456;1;0;124;1#2;80;
0434;145405457;1;0;35;1#2;80;
0434;145405458;1;0;5;1#2;80;
0434;145405459;1;0;197;1#2;80;
0434;145405460;1;0;220;1#2;80;
0434;145405461;1;0;579;1#2;80;
0434;145405462;1;0;1944;1#2;80;
0434;145405463;1;0;844;1#2;80;
0434;145405464;1;0;332;1#2;80;
0434;145405465;1;0;1065;1#2;80;
0434;212597372;1;0;203;1#2;80;
0434;212597373;1;0;446;1#2;80;
0434;145405467;1;0;275;1#2;80;
0434;145405468;1;0;302;1#2;80;
0434;145405469;1;0;241;1#2;80;
0434;145405470;1;0;154;1#2;80;
0434;145405471;1;0;109;1#2;80;
0434;145405472;1;0;3;1#2;80;
0434;145405473;1;0;356;1#2;80;
0434;145405474;1;0;19;1#2;80;
0434;145405475;1;0;11;1#2;80;
0434;145405476;1;0;18;1#2;80;
0434;145405477;1;0;207;1#2;80;
0434;145405478;1;0;271;1#2;80;
0434;145405479;1;0;102;1#2;80;
0434;145405480;1;0;172;1#2;80;
0434;145405481;1;0;1029;1#2;80;
0434;145405482;1;0;23;1#2;80;
0434;145405483;1;0;66;1#2;80;
0434;145405484;1;0;614;1#2;80;
0434;145405485;1;0;198;1#2;80;
0434;145405486;1;0;369;1#2;80;
0434;145405487;1;0;64;1#2;80;
0434;145405488;1;0;62;1#2;80;
0434;145405489;1;0;447;1#2;80;
0434;145405490;1;0;20;1#2;80;
0434;145405491;1;0;1009;1#2;80;
0434;145405492;1;0;29;1#2;80;
0434;145405493;1;0;154;1#2;80;
0434;145405494;1;0;214;1#2;80;
0434;145405495;1;0;337;1#2;80;
0434;145405496;1;0;100;1#2;80;
0434;145405497;1;0;364;1#2;80;
0434;145405498;1;0;72;1#2;80;
0434;145405499;1;0;72;1#2;80;
0434;145405500;1;0;164;1#2;80;
0434;145405501;1;0;14;1#2;80;
0434;145405502;1;0;212;1#2;80;
0434;145405503;1;0;648;1#2;80;
0434;145405504;1;0;1745;1#2;80;
0434;145405505;1;0;904;1#2;80;
0434;145405506;1;0;32;1#2;80;
0434;145405507;1;0;885;1#2;80;
0434;145405508;1;0;564;1#2;80;
0434;145405509;1;0;35;1#2;80;
0434;145405510;1;0;56;1#2;80;
0434;145405511;1;0;314;1#2;80;
0434;145405512;1;0;114;1#2;80;
0434;145405513;1;0;1228;1#2;80;
0434;145405514;1;0;196;1#2;80;
0434;145405515;1;0;479;1#2;80;
0434;145405516;1;0;564;1#2;80;
0434;145405517;1;0;87;1#2;80;
0434;145405518;1;0;4897;1#2;80;
0434;145405641;1;0;28;1#2;80;
0434;145405642;1;0;1795;1#2;80;
0434;145405643;1;0;87;1#2;80;
0434;145405644;1;0;338;1#2;80;
0434;145405645;1;0;108;1#2;80;
0434;145405646;1;0;153;1#2;80;
0434;145405647;1;0;247;1#2;80;
0434;145405648;1;0;145;1#2;80;
0434;145405649;1;0;93;1#2;80;
0434;145405650;1;0;509;1#2;80;
0434;145405651;1;0;686;1#2;80;
0434;145405652;1;0;2801;1#2;80;
0434;145405653;1;0;797;1#2;80;
0434;145407333;1;0;551;1#2;70;
0434;145407333;2;44;551;1#2;80;
0434;145407334;1;0;778;1#2;80;
0434;145407335;1;0;351;1#2;80;
0434;145407336;1;0;200;1#2;80;
0434;145407337;1;0;175;1#2;80;
0434;145407337;2;94;175;1#2;60;
0434;145407338;1;0;141;1#2;60;
0434;145407339;1;0;265;1#2;60;
0434;145407340;1;0;564;1#2;60;
0434;145407340;2;533;564;1#2;80;
0434;145407341;1;0;475;1#2;80;
0434;145407342;1;0;71;1#2;80;
0434;145407343;1;0;95;1#2;80;
0434;145407344;1;0;213;1#2;80;
0434;145407345;1;0;329;1#2;80;
0434;145407346;1;0;294;1#2;80;
0434;145407347;1;0;183;1#2;80;
0434;145407348;1;0;89;1#2;80;
0434;145407349;1;0;96;1#2;80;
0434;145407350;1;0;38;1#2;80;
0434;145407351;1;0;282;1#2;80;
0434;145407352;1;0;128;1#2;80;
0434;145407353;1;0;511;1#2;80;
0434;145407354;1;0;598;1#2;80;
0434;212597374;1;0;161;1#2;80;
0434;212597375;1;0;1442;1#2;80;
0434;145407356;1;0;112;1#2;80;
0434;145407357;1;0;286;1#2;80;
0434;145407358;1;0;376;1#2;80;
0434;145407359;1;0;46;1#2;80;
0434;145407360;1;0;34;1#2;80;
0434;145407361;1;0;30;1#2;80;
0434;145407362;1;0;344;1#2;80;
0434;145407363;1;0;116;1#2;80;
0434;145407365;1;0;107;1#2;80;
0434;145407366;1;0;91;1#2;80;
0434;145407367;1;0;10;1#2;80;
0434;145407368;1;0;247;1#2;80;
0434;145407369;1;0;148;1#2;80;
0434;145407370;1;0;116;1#2;80;
0434;145407371;1;0;35;1#2;80;
0434;145407372;1;0;414;1#2;80;
0434;212638290;1;0;1119;1#2;80;
0434;212638291;1;0;231;1#2;80;
0434;212638292;1;0;116;1#2;80;
0434;212638293;1;0;363;1#2;80;
0434;145407375;1;0;85;1#2;80;
0434;145407376;1;0;25;1#2;80;
0434;145407377;1;0;138;1#2;80;
0434;145407378;1;0;63;1#2;80;
0434;145407379;1;0;645;1#2;80;
0434;212597376;1;0;540;1#2;80;
0434;212597377;1;0;154;1#2;80;
0434;145410556;1;0;18;1#2;80;
0434;212597378;1;0;47;1#2;80;
0434;212597379;1;0;72;1#2;80;
0434;145410558;1;0;13;1#2;80;
0434;145410559;1;0;15;1#2;80;
0434;145410560;1;0;17;1#2;80;
0434;145410561;1;0;118;1#2;80;
0434;145410562;1;0;245;1#2;80;
0434;145410563;1;0;4;1#2;80;
0434;145410564;1;0;1540;1#2;80;
0434;145410565;1;0;450;1#2;80;
0434;145410566;1;0;57;1#2;80;
0434;145410567;1;0;249;1#2;80;
0434;145410568;1;0;1727;1#2;80;
0434;145410569;1;0;111;1#2;80;
0434;145410570;1;0;847;1#2;80;
0434;145410571;1;0;51;1#2;80;
0434;145410572;1;0;92;1#2;80;
0434;145410573;1;0;8;1#2;80;
0434;145410574;1;0;1689;1#2;80;
0434;145410575;1;0;4196;1#2;80;
0434;145410850;1;0;66;1#2;80;
0434;145410851;1;0;256;1#2;80;
0434;145410852;1;0;11;1#2;80;
0434;145410853;1;0;1236;1#2;80;
0434;145410854;1;0;88;1#2;80;
0434;145410855;1;0;55;1#2;80;
0434;145410856;1;0;265;1#2;80;
0434;145410857;1;0;163;1#2;80;
0434;145410858;1;0;350;1#2;80;
0434;145410859;1;0;475;1#2;80;
0434;145410860;1;0;1756;1#2;80;
0434;145410861;1;0;374;1#2;80;
0434;145410862;1;0;596;1#2;80;
0434;145410863;1;0;119;1#2;80;
0434;145410864;1;0;147;1#2;80;
0434;145410865;1;0;86;1#2;80;
0434;145410866;1;0;90;1#2;80;
0434;145410867;1;0;112;1#2;80;
0434;145410868;1;0;3;1#2;80;
0434;145410869;1;0;543;1#2;80;
0434;145410870;1;0;660;1#2;80;
0434;145410871;1;0;197;1#2;80;
0434;145410872;1;0;472;1#2;80;
0434;145410873;1;0;429;1#2;80;
0434;145410874;1;0;477;1#2;80;
0434;145410875;1;0;84;1#2;80;
0434;145410876;1;0;713;1#2;80;
0434;145410877;1;0;1972;1#2;80;
0434;145410878;1;0;1276;1#2;80;
0434;145410879;1;0;22;1#2;80;
0434;145410880;1;0;1852;1#2;80;
0434;145410881;1;0;868;1#2;80;
0434;145410882;1;0;218;1#2;80;
0434;145410883;1;0;1029;1#2;80;
0434;145410884;1;0;902;1#2;80;
0434;145410885;1;0;1509;1#2;80;
0434;145411602;1;0;6;1;80;
0434;145411603;1;0;52;1;80;
0434;145412189;1;0;4;1;80;
0434;145412190;1;0;23;1;80;
0434;145412900;1;0;6;2;80;
0434;145412901;1;0;52;2;80;
0434;145413496;1;0;4;2;80;
0434;145413497;1;0;23;2;80;
0434;212579629;1;0;7;1#2;30;
0434;212579630;1;0;69;1#2;30;
0434;212579631;1;0;73;1#2;30;
0434;212579632;1;0;63;1#2;30;
0434;212579632;1;0;63;1#2;30;
0434;212579633;1;0;79;1#2;30;
0434;212579636;1;0;96;1#2;30;
0434;212579637;1;0;41;1#2;30;
0434;212579638;1;0;72;1#2;30;
0434;212579639;1;0;45;1#2;30;
0434;212579640;1;0;55;1#2;30;
0434;212579641;1;0;103;1#2;30;
0434;212579642;1;0;1196;1#2;30;
0434;212579643;1;0;104;1#2;30;
0434;276263886;1;0;48;1#2;30;
0434;276263887;1;0;56;1#2;30;
0434;212579645;1;0;43;1#2;30;
0434;212579646;1;0;228;1#2;30;
0434;212579648;1;0;131;1#2;30;
0434;212579649;1;0;141;1#2;30;
0434;212579650;1;0;11;1#2;30;
0434;212579651;1;0;43;1#2;30;
0434;212579652;1;0;72;1#2;30;
0434;212579653;1;0;71;1#2;30;
0434;212579654;1;0;638;1#2;30;
0434;212579655;1;0;256;1#2;30;
0434;212579656;1;0;128;1#2;30;
0434;212579657;1;0;50;1#2;30;
0434;212579658;1;0;745;1#2;30;
0434;212579659;1;0;459;1#2;30;
0434;212579660;1;0;30;1#2;30;
0434;212579661;1;0;202;1#2;30;
0434;212579662;1;0;429;1#2;30;
0434;212579663;1;0;121;1#2;30;
0434;212579665;1;0;261;1#2;30;
0434;212579666;1;0;47;1#2;30;
0434;212579667;1;0;100;1#2;30;
0434;212579668;1;0;109;1#2;30;
0434;212579669;1;0;161;1#2;30;
0434;212579670;1;0;54;1#2;30;
0434;212579670;1;0;54;1#2;30;
0434;212579671;1;0;124;1#2;30;
0434;212579671;1;0;124;1#2;30;
0434;212579672;1;0;43;1#2;30;
0434;212579672;1;0;43;1#2;30;
0434;212579673;1;0;68;1#2;30;
0434;212579673;1;0;68;1#2;30;
0434;212579674;1;0;62;1#2;30;
0434;212579675;1;0;52;1#2;30;
0434;212579676;1;0;40;1#2;30;
0434;212579677;1;0;70;1#2;30;
0434;212579678;1;0;44;1#2;30;
0434;212579679;1;0;51;1#2;30;
0434;212579680;1;0;114;1#2;30;
0434;212579681;1;0;21;1#2;30;
0434;212579682;1;0;555;1#2;30;
0434;212579683;1;0;67;1#2;30;
0434;212579684;1;0;399;1#2;30;
0434;212579685;1;0;18;1#2;30;
0434;212579686;1;0;389;1#2;30;
0434;212579687;1;0;48;1#2;30;
0434;212579688;1;0;59;1#2;30;
0434;212579689;1;0;1430;1#2;30;
0434;212579690;1;0;140;1#2;30;
0434;212579691;1;0;490;1#2;30;
0434;212579692;1;0;660;1#2;30;
0434;212579693;1;0;927;1#2;30;
0434;212579694;1;0;352;1#2;30;
0434;212579695;1;0;56;1#2;30;
0434;212579696;1;0;40;1#2;30;
0434;212579697;1;0;168;1#2;30;
0434;212579698;1;0;1452;1#2;30;
0434;212579699;1;0;1552;1#2;30;
0434;212579700;1;0;13;1#2;30;
0434;212579700;1;0;13;1#2;30;
0434;212579701;1;0;5;1#2;30;
0434;212579701;1;0;5;1#2;30;
0434;212579702;1;0;1817;1#2;30;
0434;212579703;1;0;232;1#2;30;
0434;212579704;1;0;62;1#2;30;
0434;212579705;1;0;63;1#2;30;
0434;212579706;1;0;65;1#2;30;
0434;212597380;1;0;175;1#2;30;
0434;212597381;1;0;333;1#2;30;
0434;212597382;1;0;67;1#2;30;
0434;212597383;1;0;95;1#2;30;
0434;212597384;1;0;351;1#2;30;
0434;212597385;1;0;73;1#2;30;
0434;212597386;1;0;113;1#2;30;
0434;212597387;1;0;107;1#2;30;
0434;212597388;1;0;86;1#2;30;
0434;212597389;1;0;769;1#2;30;
0434;212597390;1;0;73;1#2;30;
0434;212597391;1;0;82;1#2;30;
0434;212597392;1;0;124;1#2;30;
0434;212597393;1;0;224;1#2;30;
0434;212597394;1;0;93;1#2;30;
0434;212597395;1;0;157;1#2;30;
0434;212597396;1;0;194;1#2;30;
0434;212597397;1;0;86;1#2;30;
0434;212597398;1;0;153;1#2;30;
0434;212597399;1;0;75;1#2;30;
0434;212597400;1;0;86;1#2;30;
0434;212597401;1;0;38;1#2;30;
0434;212597402;1;0;144;1#2;30;
0434;212597403;1;0;105;1#2;30;
0434;212597404;1;0;54;1#2;30;
0434;212597405;1;0;21;1#2;30;
0434;212597406;1;0;79;1#2;30;
0434;212597407;1;0;28;1#2;30;
0434;212597407;1;0;28;1#2;30;
0434;212597408;1;0;75;1#2;30;
0434;212597409;1;0;39;1#2;30;
0434;212597409;1;0;39;1#2;30;
0434;212597410;1;0;97;1#2;30;
0434;212597410;1;0;97;1#2;30;
0434;212597411;1;0;151;1#2;30;
0434;212597412;1;0;68;1#2;30;
0434;212597412;1;0;68;1#2;30;
0434;212597413;1;0;91;1#2;30;
0434;212597414;1;0;53;1#2;30;
0434;212597415;1;0;202;1#2;30;
0434;212597416;1;0;34;1#2;30;
0434;212597417;1;0;15;1#2;30;
0434;212597418;1;0;210;1#2;30;
0434;212597419;1;0;105;1#2;30;
0434;212597419;1;0;105;1#2;30;
0434;212597420;1;0;94;1#2;30;
0434;212597421;1;0;92;1#2;30;
0434;212597421;1;0;92;1#2;30;
0434;212597422;1;0;15;1#2;30;
0434;212597423;1;0;280;1#2;30;
0434;212597424;1;0;49;1#2;30;
0434;212597425;1;0;103;1#2;30;
0434;212597426;1;0;56;1#2;30;
0434;212597427;1;0;88;1#2;30;
0434;212597428;1;0;110;1#2;30;
0434;212597429;1;0;161;1#2;30;
0434;212597430;1;0;112;1#2;30;
0434;212597430;1;0;112;1#2;30;
0434;212597431;1;0;70;1#2;30;
0434;212597432;1;0;88;1#2;30;
0434;212597433;1;0;106;1#2;30;
0434;212597433;1;0;106;1#2;30;
0434;212597434;1;0;226;1#2;30;
0434;212597435;1;0;97;1#2;30;
0434;212597436;1;0;74;1#2;30;
0434;212597437;1;0;600;1#2;30;
0434;212597438;1;0;117;1#2;30;
0434;212597438;1;0;117;1#2;30;
0434;212597439;1;0;43;1#2;30;
0434;212597440;1;0;155;1#2;30;
0434;212597441;1;0;176;1#2;30;
0434;212597441;1;0;176;1#2;30;
0434;212597442;1;0;167;1#2;30;
0434;212597443;1;0;55;1#2;30;
0434;212597443;1;0;55;1#2;30;
0434;212597444;1;0;365;1#2;30;
0434;276252872;1;0;69;1#2;30;
0434;276252874;1;0;275;1#2;30;
0434;212597446;1;0;173;1#2;30;
0434;212597447;1;0;236;1#2;30;
0434;212597448;1;0;161;1#2;30;
0434;212597449;1;0;156;1#2;30;
0434;212597449;1;0;156;1#2;30;
0434;212597450;1;0;78;1#2;30;
0434;212597450;1;0;78;1#2;30;
0434;212597451;1;0;304;1#2;30;
0434;212597452;1;0;73;1#2;30;
0434;248833199;1;0;40;1#2;30;
0434;248833200;1;0;156;1#2;30;
0434;212597454;1;0;125;1#2;30;
0434;212597455;1;0;82;1#2;30;
0434;212597456;1;0;74;1#2;30;
0434;212597457;1;0;112;1#2;30;
0434;212597458;1;0;164;1#2;30;
0434;212597459;1;0;164;1#2;30;
0434;212597460;1;0;35;1#2;30;
0434;212597461;1;0;57;1#2;30;
0434;212597462;1;0;254;1#2;30;
0434;212597463;1;0;81;1#2;30;
0434;212597463;1;0;81;1#2;30;
0434;212597464;1;0;217;1#2;30;
0434;212597465;1;0;50;1#2;30;
0434;212597465;1;0;50;1#2;30;
0434;212597466;1;0;195;1#2;30;
0434;212597466;1;0;195;1#2;30;
0434;212597467;1;0;63;1#2;30;
0434;212597468;1;0;105;1#2;30;
0434;212597469;1;0;149;1#2;30;
0434;212597469;1;0;149;1#2;30;
0434;212597470;1;0;3;1#2;30;
0434;212597471;1;0;44;1#2;30;
0434;212597472;1;0;368;1#2;30;
0434;212597473;1;0;215;1#2;30;
0434;212597474;1;0;50;1#2;30;
0434;212597474;1;0;50;1#2;30;
0434;212597475;1;0;74;1#2;30;
0434;212597475;1;0;74;1#2;30;
0434;212597476;1;0;42;1#2;30;
0434;212597572;1;0;278;1#2;30;
0434;212638294;1;0;9041;1#2;30;
0434;212638295;1;0;71;1#2;30;
0434;212638295;1;0;71;1#2;30;
0434;212638296;1;0;234;1#2;30;
0434;212638297;1;0;57;1#2;30;
0434;212638298;1;0;33;1#2;30;
0434;212638299;1;0;231;1#2;30;
0434;212638300;1;0;221;1#2;30;
0434;212638301;1;0;151;1#2;50;
0434;212638302;1;0;25;1#2;50;
0434;212638303;1;0;110;1#2;50;
0434;212638303;1;0;110;1#2;50;
0434;212638304;1;0;56;1#2;30;
0434;212638305;1;0;117;1#2;30;
0434;212638306;1;0;140;1#2;30;
0434;212638307;1;0;40;1#2;30;
0434;212638308;1;0;195;1#2;30;
0434;212638309;1;0;183;1#2;30;
0434;212638310;1;0;145;1#2;30;
0434;212638311;1;0;60;1#2;30;
0434;212638312;1;0;155;1#2;30;
0434;212638313;1;0;58;1#2;30;
0434;212638314;1;0;303;1#2;30;
0434;212638315;1;0;113;1#2;30;
0434;212638316;1;0;25;1#2;30;
0434;212638317;1;0;103;1#2;30;
0434;212638318;1;0;62;1#2;30;
0434;212638319;1;0;60;1#2;30;
0434;212638320;1;0;52;1#2;30;
0434;212638320;1;0;52;1#2;30;
0434;212638321;1;0;426;1#2;30;
0434;212638322;1;0;98;1#2;30;
0434;212638323;1;0;53;1#2;30;
0434;212638324;1;0;68;1#2;30;
0434;212638325;1;0;758;1#2;30;
0434;212638326;1;0;54;1#2;30;
0434;212638327;1;0;283;1#2;30;
0434;212638328;1;0;372;1#2;50;
0434;212638329;1;0;88;1#2;30;
0434;212638330;1;0;56;1#2;30;
0434;212638331;1;0;143;1#2;30;
0434;212638332;1;0;91;1#2;30;
0434;212638333;1;0;19;1#2;30;
0434;212638334;1;0;131;1#2;30;
0434;212638335;1;0;28;1#2;30;
0434;212638335;1;0;28;1#2;30;
0434;212638336;1;0;103;1#2;30;
0434;212638337;1;0;27;1#2;30;
0434;212638338;1;0;123;1#2;30;
0434;212638338;1;0;123;1#2;30;
0434;212638339;1;0;81;1#2;30;
0434;212638340;1;0;68;1#2;30;
0434;212638341;1;0;162;1#2;30;
0434;212638342;1;0;54;1#2;30;
0434;212638343;1;0;44;1#2;30;
0434;212638344;1;0;445;1#2;30;
0434;212638345;1;0;97;1#2;30;
0434;212638346;1;0;26;1#2;30;
0434;212638347;1;0;56;1#2;30;
0434;212638348;1;0;175;1#2;30;
0434;212638349;1;0;283;1#2;30;
0434;212638350;1;0;199;1#2;30;
0434;212638351;1;0;51;1#2;30;
0434;212638352;1;0;77;1#2;30;
0434;212638353;1;0;61;1#2;30;
0434;212638354;1;0;104;1#2;30;
0434;212638355;1;0;55;1#2;30;
0434;212638356;1;0;220;1#2;30;
0434;212638357;1;0;86;1#2;30;
0434;212638358;1;0;175;1#2;30;
0434;212640817;1;0;5867;1#2;80;
0434;249011067;1;0;144;1#2;30;
