*0216*2011 VEGNETT*20110511*FART*20110511*VDB SVNT*AHT
..Eksport-dato 20110511
50;

Komm; TransID;kode;Fra;   Til;felt; Fart;
0216;275634378;1;0;46;1#2;60;
0216;275634379;1;0;114;1#2;60;
0216;145171620;1;0;119;1#2;50;
0216;145171621;1;0;55;1#2;50;
0216;145171622;1;0;559;1#2;50;
0216;145171623;1;0;356;1#2;50;
0216;145171624;1;0;21;1#2;50;
0216;145171625;1;0;123;1#2;50;
0216;145171626;1;0;532;1#2;50;
0216;145171627;1;0;209;1#2;50;
0216;145171628;1;0;45;1#2;50;
0216;145171629;1;0;12;1#2;50;
0216;145171630;1;0;163;1#2;50;
0216;145171631;1;0;99;1#2;50;
0216;145171632;1;0;243;1#2;50;
0216;212612043;1;0;184;1#2;50;
0216;212612044;1;0;8;1#2;50;
0216;145171634;1;0;27;1#2;50;
0216;145171635;1;0;69;1#2;50;
0216;145171636;1;0;8;1#2;30;
0216;145171637;1;0;51;1#2;30;
0216;145171638;1;0;133;1#2;30;
0216;145171639;1;0;123;1#2;30;
0216;145171640;1;0;39;1#2;30;
0216;145171641;1;0;71;1#2;30;
0216;145171642;1;0;73;1#2;30;
0216;145171643;1;0;186;1#2;30;
0216;145171644;1;0;201;1#2;30;
0216;145171645;1;0;83;1#2;50;
0216;145171646;1;0;16;1#2;30;
0216;145171647;1;0;172;1#2;30;
0216;145171648;1;0;25;1#2;30;
0216;145171649;1;0;186;1#2;30;
0216;276230345;1;0;42;1#2;30;
0216;276230346;1;0;32;1#2;30;
0216;157085410;1;0;71;1#2;30;
0216;145171651;1;0;93;1#2;30;
0216;145171652;1;0;76;1#2;30;
0216;145171653;1;0;144;1#2;30;
0216;145171654;1;0;162;1#2;30;
0216;145171655;1;0;47;1#2;50;
0216;145171656;1;0;49;1#2;50;
0216;145171657;1;0;96;1#2;50;
0216;145171658;1;0;183;1#2;50;
0216;145171659;1;0;15;1#2;30;
0216;157085411;1;0;110;1#2;30;
0216;157085412;1;0;95;1#2;30;
0216;145171661;1;0;82;1#2;30;
0216;145171662;1;0;31;1#2;30;
0216;145171663;1;0;34;1#2;30;
0216;145171664;1;0;139;1#2;30;
0216;145171665;1;0;43;1#2;30;
0216;145171666;1;0;61;1#2;50;
0216;145171667;1;0;238;1#2;50;
0216;145171669;1;0;70;1#2;50;
0216;145171670;1;0;134;1#2;50;
0216;145171671;1;0;80;1#2;50;
0216;145171672;1;0;17;1#2;50;
0216;145171673;1;0;199;1#2;50;
0216;145171674;1;0;29;1#2;50;
0216;145171675;1;0;51;1#2;50;
0216;145171676;1;0;56;1#2;50;
0216;145171677;1;0;23;1#2;50;
0216;145171678;1;0;29;1#2;50;
0216;145171679;1;0;175;1#2;50;
0216;145171680;1;0;11;1#2;50;
0216;145171681;1;0;66;1#2;50;
0216;145171682;1;0;26;1#2;50;
0216;145171683;1;0;72;1#2;50;
0216;145171684;1;0;40;1#2;50;
0216;145171685;1;0;83;1#2;50;
0216;145171686;1;0;33;1#2;50;
0216;145171687;1;0;8;1#2;50;
0216;145171688;1;0;29;1#2;30;
0216;145171689;1;0;17;1#2;50;
0216;145171690;1;0;49;1#2;50;
0216;145171691;1;0;71;1#2;50;
0216;145171692;1;0;45;1#2;50;
0216;145171693;1;0;138;1#2;50;
0216;212612045;1;0;40;1#2;50;
0216;212612046;1;0;56;1#2;50;
0216;157079954;1;0;18;1#2;50;
0216;157079955;1;0;86;1#2;50;
0216;145171696;1;0;129;1#2;30;
0216;145171697;1;0;132;1#2;30;
0216;145171698;1;0;343;1#2;30;
0216;145171699;1;0;61;1#2;30;
0216;145171700;1;0;103;1#2;30;
0216;145171701;1;0;195;1#2;30;
0216;145171702;1;0;80;1#2;50;
0216;145171703;1;0;101;1#2;30;
0216;145171704;1;0;76;1#2;50;
0216;145171705;1;0;71;1#2;30;
0216;145171706;1;0;128;1#2;30;
0216;145171707;1;0;20;1#2;30;
0216;157079956;1;0;7;1#2;50;
0216;157079957;1;0;118;1#2;50;
0216;145171709;1;0;69;1#2;50;
0216;212612047;1;0;9;1#2;50;
0216;212612048;1;0;102;1#2;50;
0216;145171711;1;0;125;1#2;50;
0216;145171712;1;0;130;1#2;50;
0216;145171713;1;0;22;1#2;50;
0216;145171714;1;0;16;1#2;30;
0216;145171715;1;0;130;1#2;30;
0216;145171716;1;0;142;1#2;30;
0216;157079958;1;0;9;1#2;50;
0216;157079959;1;0;24;1#2;50;
0216;145171718;1;0;115;1#2;50;
0216;145171719;1;0;18;1#2;50;
0216;145171720;1;0;110;1#2;30;
0216;145171721;1;0;222;1#2;30;
0216;145171722;1;0;187;1#2;50;
0216;157020116;1;0;8;1#2;50;
0216;157020117;1;0;21;1#2;50;
0216;145171725;1;0;152;1#2;50;
0216;145171726;1;0;6;1#2;50;
0216;145171727;1;0;235;1#2;50;
0216;212612049;1;0;40;1#2;50;
0216;212612050;1;0;89;1#2;50;
0216;212612051;1;0;31;1#2;50;
0216;212612052;1;0;79;1#2;50;
0216;145171730;1;0;19;1#2;50;
0216;145171731;1;0;98;1#2;50;
0216;145171732;1;0;12;1#2;50;
0216;145171733;1;0;97;1#2;50;
0216;145171734;1;0;165;1#2;50;
0216;145171735;1;0;156;1#2;50;
0216;145171736;1;0;169;1#2;50;
0216;212612053;1;0;72;1#2;50;
0216;212612054;1;0;83;1#2;50;
0216;212612055;1;0;6;1#2;50;
0216;212612056;1;0;127;1#2;50;
0216;157079960;1;0;10;1#2;50;
0216;157079961;1;0;4;1#2;50;
0216;145171740;1;0;73;1#2;50;
0216;145171741;1;0;115;1#2;30;
0216;145171742;1;0;70;1#2;30;
0216;145171743;1;0;162;1#2;50;
0216;145171744;1;0;124;1#2;30;
0216;145171745;1;0;75;1#2;30;
0216;145171746;1;0;89;1#2;30;
0216;145171747;1;0;31;1#2;50;
0216;145171749;1;0;93;1#2;30;
0216;145171750;1;0;88;1#2;50;
0216;145171751;1;0;38;1#2;30;
0216;145171752;1;0;46;1#2;30;
0216;145171753;1;0;64;1#2;30;
0216;145171754;1;0;77;1#2;50;
0216;145171755;1;0;30;1#2;50;
0216;145171756;1;0;40;1#2;50;
0216;157079964;1;0;5;1#2;50;
0216;157079965;1;0;46;1#2;50;
0216;145171759;1;0;56;1#2;30;
0216;145171760;1;0;51;1#2;30;
0216;145171761;1;0;178;1#2;30;
0216;145171762;1;0;42;1#2;30;
0216;145171763;1;0;158;1#2;30;
0216;145171764;1;0;123;1#2;50;
0216;145171765;1;0;702;1#2;30;
0216;145171767;1;0;70;1#2;50;
0216;145171768;1;0;18;1#2;30;
0216;145171769;1;0;63;1#2;30;
0216;145171770;1;0;68;1#2;50;
0216;145171771;1;0;88;1#2;30;
0216;145171772;1;0;30;1#2;30;
0216;145171773;1;0;51;1#2;30;
0216;145171774;1;0;156;1#2;30;
0216;145171775;1;0;186;1#2;30;
0216;145171776;1;0;62;1#2;50;
0216;145171777;1;0;157;1#2;30;
0216;145171778;1;0;139;1#2;30;
0216;145171779;1;0;123;1#2;30;
0216;145171780;1;0;30;1#2;30;
0216;145171781;1;0;99;1#2;30;
0216;145171782;1;0;49;1#2;30;
0216;145171783;1;0;8;1#2;30;
0216;145171784;1;0;80;1#2;30;
0216;145171785;1;0;264;1#2;30;
0216;145171786;1;0;158;1#2;30;
0216;157079966;1;0;7;1#2;30;
0216;157079967;1;0;170;1#2;30;
0216;145171788;1;0;84;1#2;30;
0216;145171789;1;0;35;1#2;30;
0216;145171790;1;0;23;1#2;50;
0216;145171791;1;0;573;1#2;50;
0216;145171792;1;0;184;1#2;50;
0216;145171793;1;0;35;1#2;50;
0216;145171794;1;0;102;1#2;50;
0216;145171795;1;0;9;1#2;50;
0216;145171796;1;0;101;1#2;50;
0216;145171797;1;0;69;1#2;50;
0216;145171798;1;0;214;1#2;50;
0216;145171799;1;0;10;1#2;50;
0216;145171800;1;0;97;1#2;50;
0216;145171801;1;0;39;1#2;50;
0216;145171802;1;0;57;1#2;50;
0216;145171803;1;0;83;1#2;50;
0216;145171804;1;0;18;1#2;30;
0216;145171805;1;0;162;1#2;30;
0216;145171806;1;0;282;1#2;30;
0216;145171807;1;0;109;1#2;30;
0216;145171808;1;0;8;1#2;50;
0216;145171809;1;0;74;1#2;30;
0216;145171810;1;0;215;1#2;30;
0216;145171811;1;0;445;1#2;50;
0216;157079968;1;0;8;1#2;50;
0216;157079969;1;0;110;1#2;50;
0216;157079970;1;0;6;1#2;50;
0216;157079971;1;0;145;1#2;50;
0216;212612057;1;0;176;1#2;50;
0216;212612058;1;0;237;1#2;50;
0216;145171818;1;0;110;1#2;50;
0216;145171819;1;0;11;1#2;50;
0216;145171820;1;0;86;1#2;50;
0216;157020118;1;0;8;1#2;50;
0216;157020119;1;0;362;1#2;50;
0216;145171822;1;0;253;1#2;30;
0216;145171823;1;0;80;1#2;30;
0216;145171824;1;0;64;1#2;30;
0216;145171825;1;0;73;1#2;30;
0216;145171826;1;0;37;1#2;50;
0216;145171827;1;0;43;1#2;50;
0216;145171828;1;0;57;1#2;50;
0216;145171829;1;0;6;1#2;50;
0216;145171830;1;0;47;1#2;50;
0216;145171831;1;0;77;1#2;50;
0216;145171832;1;0;219;1#2;50;
0216;145171833;1;0;25;1#2;50;
0216;145171834;1;0;61;1#2;50;
0216;145171835;1;0;48;1#2;50;
0216;145171836;1;0;258;1#2;30;
0216;145171838;1;0;54;1#2;50;
0216;145171839;1;0;23;1#2;30;
0216;145171840;1;0;46;1#2;30;
0216;145171841;1;0;58;1#2;30;
0216;145171842;1;0;12;1#2;30;
0216;145171843;1;0;229;1#2;30;
0216;145171844;1;0;142;1#2;30;
0216;145171845;1;0;82;1#2;30;
0216;157103398;1;0;27;1#2;30;
0216;157103399;1;0;22;1#2;30;
0216;145171847;1;0;104;1#2;30;
0216;145171848;1;0;38;1#2;30;
0216;145171849;1;0;208;1#2;30;
0216;145171850;1;0;39;1#2;50;
0216;145171851;1;0;30;1#2;50;
0216;157020120;1;0;10;1#2;50;
0216;157020121;1;0;55;1#2;50;
0216;145171853;1;0;47;1#2;50;
0216;145171854;1;0;43;1#2;50;
0216;145171855;1;0;151;1#2;50;
0216;145171856;1;0;100;1#2;50;
0216;145171857;1;0;88;1#2;50;
0216;145171858;1;0;65;1#2;50;
0216;212612059;1;0;62;1#2;50;
0216;212612060;1;0;21;1#2;50;
0216;145171860;1;0;157;1#2;50;
0216;145171861;1;0;215;1#2;50;
0216;145171862;1;0;156;1#2;50;
0216;145171863;1;0;14;1#2;50;
0216;145171864;1;0;103;1#2;50;
0216;157079972;1;0;8;1#2;30;
0216;157079973;1;0;39;1#2;30;
0216;145171866;1;0;47;1#2;30;
0216;145171867;1;0;66;1#2;30;
0216;145171868;1;0;56;1#2;30;
0216;145171869;1;0;20;1#2;30;
0216;145171870;1;0;64;1#2;30;
0216;145171871;1;0;72;1#2;30;
0216;145171872;1;0;296;1#2;50;
0216;145171873;1;0;164;1#2;40;
0216;145171874;1;0;43;1#2;40;
0216;145171875;1;0;97;1#2;40;
0216;145171876;1;0;86;1#2;40;
0216;145171877;1;0;7;1#2;40;
0216;145171878;1;0;46;1#2;40;
0216;145171879;1;0;241;1#2;50;
0216;145171880;1;0;8;1#2;50;
0216;145171881;1;0;508;1#2;50;
0216;145171882;1;0;239;1#2;50;
0216;145171883;1;0;71;1#2;50;
0216;145171884;1;0;451;1#2;50;
0216;145171885;1;0;248;1#2;50;
0216;145171886;1;0;1175;1#2;50;
0216;145171887;1;0;88;1#2;50;
0216;145171888;1;0;289;1#2;50;
0216;145171889;1;0;35;1#2;50;
0216;145171890;1;0;30;1#2;50;
0216;145171891;1;0;85;1#2;50;
0216;145171892;1;0;157;1#2;30;
0216;246314898;1;0;11;1#2;50;
0216;246314899;1;0;50;1#2;50;
0216;212612061;1;0;7;1#2;50;
0216;212612062;1;0;100;1#2;50;
0216;145171895;1;0;42;1#2;50;
0216;276742155;1;0;9;1#2;50;
0216;276742156;1;0;50;1#2;50;
0216;145171897;1;0;157;1#2;50;
0216;145171898;1;0;102;1#2;50;
0216;145171899;1;0;83;1#2;50;
0216;145171900;1;0;6;1#2;50;
0216;145171901;1;0;91;1#2;50;
0216;145171902;1;0;38;1#2;50;
0216;145171903;1;0;165;1#2;50;
0216;145171904;1;0;61;1#2;50;
0216;145171905;1;0;45;1#2;30;
0216;145171906;1;0;11;1#2;30;
0216;145171907;1;0;49;1#2;30;
0216;145171908;1;0;2;1#2;50;
0216;145171909;1;0;2;1#2;50;
0216;145171910;1;0;116;1#2;50;
0216;145171911;1;0;70;1#2;50;
0216;145171912;1;0;10;1#2;50;
0216;145171913;1;0;47;1#2;50;
0216;157079974;1;0;11;1#2;50;
0216;157079975;1;0;43;1#2;50;
0216;145171915;1;0;35;1#2;50;
0216;157079976;1;0;11;1#2;50;
0216;157079977;1;0;35;1#2;50;
0216;145171917;1;0;204;1#2;50;
0216;145171918;1;0;121;1#2;50;
0216;145171919;1;0;331;1#2;50;
0216;157020122;1;0;10;1#2;50;
0216;157020123;1;0;38;1#2;50;
0216;145171921;1;0;129;1#2;50;
0216;145171922;1;0;174;1#2;50;
0216;246314900;1;0;9;1#2;50;
0216;246314901;1;0;28;1#2;50;
0216;145171924;1;0;314;1#2;50;
0216;145171925;1;0;6;1#2;50;
0216;145171926;1;0;24;1#2;50;
0216;145171927;1;0;36;1#2;50;
0216;145171928;1;0;248;1#2;50;
0216;145171929;1;0;41;1#2;50;
0216;145171930;1;0;29;1#2;50;
0216;145171931;1;0;337;1#2;30;
0216;276230347;1;0;83;1#2;50;
0216;145171934;1;0;154;1#2;30;
0216;145171935;1;0;41;1#2;30;
0216;145171936;1;0;103;1#2;30;
0216;145171937;1;0;105;1#2;30;
0216;145171938;1;0;223;1#2;30;
0216;145171939;1;0;209;1#2;50;
0216;145171940;1;0;97;1#2;50;
0216;145171941;1;0;49;1#2;50;
0216;145171942;1;0;40;1#2;50;
0216;157020124;1;0;190;1#2;50;
0216;157020125;1;0;25;1#2;50;
0216;145171944;1;0;99;1#2;30;
0216;145171945;1;0;18;1#2;50;
0216;145171946;1;0;57;1#2;50;
0216;145171947;1;0;98;1#2;50;
0216;145171948;1;0;104;1#2;50;
0216;145171949;1;0;470;1#2;30;
0216;145171950;1;0;156;1#2;30;
0216;145171951;1;0;79;1#2;50;
0216;145171952;1;0;131;1#2;50;
0216;145171953;1;0;24;1#2;50;
0216;157020126;1;0;165;1#2;50;
0216;157020127;1;0;7;1#2;50;
0216;276230348;1;0;359;1#2;30;
0216;145171956;1;0;9;1#2;50;
0216;145171957;1;0;10;1#2;50;
0216;145171958;1;0;46;1#2;50;
0216;212612063;1;0;48;1#2;50;
0216;212612064;1;0;103;1#2;50;
0216;145171960;1;0;89;1#2;50;
0216;145171961;1;0;33;1#2;50;
0216;157079980;1;0;7;1#2;50;
0216;157079981;1;0;7;1#2;50;
0216;145171963;1;0;61;1#2;50;
0216;145171964;1;0;102;1#2;50;
0216;145171965;1;0;281;1#2;50;
0216;145171966;1;0;75;1#2;50;
0216;145171967;1;0;34;1#2;50;
0216;145171969;1;0;8;1#2;50;
0216;145171970;1;0;10;1#2;50;
0216;145171971;1;0;84;1#2;50;
0216;145171972;1;0;57;1#2;50;
0216;145171973;1;0;8;1#2;50;
0216;145171974;1;0;54;1#2;50;
0216;145171975;1;0;45;1#2;50;
0216;145171978;1;0;14;1#2;50;
0216;145171979;1;0;160;1#2;50;
0216;145171980;1;0;44;1#2;30;
0216;145171981;1;0;50;1#2;30;
0216;145171982;1;0;289;1#2;50;
0216;145171983;1;0;25;1#2;50;
0216;212612065;1;0;219;1#2;50;
0216;145171985;1;0;68;1#2;50;
0216;145171986;1;0;220;1#2;50;
0216;145171987;1;0;37;1#2;50;
0216;145171988;1;0;142;1#2;50;
0216;145171989;1;0;67;1#2;30;
0216;145171990;1;0;95;1#2;50;
0216;145171991;1;0;67;1#2;30;
0216;145171992;1;0;37;1#2;30;
0216;145171993;1;0;54;1#2;30;
0216;145171994;1;0;112;1#2;30;
0216;157079982;1;0;8;1#2;50;
0216;157079983;1;0;43;1#2;50;
0216;145171996;1;0;32;1#2;30;
0216;145171997;1;0;17;1#2;30;
0216;145171998;1;0;14;1#2;30;
0216;145171999;1;0;116;1#2;30;
0216;145172000;1;0;50;1#2;30;
0216;145172001;1;0;57;1#2;30;
0216;145172002;1;0;65;1#2;30;
0216;145172003;1;0;197;1#2;50;
0216;212612066;1;0;260;1#2;30;
0216;212612067;1;0;3;1#2;30;
0216;145172005;1;0;322;1#2;50;
0216;145172006;1;0;68;1#2;50;
0216;145172007;1;0;39;1#2;50;
0216;145172008;1;0;8;1#2;50;
0216;145172009;1;0;89;1#2;50;
0216;145172010;1;0;34;1#2;50;
0216;145172011;1;0;115;1#2;50;
0216;145172012;1;0;119;1#2;30;
0216;145172013;1;0;90;1#2;30;
0216;145172014;1;0;17;1#2;30;
0216;145172015;1;0;171;1#2;30;
0216;145172016;1;0;311;1#2;30;
0216;145172017;1;0;44;1#2;30;
0216;145172018;1;0;43;1#2;50;
0216;145172019;1;0;36;1#2;50;
0216;145172020;1;0;26;1#2;30;
0216;145172021;1;0;65;1#2;30;
0216;145172022;1;0;91;1#2;30;
0216;145172023;1;0;11;1#2;30;
0216;145172024;1;0;83;1#2;30;
0216;145172025;1;0;84;1#2;30;
0216;145172026;1;0;183;1#2;30;
0216;145172027;1;0;62;1#2;30;
0216;145172028;1;0;130;1#2;30;
0216;145172029;1;0;55;1#2;50;
0216;145172030;1;0;59;1#2;30;
0216;145172031;1;0;656;1#2;50;
0216;145172032;1;0;97;1#2;50;
0216;145172033;1;0;20;1#2;50;
0216;145172035;1;0;24;1#2;50;
0216;145172036;1;0;11;1#2;50;
0216;145172037;1;0;29;1#2;50;
0216;145172038;1;0;5;1#2;50;
0216;145172039;1;0;102;1#2;50;
0216;145172040;1;0;144;1#2;50;
0216;145172041;1;0;635;1#2;50;
0216;145172042;1;0;48;1#2;50;
0216;145172043;1;0;75;1#2;50;
0216;145172044;1;0;46;1#2;50;
0216;157020132;1;0;103;1#2;50;
0216;157020133;1;0;10;1#2;50;
0216;145172046;1;0;42;1#2;50;
0216;145172047;1;0;23;1#2;50;
0216;145172048;1;0;21;1#2;50;
0216;145172049;1;0;66;1#2;50;
0216;145172050;1;0;42;1#2;50;
0216;145172051;1;0;26;1#2;50;
0216;276230349;1;0;28;1#2;50;
0216;276230350;1;0;13;1#2;50;
0216;145172053;1;0;113;1#2;50;
0216;145172054;1;0;48;1#2;50;
0216;145172055;1;0;419;1#2;50;
0216;145172056;1;0;247;1#2;50;
0216;145172057;1;0;208;1#2;30;
0216;145172058;1;0;92;1#2;50;
0216;145172059;1;0;248;1#2;50;
0216;145172060;1;0;59;1#2;50;
0216;145172061;1;0;92;1#2;50;
0216;145172062;1;0;84;1#2;50;
0216;145172063;1;0;135;1#2;30;
0216;145172064;1;0;199;1#2;30;
0216;145172065;1;0;41;1#2;30;
0216;145172066;1;0;143;1#2;30;
0216;145172067;1;0;8;1#2;50;
0216;145172068;1;0;100;1#2;30;
0216;145172069;1;0;75;1#2;30;
0216;145172070;1;0;59;1#2;30;
0216;145172071;1;0;117;1#2;30;
0216;276230351;1;0;78;1#2;30;
0216;276230352;1;0;12;1#2;30;
0216;145172073;1;0;243;1#2;50;
0216;145172074;1;0;113;1#2;50;
0216;145172075;1;0;219;1#2;50;
0216;145172076;1;0;81;1#2;30;
0216;145172077;1;0;78;1#2;30;
0216;145172078;1;0;9;1#2;50;
0216;145172079;1;0;11;1#2;50;
0216;145172080;1;0;167;1#2;50;
0216;145172081;1;0;33;1#2;50;
0216;145172082;1;0;114;1#2;50;
0216;145172083;1;0;126;1#2;50;
0216;145172084;1;0;158;1#2;50;
0216;157020134;1;0;8;1#2;50;
0216;157020135;1;0;48;1#2;50;
0216;145172086;1;0;134;1#2;50;
0216;145172087;1;0;212;1#2;30;
0216;145172088;1;0;70;1#2;30;
0216;145172089;1;0;16;1#2;30;
0216;145172090;1;0;38;1#2;30;
0216;145172091;1;0;129;1#2;30;
0216;145172092;1;0;174;1#2;30;
0216;145172093;1;0;273;1#2;50;
0216;145172094;1;0;42;1#2;50;
0216;145172095;1;0;45;1#2;50;
0216;145172096;1;0;279;1#2;30;
0216;157020136;1;0;12;1#2;50;
0216;157020137;1;0;58;1#2;50;
0216;145172098;1;0;211;1#2;50;
0216;145172099;1;0;25;1#2;50;
0216;145172100;1;0;628;1#2;50;
0216;145172101;1;0;29;1#2;50;
0216;145172102;1;0;166;1#2;50;
0216;145172103;1;0;42;1#2;50;
0216;145172104;1;0;96;1#2;50;
0216;145172105;1;0;16;1#2;50;
0216;212612068;1;0;91;1#2;50;
0216;145172109;1;0;76;1#2;30;
0216;145172110;1;0;9;1#2;30;
0216;145172111;1;0;86;1#2;30;
0216;145172112;1;0;98;1#2;30;
0216;145172113;1;0;54;1#2;30;
0216;145172114;1;0;58;1#2;30;
0216;145172115;1;0;10;1#2;30;
0216;145172116;1;0;58;1#2;30;
0216;157079984;1;0;70;1#2;50;
0216;145172118;1;0;35;1#2;50;
0216;145172119;1;0;69;1#2;50;
0216;145172120;1;0;53;1#2;30;
0216;145172121;1;0;14;1#2;50;
0216;145172123;1;0;42;1#2;30;
0216;145172124;1;0;77;1#2;30;
0216;145172125;1;0;62;1#2;30;
0216;145172126;1;0;39;1#2;30;
0216;145172127;1;0;40;1#2;30;
0216;145172128;1;0;319;1#2;30;
0216;157079985;1;0;11;1#2;30;
0216;157079986;1;0;237;1#2;30;
0216;145172130;1;0;115;1#2;30;
0216;145172131;1;0;259;1#2;30;
0216;145172132;1;0;27;1#2;30;
0216;145172133;1;0;50;1#2;30;
0216;145172134;1;0;130;1#2;30;
0216;212612069;1;0;11;1#2;50;
0216;212612070;1;0;326;1#2;50;
0216;145172136;1;0;174;1#2;50;
0216;145172137;1;0;81;1#2;50;
0216;145172138;1;0;117;1#2;50;
0216;145172139;1;0;90;1#2;50;
0216;145198018;1;0;315;1#2;30;
0216;145198019;1;0;12;1#2;30;
0216;145198020;1;0;345;1#2;30;
0216;145198021;1;0;176;1#2;50;
0216;145198022;1;0;51;1#2;50;
0216;145198023;1;0;77;1#2;30;
0216;212612071;1;0;74;1#2;30;
0216;145198025;1;0;410;1#2;30;
0216;145198026;1;0;38;1#2;30;
0216;145198027;1;0;46;1#2;30;
0216;145198028;1;0;35;1#2;30;
0216;157100269;1;0;101;1#2;30;
0216;157100270;1;0;434;1#2;30;
0216;145198030;1;0;76;1#2;30;
0216;145198031;1;0;82;1#2;30;
0216;145198032;1;0;29;1#2;30;
0216;145198033;1;0;22;1#2;30;
0216;145198034;1;0;71;1#2;30;
0216;145198036;1;0;106;1#2;30;
0216;145198037;1;0;110;1#2;30;
0216;145198038;1;0;6;1#2;30;
0216;145198039;1;0;156;1#2;30;
0216;145198040;1;0;76;1#2;30;
0216;145198041;1;0;60;1#2;30;
0216;145198042;1;0;57;1#2;30;
0216;145198043;1;0;36;1#2;30;
0216;145198044;1;0;81;1#2;30;
0216;145198045;1;0;40;1#2;30;
0216;145198046;1;0;99;1#2;30;
0216;145198047;1;0;35;1#2;30;
0216;145198048;1;0;61;1#2;30;
0216;145198049;1;0;59;1#2;30;
0216;145198050;1;0;78;1#2;30;
0216;145198051;1;0;58;1#2;30;
0216;145198052;1;0;77;1#2;30;
0216;145198053;1;0;23;1#2;30;
0216;145198054;1;0;31;1#2;30;
0216;145198055;1;0;155;1#2;30;
0216;145198056;1;0;348;1#2;30;
0216;145198057;1;0;130;1#2;30;
0216;145198058;1;0;132;1#2;30;
0216;145198059;1;0;46;1#2;30;
0216;145198060;1;0;91;1#2;30;
0216;145198061;1;0;58;1#2;30;
0216;145198062;1;0;49;1#2;30;
0216;145198063;1;0;238;1#2;30;
0216;145198064;1;0;244;1#2;30;
0216;145198065;1;0;191;1#2;30;
0216;145198066;1;0;167;1#2;30;
0216;145198067;1;0;21;1#2;30;
0216;145198068;1;0;478;1#2;30;
0216;145198069;1;0;4;1#2;30;
0216;145198070;1;0;110;1#2;30;
0216;145198071;1;0;168;1#2;30;
0216;157103402;1;0;30;1#2;30;
0216;157103403;1;0;19;1#2;30;
0216;145198073;1;0;47;1#2;30;
0216;145198075;1;0;158;1#2;30;
0216;145198076;1;0;45;1#2;30;
0216;145198077;1;0;29;1#2;30;
0216;145198078;1;0;69;1#2;30;
0216;145198079;1;0;75;1#2;30;
0216;145198080;1;0;164;1#2;30;
0216;145198081;1;0;235;1#2;30;
0216;145198082;1;0;169;1#2;30;
0216;145198083;1;0;89;1#2;30;
0216;145198084;1;0;181;1#2;30;
0216;145198085;1;0;22;1#2;30;
0216;145198086;1;0;68;1#2;30;
0216;145198087;1;0;91;1#2;30;
0216;145198088;1;0;24;1#2;30;
0216;145198089;1;0;162;1#2;30;
0216;145198090;1;0;27;1#2;30;
0216;145198091;1;0;78;1#2;30;
0216;145198092;1;0;14;1#2;30;
0216;145198093;1;0;45;1#2;30;
0216;145198094;1;0;122;1#2;30;
0216;145198095;1;0;91;1#2;30;
0216;145198096;1;0;112;1#2;30;
0216;145198097;1;0;57;1#2;30;
0216;145198098;1;0;57;1#2;30;
0216;145198099;1;0;161;1#2;30;
0216;212612072;1;0;10;1#2;30;
0216;212612073;1;0;19;1#2;30;
0216;145198101;1;0;18;1#2;30;
0216;145198102;1;0;45;1#2;30;
0216;145198103;1;0;59;1#2;30;
0216;145198104;1;0;164;1#2;30;
0216;145198105;1;0;48;1#2;30;
0216;145198106;1;0;79;1#2;30;
0216;145198107;1;0;101;1#2;30;
0216;145198108;1;0;83;1#2;30;
0216;145198109;1;0;191;1#2;30;
0216;145198110;1;0;193;1#2;30;
0216;157079987;1;0;8;1#2;30;
0216;157079988;1;0;92;1#2;30;
0216;145198112;1;0;78;1#2;30;
0216;145198113;1;0;241;1#2;30;
0216;145198114;1;0;177;1#2;30;
0216;157079989;1;0;44;1#2;30;
0216;157079990;1;0;18;1#2;30;
0216;145198116;1;0;12;1#2;30;
0216;145198117;1;0;148;1#2;30;
0216;145198118;1;0;15;1#2;30;
0216;145198119;1;0;107;1#2;30;
0216;145198120;1;0;15;1#2;30;
0216;145198121;1;0;83;1#2;30;
0216;145198122;1;0;69;1#2;30;
0216;145198123;1;0;93;1#2;30;
0216;212612074;1;0;55;1#2;30;
0216;145198126;1;0;164;1#2;30;
0216;145198127;1;0;195;1#2;30;
0216;145198128;1;0;91;1#2;30;
0216;145198129;1;0;95;1#2;30;
0216;145198130;1;0;76;1#2;30;
0216;157079991;1;0;7;1#2;30;
0216;157079992;1;0;7;1#2;30;
0216;145198132;1;0;89;1#2;30;
0216;145198133;1;0;113;1#2;30;
0216;145198134;1;0;172;1#2;30;
0216;157079993;1;0;7;1#2;30;
0216;157079994;1;0;63;1#2;30;
0216;145198136;1;0;67;1#2;30;
0216;145198137;1;0;36;1#2;30;
0216;212612075;1;0;44;1#2;30;
0216;212612076;1;0;6;1#2;30;
0216;145198140;1;0;83;1;30;
0216;145198141;1;0;121;1#2;30;
0216;145198142;1;0;347;1#2;30;
0216;145198143;1;0;122;1#2;30;
0216;145198144;1;0;23;1#2;30;
0216;145198145;1;0;50;1#2;30;
0216;145198146;1;0;15;1#2;30;
0216;145198148;1;0;233;1#2;30;
0216;145198149;1;0;187;1#2;30;
0216;145198150;1;0;236;1#2;30;
0216;145198151;1;0;324;1#2;30;
0216;145198152;1;0;80;1#2;30;
0216;157020138;1;0;175;1#2;30;
0216;157020139;1;0;12;1#2;30;
0216;145198155;1;0;36;1#2;30;
0216;145198156;1;0;131;1#2;30;
0216;145198157;1;0;56;1#2;30;
0216;145198158;1;0;220;1#2;30;
0216;145198159;1;0;56;1#2;30;
0216;145198160;1;0;71;1#2;30;
0216;145198161;1;0;56;1#2;30;
0216;145198162;1;0;106;1#2;30;
0216;145198163;1;0;4;1#2;30;
0216;145198164;1;0;108;1#2;30;
0216;157079995;1;0;16;1#2;30;
0216;157079996;1;0;142;1#2;30;
0216;145198166;1;0;56;1#2;30;
0216;145198167;1;0;178;1#2;30;
0216;145198168;1;0;75;1#2;30;
0216;145198169;1;0;37;1#2;30;
0216;145198170;1;0;136;1#2;30;
0216;145198171;1;0;36;1#2;30;
0216;145198172;1;0;90;1#2;30;
0216;145198173;1;0;128;1#2;30;
0216;145198174;1;0;222;1#2;30;
0216;145198175;1;0;76;1#2;30;
0216;145198176;1;0;160;1#2;30;
0216;276230353;1;0;102;1#2;30;
0216;276230354;1;0;33;1#2;30;
0216;145198178;1;0;73;1#2;30;
0216;145198179;1;0;107;1#2;30;
0216;145198180;1;0;8;1#2;30;
0216;145198181;1;0;114;1#2;30;
0216;145198182;1;0;88;1#2;30;
0216;145198183;1;0;135;1#2;30;
0216;145198184;1;0;14;1#2;30;
0216;145198185;1;0;12;1#2;30;
0216;145198186;1;0;26;1#2;30;
0216;145198187;1;0;183;1#2;30;
0216;145198188;1;0;19;1#2;30;
0216;145198189;1;0;16;1#2;30;
0216;145198190;1;0;57;1#2;30;
0216;145198191;1;0;71;1#2;30;
0216;145198192;1;0;111;1#2;30;
0216;145198193;1;0;45;1#2;30;
0216;145198194;1;0;61;1#2;30;
0216;145198195;1;0;135;1#2;30;
0216;145198196;1;0;73;1#2;30;
0216;145198197;1;0;40;1#2;30;
0216;145198198;1;0;49;1#2;30;
0216;145198199;1;0;19;1#2;30;
0216;145198200;1;0;161;1#2;30;
0216;145198201;1;0;285;1#2;30;
0216;145198202;1;0;206;1#2;30;
0216;145198203;1;0;22;1#2;30;
0216;145198204;1;0;131;1#2;30;
0216;145198205;1;0;6;1#2;30;
0216;145198206;1;0;21;1#2;30;
0216;145198207;1;0;158;1#2;30;
0216;145198208;1;0;78;1#2;30;
0216;145198209;1;0;69;1#2;30;
0216;145198210;1;0;110;1#2;30;
0216;145198211;1;0;27;1#2;30;
0216;145198212;1;0;67;1#2;30;
0216;145198213;1;0;140;1#2;30;
0216;145198214;1;0;17;1#2;30;
0216;145198215;1;0;169;1#2;30;
0216;145198216;1;0;119;1#2;50;
0216;145198217;1;0;10;1#2;30;
0216;145198218;1;0;312;1#2;30;
0216;145198219;1;0;233;1#2;30;
0216;145198220;1;0;103;1#2;30;
0216;145198221;1;0;227;1#2;30;
0216;145198222;1;0;102;1#2;30;
0216;145198223;1;0;53;1#2;30;
0216;145198224;1;0;90;1#2;30;
0216;145198225;1;0;134;1#2;30;
0216;145198226;1;0;46;1#2;30;
0216;145198227;1;0;93;1#2;30;
0216;145198228;1;0;11;1#2;30;
0216;145198229;1;0;69;1#2;30;
0216;145198231;1;0;134;1#2;30;
0216;145198232;1;0;6;1#2;30;
0216;145198233;1;0;40;1#2;30;
0216;145198234;1;0;90;1#2;30;
0216;145198235;1;0;61;1#2;30;
0216;145198236;1;0;56;1#2;30;
0216;145198238;1;0;70;1#2;30;
0216;145198239;1;0;161;1#2;30;
0216;212612077;1;0;7;1#2;30;
0216;212612078;1;0;51;1#2;30;
0216;145198241;1;0;57;1#2;30;
0216;145198242;1;0;3;1#2;30;
0216;145198243;1;0;24;1#2;30;
0216;145198244;1;0;7;1#2;30;
0216;145198245;1;0;65;1#2;30;
0216;145198246;1;0;21;1#2;30;
0216;145198247;1;0;5;1#2;30;
0216;145198248;1;0;29;1#2;30;
0216;145198249;1;0;18;1#2;30;
0216;145198250;1;0;44;1#2;30;
0216;145198251;1;0;171;1#2;30;
0216;145198252;1;0;233;1#2;30;
0216;145198253;1;0;150;1#2;30;
0216;145198254;1;0;250;1#2;30;
0216;145198255;1;0;121;1#2;30;
0216;145198256;1;0;32;1#2;30;
0216;145198257;1;0;668;1#2;30;
0216;145198260;1;0;144;1#2;30;
0216;145198261;1;0;117;1#2;30;
0216;145198262;1;0;209;1#2;30;
0216;145198263;1;0;172;1#2;30;
0216;145198264;1;0;37;1#2;30;
0216;145198265;1;0;28;1#2;30;
0216;145198266;1;0;23;1#2;30;
0216;145198267;1;0;46;1#2;30;
0216;145198268;1;0;85;1#2;30;
0216;145198269;1;0;57;1#2;30;
0216;145198270;1;0;24;1#2;30;
0216;145198271;1;0;57;1#2;30;
0216;145198272;1;0;40;1#2;30;
0216;145198273;1;0;17;1#2;30;
0216;145198274;1;0;19;1#2;30;
0216;145198275;1;0;28;1#2;30;
0216;145198276;1;0;19;1#2;30;
0216;145198277;1;0;20;1#2;30;
0216;145198278;1;0;7;1#2;30;
0216;145198279;1;0;13;1#2;30;
0216;145198280;1;0;49;1#2;30;
0216;145198281;1;0;75;1#2;30;
0216;145198282;1;0;45;1#2;30;
0216;145198283;1;0;70;1#2;30;
0216;145198284;1;0;81;1#2;30;
0216;145198286;1;0;245;1#2;30;
0216;157103407;1;0;49;1#2;30;
0216;157103408;1;0;15;1#2;30;
0216;145198291;1;0;58;1#2;30;
0216;145198292;1;0;250;1#2;30;
0216;145198293;1;0;226;1#2;30;
0216;145198294;1;0;107;1#2;30;
0216;145198295;1;0;47;1#2;30;
0216;145198296;1;0;208;1#2;30;
0216;145198297;1;0;17;1#2;30;
0216;145198298;1;0;85;1#2;30;
0216;145198299;1;0;98;1#2;30;
0216;212612079;1;0;8;1#2;30;
0216;212612080;1;0;283;1#2;30;
0216;145198303;1;0;11;1#2;30;
0216;145198304;1;0;103;1#2;30;
0216;145198305;1;0;146;1#2;30;
0216;145198306;1;0;128;1#2;30;
0216;145198307;1;0;165;1#2;30;
0216;145198308;1;0;13;1#2;30;
0216;145198309;1;0;283;1#2;30;
0216;145198310;1;0;141;1#2;30;
0216;145198311;1;0;220;1#2;30;
0216;145198312;1;0;52;1#2;30;
0216;145198313;1;0;78;1#2;30;
0216;145198314;1;0;62;1#2;30;
0216;145198315;1;0;121;1#2;30;
0216;145198316;1;0;234;1#2;30;
0216;145198317;1;0;66;1#2;30;
0216;145198318;1;0;29;1#2;30;
0216;145198319;1;0;74;1#2;30;
0216;145198320;1;0;88;1#2;30;
0216;145198321;1;0;133;1#2;30;
0216;145198322;1;0;127;1#2;30;
0216;145198323;1;0;145;1#2;30;
0216;145198324;1;0;60;1#2;30;
0216;145198325;1;0;44;1#2;30;
0216;145198326;1;0;3;1#2;30;
0216;145198327;1;0;82;1#2;30;
0216;145198328;1;0;33;1#2;30;
0216;145198329;1;0;73;1#2;30;
0216;145198330;1;0;208;1#2;30;
0216;145198331;1;0;14;1#2;30;
0216;157020140;1;0;11;1#2;30;
0216;157020141;1;0;216;1#2;30;
0216;145198333;1;0;118;1#2;30;
0216;145198334;1;0;149;1#2;30;
0216;212612081;1;0;19;1#2;30;
0216;212612082;1;0;43;1#2;30;
0216;145198336;1;0;135;1#2;30;
0216;145198337;1;0;81;1#2;30;
0216;145198338;1;0;76;1#2;30;
0216;145198339;1;0;122;1#2;30;
0216;145198340;1;0;24;1#2;30;
0216;145198341;1;0;163;1#2;30;
0216;145198342;1;0;110;1#2;30;
0216;145198343;1;0;85;1#2;30;
0216;145198344;1;0;228;1#2;30;
0216;145198345;1;0;29;1#2;30;
0216;145198346;1;0;93;1#2;30;
0216;145198347;1;0;110;1#2;30;
0216;145198348;1;0;21;1#2;30;
0216;145198349;1;0;14;1#2;30;
0216;145198350;1;0;108;1#2;30;
0216;145198351;1;0;113;1#2;30;
0216;145198352;1;0;258;1#2;30;
0216;145198353;1;0;160;1#2;30;
0216;145198354;1;0;44;1#2;30;
0216;145198355;1;0;465;1#2;30;
0216;145198356;1;0;112;1#2;30;
0216;145198357;1;0;132;1#2;30;
0216;145198358;1;0;224;1#2;30;
0216;212612083;1;0;8;1#2;30;
0216;212612084;1;0;107;1#2;30;
0216;145198360;1;0;65;1#2;30;
0216;145198361;1;0;105;1#2;30;
0216;145198362;1;0;53;1#2;30;
0216;145198363;1;0;4;1#2;30;
0216;145198364;1;0;186;1#2;30;
0216;145198365;1;0;77;1#2;30;
0216;145198366;1;0;71;1#2;30;
0216;145198367;1;0;64;1#2;30;
0216;212612085;1;0;69;1#2;30;
0216;212612086;1;0;142;1#2;30;
0216;145198369;1;0;20;1#2;30;
0216;157103409;1;0;40;1#2;30;
0216;145198371;1;0;161;1#2;30;
0216;145198372;1;0;74;1#2;30;
0216;145198373;1;0;198;1#2;30;
0216;145198374;1;0;35;1#2;30;
0216;145198375;1;0;217;1#2;30;
0216;212612087;1;0;152;1#2;30;
0216;212612088;1;0;3;1#2;30;
0216;212612089;1;0;138;1#2;30;
0216;145198377;1;0;52;1#2;30;
0216;145198378;1;0;10;1#2;30;
0216;145198379;1;0;73;1#2;30;
0216;145198380;1;0;94;1#2;30;
0216;145198381;1;0;336;1#2;30;
0216;145198382;1;0;11;1#2;30;
0216;145198383;1;0;32;1#2;30;
0216;145198384;1;0;74;1#2;30;
0216;212612090;1;0;75;1#2;30;
0216;145198387;1;0;60;1#2;30;
0216;145198388;1;0;169;1#2;30;
0216;145198389;1;0;50;1#2;30;
0216;157079997;1;0;9;1#2;30;
0216;157079998;1;0;11;1#2;30;
0216;145198391;1;0;93;1#2;30;
0216;145198392;1;0;80;1#2;30;
0216;145198393;1;0;255;1#2;30;
0216;145198394;1;0;40;1#2;30;
0216;145198395;1;0;285;1#2;30;
0216;145198396;1;0;104;1#2;30;
0216;145198397;1;0;275;1#2;30;
0216;145198398;1;0;391;1#2;30;
0216;145198399;1;0;106;1#2;30;
0216;145198400;1;0;111;1#2;30;
0216;145198401;1;0;45;1#2;30;
0216;145198402;1;0;651;1#2;30;
0216;145198403;1;0;240;1#2;30;
0216;145198404;1;0;50;1#2;30;
0216;145198405;1;0;214;1#2;30;
0216;145198406;1;0;75;1#2;30;
0216;145198407;1;0;161;1#2;30;
0216;145198408;1;0;103;1#2;30;
0216;145198409;1;0;59;1#2;30;
0216;145198410;1;0;114;1#2;30;
0216;145198411;1;0;9;1#2;30;
0216;145198412;1;0;26;1#2;30;
0216;145198413;1;0;114;1#2;30;
0216;145198414;1;0;106;1#2;30;
0216;145198415;1;0;40;1#2;30;
0216;145198416;1;0;10;1#2;30;
0216;145198417;1;0;172;1#2;30;
0216;145198418;1;0;292;1#2;30;
0216;145198419;1;0;670;1#2;30;
0216;145198420;1;0;101;1#2;30;
0216;145198421;1;0;70;1#2;30;
0216;145198422;1;0;122;1#2;30;
0216;212612091;1;0;9;1#2;30;
0216;212612092;1;0;43;1#2;30;
0216;145198424;1;0;78;1#2;30;
0216;145198425;1;0;127;1#2;30;
0216;145198426;1;0;48;1#2;30;
0216;145198427;1;0;82;1#2;30;
0216;145198428;1;0;136;1#2;30;
0216;145198429;1;0;365;1#2;30;
0216;145198430;1;0;58;1#2;30;
0216;145198431;1;0;52;1#2;30;
0216;145198432;1;0;38;1#2;30;
0216;145198433;1;0;83;1#2;30;
0216;145198435;1;0;102;1#2;30;
0216;145198436;1;0;72;1#2;30;
0216;145198437;1;0;112;1#2;30;
0216;145198438;1;0;307;1#2;30;
0216;145198439;1;0;350;1#2;30;
0216;145198440;1;0;242;1#2;30;
0216;145198441;1;0;123;1#2;30;
0216;145198442;1;0;228;1#2;30;
0216;157079999;1;0;9;1#2;30;
0216;157080000;1;0;69;1#2;30;
0216;212612093;1;0;290;1#2;30;
0216;145198446;1;0;85;1#2;30;
0216;145198447;1;0;149;1#2;30;
0216;145198448;1;0;52;1#2;30;
0216;145198449;1;0;157;1#2;30;
0216;145198450;1;0;147;1#2;30;
0216;145198451;1;0;180;1#2;30;
0216;145198452;1;0;201;1#2;30;
0216;157020142;1;0;9;1#2;30;
0216;157020143;1;0;83;1#2;30;
0216;145198454;1;0;38;1#2;30;
0216;145198455;1;0;209;1#2;30;
0216;145198456;1;0;66;1#2;30;
0216;145198457;1;0;147;1#2;30;
0216;145198458;1;0;142;1#2;30;
0216;157020144;1;0;6;1#2;30;
0216;157020145;1;0;140;1#2;30;
0216;145198460;1;0;134;1#2;30;
0216;145198461;1;0;161;1#2;30;
0216;145198462;1;0;151;1#2;30;
0216;145198463;1;0;93;1#2;30;
0216;145198464;1;0;163;1#2;30;
0216;145198465;1;0;43;1#2;30;
0216;276230355;1;0;144;1#2;30;
0216;276230356;1;0;54;1#2;30;
0216;145198468;1;0;124;1#2;30;
0216;212612094;1;0;9;1#2;30;
0216;212612095;1;0;101;1#2;30;
0216;145198470;1;0;97;1#2;30;
0216;145198472;1;0;122;1#2;30;
0216;145198473;1;0;178;1#2;30;
0216;145198474;1;0;148;1#2;30;
0216;157103410;1;0;97;1#2;30;
0216;145198476;1;0;12;1#2;30;
0216;145198477;1;0;49;1#2;30;
0216;145198478;1;0;25;1#2;30;
0216;145198479;1;0;28;1#2;30;
0216;145198480;1;0;30;1#2;30;
0216;145198481;1;0;55;1#2;30;
0216;145198482;1;0;58;1#2;30;
0216;145198483;1;0;5;1#2;30;
0216;145198484;1;0;110;1#2;30;
0216;157080001;1;0;11;1#2;30;
0216;157080002;1;0;5;1#2;30;
0216;145198486;1;0;25;1#2;30;
0216;145198487;1;0;85;1#2;30;
0216;145198488;1;0;46;1#2;30;
0216;145198489;1;0;32;1#2;30;
0216;145198490;1;0;250;1#2;30;
0216;145198491;1;0;74;1#2;30;
0216;145198492;1;0;108;1#2;30;
0216;145198493;1;0;25;1#2;30;
0216;145198494;1;0;151;1#2;30;
0216;145198495;1;0;72;1#2;30;
0216;145198496;1;0;311;1#2;30;
0216;145198497;1;0;246;1#2;30;
0216;145198498;1;0;105;1#2;30;
0216;145198499;1;0;198;1#2;30;
0216;145198500;1;0;91;1#2;30;
0216;145198501;1;0;163;1#2;30;
0216;145198504;1;0;479;1#2;30;
0216;145198505;1;0;111;1#2;30;
0216;145198506;1;0;111;1#2;30;
0216;145198507;1;0;45;1#2;30;
0216;145198508;1;0;11;1#2;30;
0216;145198509;1;0;42;1#2;30;
0216;145198510;1;0;84;1#2;30;
0216;145198511;1;0;61;1#2;30;
0216;145198512;1;0;87;1#2;30;
0216;145198513;1;0;84;1#2;30;
0216;145198514;1;0;195;1#2;30;
0216;145198515;1;0;157;1#2;30;
0216;145198516;1;0;124;1#2;30;
0216;145198517;1;0;233;1#2;30;
0216;145198518;1;0;24;1#2;30;
0216;145198519;1;0;119;1#2;30;
0216;145198520;1;0;24;1#2;30;
0216;145198521;1;0;169;1#2;30;
0216;145198522;1;0;118;1#2;30;
0216;145198523;1;0;93;1#2;30;
0216;145198524;1;0;191;1#2;30;
0216;157020146;1;0;8;1#2;30;
0216;157020147;1;0;7;1#2;30;
0216;145198526;1;0;229;1#2;30;
0216;145198527;1;0;189;1#2;30;
0216;145198528;1;0;116;1#2;30;
0216;145198529;1;0;146;1#2;30;
0216;157080003;1;0;7;1#2;30;
0216;157080004;1;0;30;1#2;30;
0216;145198531;1;0;143;1#2;30;
0216;145198532;1;0;180;1#2;30;
0216;145198533;1;0;71;1#2;30;
0216;145198534;1;0;207;1#2;30;
0216;145198535;1;0;2;1#2;30;
0216;145198536;1;0;232;1#2;30;
0216;145198537;1;0;21;1#2;30;
0216;145198538;1;0;36;1#2;30;
0216;145198539;1;0;156;1#2;30;
0216;145198540;1;0;174;1#2;30;
0216;157103411;1;0;121;1#2;30;
0216;157103412;1;0;31;1#2;30;
0216;212612097;1;0;9;1#2;30;
0216;276230357;1;0;73;1#2;30;
0216;276230358;1;0;26;1#2;30;
0216;212612099;1;0;26;1#2;30;
0216;145198543;1;0;60;1#2;30;
0216;145198544;1;0;54;1#2;30;
0216;145198545;1;0;40;1#2;30;
0216;145198546;1;0;75;1#2;30;
0216;145198547;1;0;98;1#2;30;
0216;145198548;1;0;68;1#2;30;
0216;145198549;1;0;24;1#2;30;
0216;145198550;1;0;52;1#2;30;
0216;145198551;1;0;129;1#2;30;
0216;145198552;1;0;191;1#2;50;
0216;145198553;1;0;55;1#2;30;
0216;145198554;1;0;202;1#2;30;
0216;145198555;1;0;56;1#2;30;
0216;145198556;1;0;15;1#2;30;
0216;145198557;1;0;93;1#2;30;
0216;145198558;1;0;71;1#2;30;
0216;145198559;1;0;86;1#2;30;
0216;145198560;1;0;417;1#2;30;
0216;145198561;1;0;179;1#2;30;
0216;212612100;1;0;98;1#2;30;
0216;212612101;1;0;91;1#2;30;
0216;145198563;1;0;65;1#2;30;
0216;145198564;1;0;70;1#2;30;
0216;145198565;1;0;11;1#2;30;
0216;145198566;1;0;120;1#2;30;
0216;145198567;1;0;177;1#2;30;
0216;145198568;1;0;247;1#2;30;
0216;157080005;1;0;9;1#2;30;
0216;157080006;1;0;49;1#2;30;
0216;145198570;1;0;142;1#2;30;
0216;145198571;1;0;52;1#2;30;
0216;145198572;1;0;296;1#2;30;
0216;145198573;1;0;85;1#2;30;
0216;145198574;1;0;168;1#2;30;
0216;145198575;1;0;81;1#2;30;
0216;145198576;1;0;88;1#2;30;
0216;145198577;1;0;62;1#2;30;
0216;145198578;1;0;60;1#2;30;
0216;145198579;1;0;80;1#2;30;
0216;145198580;1;0;42;1#2;30;
0216;145198581;1;0;118;1#2;30;
0216;145198582;1;0;92;1;30;
0216;145198583;1;0;33;1#2;30;
0216;145198584;1;0;105;1#2;30;
0216;145198585;1;0;181;1#2;30;
0216;145198586;1;0;39;1#2;30;
0216;145198587;1;0;224;1#2;30;
0216;145198588;1;0;66;1#2;30;
0216;145198589;1;0;62;1#2;30;
0216;145198590;1;0;10;1#2;30;
0216;145198591;1;0;31;1#2;30;
0216;145198592;1;0;67;1#2;30;
0216;145198593;1;0;191;1#2;30;
0216;145198596;1;0;3;1#2;30;
0216;145198597;1;0;117;1#2;30;
0216;145198598;1;0;52;1#2;30;
0216;145198599;1;0;24;1#2;30;
0216;145198600;1;0;103;1#2;30;
0216;145198601;1;0;74;1#2;30;
0216;145198602;1;0;52;1#2;30;
0216;145198603;1;0;76;1#2;30;
0216;145198604;1;0;52;1#2;30;
0216;145198605;1;0;102;1#2;30;
0216;145198606;1;0;83;1#2;30;
0216;145198607;1;0;34;1#2;30;
0216;157080007;1;0;9;1#2;30;
0216;157080008;1;0;625;1#2;30;
0216;145198609;1;0;69;1#2;30;
0216;145198610;1;0;30;1#2;30;
0216;145198611;1;0;60;1#2;30;
0216;145198612;1;0;243;1#2;30;
0216;145198613;1;0;46;1#2;30;
0216;145198614;1;0;62;1#2;30;
0216;145198615;1;0;23;1#2;30;
0216;145198616;1;0;24;1#2;30;
0216;145198617;1;0;21;1#2;30;
0216;145198618;1;0;797;1#2;30;
0216;145198619;1;0;36;1#2;30;
0216;145198621;1;0;194;1#2;30;
0216;145198622;1;0;79;1#2;30;
0216;145198623;1;0;60;1#2;30;
0216;145198624;1;0;327;1#2;30;
0216;145198625;1;0;49;1#2;30;
0216;145198626;1;0;241;1#2;30;
0216;145198627;1;0;385;1#2;30;
0216;145198628;1;0;188;1#2;30;
0216;145198629;1;0;84;1#2;30;
0216;145198630;1;0;168;1#2;30;
0216;145198631;1;0;81;1;30;
0216;145198632;1;0;17;1#2;30;
0216;212612102;1;0;31;1#2;30;
0216;145198634;1;0;115;1#2;30;
0216;145198635;1;0;62;1#2;30;
0216;145198636;1;0;31;1#2;30;
0216;145198637;1;0;79;1#2;30;
0216;145198638;1;0;89;1#2;30;
0216;145198639;1;0;197;1#2;30;
0216;145198640;1;0;194;1#2;30;
0216;276230359;1;0;153;1#2;30;
0216;276230360;1;0;67;1#2;30;
0216;145198643;1;0;48;1#2;30;
0216;212612103;1;0;16;1#2;30;
0216;145198645;1;0;552;1#2;30;
0216;145198646;1;0;79;1#2;30;
0216;145198647;1;0;179;1#2;30;
0216;145198648;1;0;77;1#2;30;
0216;145198649;1;0;60;1#2;30;
0216;145198650;1;0;55;1#2;30;
0216;145198651;1;0;52;1#2;30;
0216;145198652;1;0;40;1#2;30;
0216;145198653;1;0;183;1#2;30;
0216;145198654;1;0;125;1#2;30;
0216;145198655;1;0;18;1#2;30;
0216;145198656;1;0;20;1#2;30;
0216;145198657;1;0;53;1#2;30;
0216;145198658;1;0;203;1#2;30;
0216;145198659;1;0;135;1#2;30;
0216;145198660;1;0;298;1#2;30;
0216;145198661;1;0;95;1#2;30;
0216;145198662;1;0;96;1#2;30;
0216;145198663;1;0;90;1#2;30;
0216;145198664;1;0;43;1#2;30;
0216;145198665;1;0;327;1#2;30;
0216;145198666;1;0;161;1#2;30;
0216;145198667;1;0;156;1#2;30;
0216;145198668;1;0;737;1#2;30;
0216;145198669;1;0;251;1#2;30;
0216;145198670;1;0;58;1#2;30;
0216;145198671;1;0;48;1#2;30;
0216;145198674;1;0;262;1#2;30;
0216;145198675;1;0;96;1#2;30;
0216;145198676;1;0;86;1#2;30;
0216;145198677;1;0;206;1#2;30;
0216;145198678;1;0;236;1#2;30;
0216;145198679;1;0;82;1#2;30;
0216;145198680;1;0;218;1#2;30;
0216;145198681;1;0;80;1#2;30;
0216;145198682;1;0;61;1#2;30;
0216;145198683;1;0;28;1#2;30;
0216;145198684;1;0;568;1#2;30;
0216;145198685;1;0;370;1#2;30;
0216;145198686;1;0;150;1#2;30;
0216;145198687;1;0;81;1#2;30;
0216;145198688;1;0;404;1#2;30;
0216;145198689;1;0;76;1#2;30;
0216;145198690;1;0;20;1#2;30;
0216;145198691;1;0;30;1#2;30;
0216;145198692;1;0;104;1#2;30;
0216;145198693;1;0;3;1#2;30;
0216;145198694;1;0;143;1#2;30;
0216;145198695;1;0;619;1#2;30;
0216;145198696;1;0;101;1#2;30;
0216;145198697;1;0;313;1#2;30;
0216;145198698;1;0;97;1#2;30;
0216;145198699;1;0;80;1#2;30;
0216;145198700;1;0;136;1#2;30;
0216;157080009;1;0;7;1#2;30;
0216;157080010;1;0;62;1#2;30;
0216;145198702;1;0;22;1#2;30;
0216;145198703;1;0;48;1#2;30;
0216;145198704;1;0;181;1#2;30;
0216;145198705;1;0;166;1#2;30;
0216;212612104;1;0;214;1#2;30;
0216;212612105;1;0;7;1#2;30;
0216;145198707;1;0;31;1#2;30;
0216;145198708;1;0;201;1#2;30;
0216;145198709;1;0;214;1#2;30;
0216;145198710;1;0;13;1#2;30;
0216;145198711;1;0;63;1#2;30;
0216;145198712;1;0;140;1#2;30;
0216;145198713;1;0;56;1#2;30;
0216;145198714;1;0;18;1#2;30;
0216;145198715;1;0;55;1#2;30;
0216;157103413;1;0;3;1#2;30;
0216;157103414;1;0;326;1#2;30;
0216;157103414;2;135;326;1#2;30;
0216;145198718;1;0;287;1#2;30;
0216;145198719;1;0;259;1#2;30;
0216;145198720;1;0;68;1#2;30;
0216;145198721;1;0;81;1#2;30;
0216;145198722;1;0;46;1#2;30;
0216;145198723;1;0;132;1#2;30;
0216;145198724;1;0;40;1#2;30;
0216;145198725;1;0;39;1#2;30;
0216;145198726;1;0;4;1#2;30;
0216;145198727;1;0;167;1#2;30;
0216;145198728;1;0;56;1#2;30;
0216;145198729;1;0;174;1#2;30;
0216;145198730;1;0;54;1#2;30;
0216;145198731;1;0;182;1#2;30;
0216;145198732;1;0;57;1#2;30;
0216;145198733;1;0;4;1#2;30;
0216;145198734;1;0;65;1#2;30;
0216;145198735;1;0;78;1#2;30;
0216;145198736;1;0;78;1#2;30;
0216;145198737;1;0;17;1#2;30;
0216;145198738;1;0;9;1#2;30;
0216;145198739;1;0;70;1#2;30;
0216;145198740;1;0;51;1#2;30;
0216;145198741;1;0;48;1#2;30;
0216;145198742;1;0;104;1#2;30;
0216;145198743;1;0;163;1#2;30;
0216;145198744;1;0;21;1#2;30;
0216;145198745;1;0;39;1#2;30;
0216;145198746;1;0;45;1#2;30;
0216;212612106;1;0;9;1#2;30;
0216;212612107;1;0;308;1#2;30;
0216;145198748;1;0;44;1#2;30;
0216;145198749;1;0;163;1#2;30;
0216;145198750;1;0;43;1#2;30;
0216;145198751;1;0;358;1#2;30;
0216;145198752;1;0;300;1#2;30;
0216;145198753;1;0;28;1#2;30;
0216;145198754;1;0;147;1#2;30;
0216;145198755;1;0;242;1#2;30;
0216;145198756;1;0;23;1#2;30;
0216;145198757;1;0;166;1#2;30;
0216;145198758;1;0;332;1;30;
0216;145198759;1;0;101;1#2;30;
0216;145198760;1;0;161;1#2;30;
0216;145198761;1;0;450;1#2;30;
0216;145198762;1;0;242;1#2;30;
0216;145198763;1;0;174;1#2;30;
0216;145198764;1;0;126;1#2;30;
0216;145198765;1;0;162;1#2;30;
0216;145198766;1;0;35;1#2;30;
0216;145198767;1;0;173;1#2;30;
0216;145198768;1;0;14;1#2;30;
0216;145198769;1;0;306;1#2;30;
0216;145198770;1;0;133;1#2;30;
0216;145198771;1;0;10;1#2;30;
0216;145198772;1;0;26;1#2;30;
0216;145198773;1;0;25;1#2;30;
0216;145198774;1;0;23;1#2;30;
0216;145198775;1;0;345;1#2;30;
0216;145198776;1;0;71;1#2;30;
0216;145198777;1;0;60;1#2;30;
0216;145198778;1;0;13;1#2;30;
0216;145198779;1;0;81;1#2;30;
0216;145198780;1;0;165;1#2;30;
0216;145198781;1;0;119;1#2;30;
0216;145198782;1;0;70;1#2;30;
0216;145198783;1;0;48;1#2;30;
0216;145198784;1;0;48;1#2;30;
0216;145198785;1;0;52;1#2;30;
0216;145198786;1;0;125;1#2;30;
0216;145198787;1;0;131;1#2;30;
0216;145198788;1;0;84;1#2;30;
0216;145198789;1;0;144;1#2;30;
0216;145198790;1;0;40;1#2;30;
0216;145198791;1;0;42;1#2;30;
0216;145198792;1;0;150;1#2;30;
0216;145198793;1;0;126;1#2;30;
0216;145198794;1;0;94;1#2;30;
0216;145198795;1;0;146;1#2;30;
0216;145198796;1;0;39;1#2;30;
0216;145198797;1;0;105;1#2;30;
0216;145198798;1;0;135;1#2;30;
0216;145198799;1;0;29;1#2;30;
0216;157020148;1;0;8;1#2;30;
0216;157020149;1;0;54;1#2;30;
0216;157080011;1;0;8;1#2;30;
0216;157080012;1;0;43;1#2;30;
0216;145198802;1;0;33;1#2;30;
0216;157080013;1;0;8;1#2;30;
0216;157080014;1;0;42;1#2;30;
0216;145198804;1;0;37;1#2;30;
0216;157080015;1;0;11;1#2;30;
0216;157080016;1;0;53;1#2;30;
0216;157080017;1;0;8;1#2;30;
0216;157080018;1;0;47;1#2;30;
0216;145198807;1;0;25;1#2;30;
0216;145198808;1;0;29;1#2;30;
0216;145198809;1;0;93;1#2;30;
0216;145198810;1;0;51;1#2;30;
0216;145198811;1;0;58;1#2;30;
0216;145198812;1;0;10;1#2;30;
0216;145198813;1;0;21;1#2;30;
0216;145198814;1;0;9;1#2;30;
0216;145198815;1;0;35;1#2;30;
0216;145198816;1;0;14;1#2;30;
0216;145198817;1;0;9;1#2;30;
0216;145198818;1;0;13;1#2;30;
0216;157087537;1;0;2;1#2;30;
0216;157087538;1;0;5;1#2;30;
0216;145198820;1;0;20;1#2;30;
0216;145198821;1;0;30;1#2;30;
0216;145198822;1;0;22;1#2;30;
0216;145198823;1;0;19;1#2;30;
0216;145198824;1;0;18;1#2;30;
0216;145198825;1;0;30;1#2;30;
0216;145198826;1;0;21;1#2;30;
0216;145198827;1;0;14;1#2;30;
0216;145198828;1;0;13;1#2;30;
0216;145198829;1;0;30;1#2;30;
0216;145198830;1;0;31;1#2;30;
0216;145198831;1;0;25;1#2;30;
0216;145198832;1;0;99;1#2;30;
0216;145198833;1;0;110;1#2;30;
0216;145198834;1;0;119;1#2;30;
0216;145198835;1;0;205;1#2;30;
0216;145198836;1;0;356;1#2;30;
0216;145198837;1;0;72;1#2;30;
0216;145198838;1;0;38;1#2;30;
0216;145198839;1;0;117;1#2;30;
0216;145198840;1;0;42;1#2;30;
0216;145198841;1;0;132;1#2;30;
0216;145198842;1;0;33;1#2;30;
0216;145198843;1;0;36;1#2;30;
0216;145198844;1;0;81;1#2;30;
0216;145198845;1;0;20;1#2;30;
0216;145198846;1;0;16;1#2;30;
0216;145198847;1;0;173;1#2;30;
0216;145198848;1;0;45;1#2;30;
0216;145198849;1;0;21;1#2;30;
0216;145198850;1;0;23;1#2;30;
0216;145198851;1;0;48;1#2;30;
0216;145198852;1;0;17;1#2;30;
0216;145198853;1;0;39;1#2;30;
0216;145198854;1;0;152;1#2;30;
0216;145198855;1;0;28;1#2;30;
0216;145198856;1;0;54;1#2;30;
0216;145198857;1;0;67;1#2;30;
0216;145198858;1;0;160;1#2;30;
0216;145198859;1;0;44;1#2;30;
0216;145198860;1;0;77;1#2;30;
0216;145198861;1;0;29;1#2;30;
0216;145198862;1;0;20;1#2;30;
0216;145198863;1;0;17;1#2;30;
0216;145198864;1;0;10;1#2;30;
0216;145198865;1;0;118;1#2;30;
0216;145198867;1;0;13;1#2;30;
0216;145198868;1;0;18;1#2;30;
0216;145198869;1;0;69;1#2;30;
0216;145198870;1;0;53;1#2;30;
0216;145198871;1;0;146;1#2;30;
0216;145198872;1;0;19;1#2;30;
0216;145198873;1;0;45;1#2;30;
0216;145198874;1;0;14;1#2;30;
0216;145198875;1;0;17;1#2;30;
0216;145198876;1;0;81;1#2;30;
0216;145198877;1;0;176;1#2;30;
0216;145198878;1;0;72;1#2;30;
0216;145198879;1;0;93;1#2;30;
0216;145198880;1;0;77;1#2;30;
0216;145198881;1;0;28;1#2;30;
0216;145198882;1;0;75;1#2;30;
0216;145198883;1;0;79;1#2;30;
0216;145198884;1;0;18;1#2;30;
0216;212612108;1;0;10;1#2;30;
0216;276230361;1;0;30;1#2;30;
0216;145198886;1;0;60;1#2;30;
0216;145198887;1;0;154;1#2;30;
0216;145198888;1;0;102;1#2;30;
0216;145198889;1;0;68;1#2;30;
0216;145198890;1;0;139;1#2;30;
0216;145198891;1;0;135;1#2;30;
0216;145198892;1;0;108;1#2;30;
0216;145198893;1;0;75;1#2;30;
0216;145198894;1;0;115;1#2;30;
0216;145198895;1;0;76;1#2;30;
0216;145198896;1;0;75;1#2;30;
0216;145198897;1;0;24;1#2;30;
0216;145198898;1;0;41;1#2;30;
0216;145198899;1;0;20;1#2;30;
0216;145198900;1;0;62;1#2;30;
0216;145198901;1;0;62;1#2;30;
0216;145198902;1;0;43;1#2;30;
0216;212612110;1;0;8;1#2;30;
0216;212612111;1;0;14;1#2;30;
0216;145198904;1;0;32;1#2;30;
0216;145198905;1;0;8;1#2;30;
0216;145198906;1;0;36;1#2;30;
0216;145198907;1;0;41;1#2;30;
0216;145198908;1;0;30;1#2;30;
0216;145198909;1;0;24;1#2;30;
0216;145198910;1;0;26;1#2;30;
0216;145198911;1;0;22;1#2;30;
0216;145198912;1;0;44;1#2;30;
0216;145198913;1;0;37;1#2;30;
0216;145198914;1;0;44;1#2;30;
0216;145198915;1;0;28;1#2;30;
0216;145198916;1;0;36;1#2;30;
0216;145198917;1;0;30;1#2;30;
0216;145198918;1;0;15;1#2;30;
0216;212612112;1;0;11;1#2;30;
0216;212612113;1;0;49;1#2;30;
0216;145198920;1;0;46;1#2;30;
0216;145198921;1;0;41;1#2;30;
0216;145198922;1;0;17;1#2;30;
0216;145198923;1;0;34;1#2;30;
0216;157080019;1;0;8;1#2;30;
0216;157080020;1;0;36;1#2;30;
0216;157080021;1;0;9;1#2;30;
0216;157080022;1;0;26;1#2;30;
0216;145198926;1;0;28;1#2;30;
0216;145198927;1;0;31;1#2;30;
0216;145198928;1;0;36;1#2;30;
0216;145198929;1;0;30;1#2;30;
0216;145198930;1;0;54;1#2;30;
0216;145198932;1;0;25;1#2;30;
0216;145198933;1;0;45;1#2;30;
0216;145198934;1;0;34;1#2;30;
0216;145198935;1;0;32;1#2;30;
0216;145198936;1;0;21;1#2;30;
0216;145198937;1;0;24;1#2;30;
0216;145198938;1;0;33;1#2;30;
0216;145198939;1;0;33;1#2;30;
0216;145198940;1;0;18;1#2;30;
0216;145198941;1;0;29;1#2;30;
0216;145198942;1;0;23;1#2;30;
0216;145198943;1;0;27;1#2;30;
0216;145198944;1;0;17;1#2;30;
0216;145198945;1;0;34;1#2;30;
0216;145198946;1;0;24;1#2;30;
0216;145198947;1;0;22;1#2;30;
0216;145198948;1;0;35;1#2;30;
0216;145198949;1;0;27;1#2;30;
0216;145198950;1;0;29;1#2;30;
0216;145198951;1;0;28;1#2;30;
0216;145198952;1;0;17;1#2;30;
0216;145198953;1;0;34;1#2;30;
0216;145198954;1;0;55;1#2;30;
0216;145198955;1;0;27;1#2;30;
0216;145198956;1;0;28;1#2;30;
0216;145198957;1;0;20;1#2;30;
0216;145198958;1;0;25;1#2;30;
0216;145198959;1;0;24;1#2;30;
0216;145198960;1;0;32;1#2;30;
0216;145198961;1;0;21;1#2;30;
0216;145198962;1;0;48;1#2;30;
0216;145198963;1;0;24;1#2;30;
0216;145198964;1;0;45;1#2;30;
0216;145198965;1;0;39;1#2;30;
0216;145198966;1;0;64;1#2;30;
0216;145198967;1;0;52;1#2;30;
0216;145198968;1;0;18;1#2;30;
0216;145198969;1;0;33;1#2;30;
0216;145198970;1;0;26;1#2;30;
0216;145198971;1;0;33;1#2;30;
0216;145198972;1;0;24;1#2;30;
0216;145198973;1;0;23;1#2;30;
0216;145198974;1;0;39;1#2;30;
0216;145198975;1;0;46;1#2;30;
0216;145198976;1;0;87;1#2;30;
0216;145198977;1;0;70;1#2;30;
0216;145198978;1;0;48;1#2;30;
0216;145198979;1;0;104;1#2;30;
0216;145198980;1;0;38;1#2;30;
0216;145198981;1;0;76;1#2;30;
0216;145198982;1;0;60;1#2;30;
0216;145198983;1;0;140;1#2;30;
0216;145198984;1;0;52;1#2;30;
0216;145198985;1;0;69;1#2;30;
0216;145198986;1;0;84;1#2;30;
0216;145198987;1;0;54;1#2;30;
0216;145198988;1;0;36;1#2;30;
0216;145198989;1;0;42;1#2;30;
0216;145198990;1;0;20;1#2;30;
0216;145198991;1;0;49;1#2;30;
0216;145198992;1;0;51;1#2;30;
0216;145198993;1;0;47;1#2;30;
0216;145198994;1;0;49;1#2;30;
0216;145198995;1;0;30;1#2;30;
0216;145198996;1;0;38;1#2;30;
0216;145198997;1;0;58;1#2;30;
0216;145198998;1;0;39;1#2;30;
0216;145198999;1;0;54;1#2;30;
0216;145199000;1;0;64;1#2;30;
0216;145199001;1;0;42;1#2;30;
0216;212612114;1;0;9;1#2;30;
0216;212612115;1;0;53;1#2;30;
0216;212612116;1;0;10;1#2;30;
0216;145199003;1;0;31;1#2;30;
0216;145199004;1;0;32;1#2;30;
0216;145199005;1;0;131;1#2;30;
0216;145199006;1;0;41;1#2;30;
0216;145199007;1;0;132;1#2;30;
0216;145199008;1;0;107;1#2;30;
0216;145199009;1;0;47;1#2;30;
0216;145199010;1;0;143;1#2;30;
0216;145199011;1;0;193;1#2;30;
0216;145199012;1;0;302;1#2;30;
0216;145199013;1;0;110;1#2;30;
0216;145199014;1;0;60;1#2;30;
0216;145199015;1;0;211;1#2;30;
0216;145199016;1;0;46;1#2;30;
0216;145199017;1;0;15;1#2;30;
0216;145199018;1;0;34;1#2;30;
0216;145199019;1;0;13;1#2;30;
0216;145199020;1;0;63;1#2;30;
0216;145199021;1;0;79;1#2;30;
0216;145199022;1;0;77;1#2;30;
0216;157020150;1;0;8;1#2;30;
0216;157020151;1;0;70;1#2;30;
0216;145199024;1;0;91;1#2;30;
0216;145199025;1;0;54;1#2;30;
0216;145199026;1;0;69;1#2;30;
0216;212612117;1;0;59;1#2;30;
0216;145199028;1;0;40;1#2;30;
0216;145199029;1;0;124;1#2;30;
0216;145199030;1;0;52;1#2;30;
0216;145199031;1;0;49;1#2;30;
0216;145199032;1;0;74;1#2;30;
0216;145199033;1;0;58;1#2;30;
0216;145199034;1;0;87;1#2;30;
0216;145199035;1;0;63;1#2;30;
0216;145199036;1;0;145;1#2;30;
0216;145199037;1;0;58;1#2;30;
0216;145199038;1;0;86;1#2;30;
0216;145199039;1;0;99;1#2;30;
0216;145199040;1;0;76;1#2;30;
0216;145199041;1;0;57;1#2;30;
0216;145199042;1;0;116;1#2;30;
0216;157103415;1;0;75;1#2;30;
0216;145199044;1;0;91;1#2;30;
0216;145199045;1;0;138;1#2;30;
0216;145199046;1;0;159;1#2;30;
0216;145199047;1;0;152;1#2;30;
0216;145199048;1;0;66;1#2;30;
0216;145199049;1;0;58;1#2;30;
0216;145199050;1;0;91;1#2;30;
0216;145199051;1;0;183;1#2;30;
0216;145199052;1;0;174;1#2;30;
0216;145199053;1;0;67;1#2;30;
0216;145199054;1;0;120;1#2;30;
0216;145199055;1;0;56;1#2;30;
0216;145199056;1;0;149;1#2;30;
0216;145199057;1;0;118;1#2;30;
0216;145199058;1;0;9;1#2;30;
0216;145199059;1;0;44;1#2;30;
0216;145199060;1;0;53;1#2;30;
0216;145199061;1;0;159;1#2;30;
0216;145199062;1;0;16;1#2;30;
0216;145199063;1;0;27;1#2;30;
0216;145199064;1;0;285;1#2;30;
0216;145199065;1;0;16;1#2;30;
0216;145199066;1;0;50;1#2;30;
0216;157080023;1;0;8;1#2;30;
0216;157080024;1;0;67;1#2;30;
0216;157080025;1;0;9;1#2;30;
0216;157080026;1;0;44;1#2;30;
0216;145199069;1;0;66;1#2;30;
0216;145199070;1;0;100;1#2;30;
0216;145199071;1;0;53;1#2;30;
0216;145199072;1;0;116;1#2;30;
0216;145199073;1;0;95;1#2;30;
0216;145199074;1;0;97;1#2;30;
0216;145199075;1;0;52;1#2;30;
0216;145199076;1;0;71;1#2;30;
0216;145199077;1;0;47;1#2;30;
0216;145199078;1;0;28;1#2;30;
0216;145199079;1;0;26;1#2;30;
0216;145199080;1;0;66;1#2;30;
0216;145199081;1;0;54;1#2;30;
0216;145199082;1;0;52;1#2;30;
0216;145199083;1;0;123;1#2;30;
0216;145199084;1;0;109;1#2;30;
0216;145199085;1;0;180;1#2;30;
0216;145199086;1;0;27;1#2;30;
0216;145199087;1;0;59;1#2;30;
0216;145199088;1;0;46;1#2;30;
0216;145199089;1;0;213;1#2;30;
0216;145199090;1;0;91;1#2;30;
0216;145199091;1;0;92;1#2;30;
0216;145199092;1;0;155;1#2;30;
0216;145199093;1;0;56;1#2;30;
0216;145199094;1;0;197;1#2;30;
0216;145199095;1;0;24;1#2;30;
0216;145199096;1;0;271;1#2;30;
0216;145199097;1;0;76;1#2;30;
0216;145199098;1;0;121;1#2;30;
0216;145199099;1;0;57;1#2;30;
0216;145199100;1;0;61;1#2;30;
0216;145199101;1;0;86;1#2;30;
0216;145199102;1;0;80;1#2;30;
0216;145199103;1;0;57;1#2;30;
0216;145199104;1;0;135;1#2;30;
0216;145199105;1;0;116;1#2;30;
0216;145199106;1;0;66;1#2;30;
0216;145199107;1;0;57;1#2;30;
0216;145199108;1;0;157;1#2;30;
0216;145199109;1;0;63;1#2;30;
0216;145199110;1;0;59;1#2;30;
0216;145199111;1;0;86;1#2;30;
0216;145199112;1;0;145;1#2;30;
0216;145199113;1;0;237;1#2;30;
0216;145199114;1;0;65;1#2;30;
0216;145199115;1;0;18;1#2;30;
0216;145199116;1;0;209;1#2;30;
0216;145199117;1;0;238;1#2;30;
0216;145199118;1;0;75;1#2;30;
0216;145199119;1;0;323;1#2;30;
0216;145199120;1;0;20;1#2;30;
0216;145199121;1;0;75;1#2;30;
0216;145199122;1;0;49;1#2;30;
0216;145199123;1;0;49;1#2;30;
0216;145199124;1;0;20;1#2;30;
0216;145199125;1;0;65;1#2;30;
0216;145199126;1;0;61;1#2;30;
0216;145199127;1;0;78;1#2;30;
0216;145199128;1;0;48;1#2;30;
0216;145199129;1;0;47;1#2;30;
0216;145199130;1;0;64;1#2;30;
0216;145199131;1;0;93;1#2;30;
0216;145199132;1;0;60;1#2;30;
0216;145199133;1;0;74;1#2;30;
0216;145199134;1;0;100;1#2;30;
0216;145199135;1;0;61;1#2;30;
0216;145199136;1;0;37;1#2;30;
0216;145199137;1;0;173;1#2;30;
0216;145199138;1;0;72;1#2;30;
0216;145199139;1;0;28;1#2;30;
0216;145199140;1;0;182;1#2;30;
0216;145199141;1;0;44;1#2;30;
0216;145199142;1;0;120;1#2;30;
0216;145199143;1;0;55;1#2;30;
0216;145199144;1;0;75;1#2;30;
0216;145199145;1;0;59;1#2;30;
0216;145199146;1;0;71;1#2;30;
0216;145199147;1;0;59;1#2;30;
0216;145199148;1;0;127;1#2;30;
0216;145199149;1;0;60;1#2;30;
0216;145199150;1;0;75;1#2;30;
0216;145199151;1;0;115;1#2;30;
0216;145199152;1;0;195;1#2;30;
0216;145199153;1;0;489;1#2;30;
0216;145199154;1;0;23;1#2;30;
0216;145199155;1;0;219;1#2;30;
0216;145199156;1;0;59;1#2;30;
0216;145199157;1;0;40;1#2;30;
0216;145199158;1;0;6;1#2;30;
0216;145199159;1;0;53;1#2;30;
0216;145199160;1;0;54;1#2;30;
0216;145199161;1;0;124;1#2;30;
0216;145199162;1;0;119;1#2;30;
0216;145199163;1;0;153;1#2;30;
0216;145199164;1;0;350;1#2;30;
0216;212612118;1;0;12;1#2;30;
0216;212612119;1;0;136;1#2;30;
0216;212612120;1;0;8;1#2;30;
0216;212612121;1;0;19;1#2;30;
0216;212612122;1;0;8;1#2;30;
0216;212612123;1;0;100;1#2;30;
0216;145199168;1;0;28;1#2;30;
0216;145199169;1;0;86;1#2;30;
0216;145199170;1;0;411;1#2;30;
0216;145199171;1;0;369;1#2;30;
0216;145199172;1;0;26;1#2;30;
0216;145199173;1;0;95;1#2;30;
0216;145199174;1;0;32;1#2;30;
0216;145199175;1;0;29;1#2;30;
0216;145199176;1;0;59;1#2;30;
0216;157080027;1;0;66;1#2;30;
0216;157080028;1;0;8;1#2;30;
0216;145199178;1;0;64;1#2;30;
0216;145199179;1;0;39;1#2;30;
0216;145199180;1;0;159;1#2;30;
0216;145199181;1;0;61;1#2;30;
0216;145199182;1;0;89;1#2;30;
0216;145199184;1;0;305;1#2;30;
0216;145199185;1;0;44;1#2;30;
0216;145199186;1;0;58;1#2;30;
0216;145199187;1;0;415;1#2;30;
0216;157020152;1;0;13;1#2;30;
0216;157020153;1;0;109;1#2;30;
0216;145199189;1;0;105;1#2;30;
0216;145199190;1;0;98;1#2;30;
0216;145199191;1;0;100;1#2;30;
0216;145199192;1;0;62;1#2;30;
0216;145199193;1;0;63;1#2;30;
0216;145199194;1;0;55;1#2;30;
0216;145199195;1;0;57;1#2;30;
0216;145199196;1;0;69;1#2;30;
0216;145199197;1;0;53;1#2;30;
0216;145199198;1;0;81;1#2;30;
0216;145199199;1;0;117;1#2;30;
0216;145199200;1;0;11;1#2;30;
0216;145199201;1;0;57;1#2;30;
0216;145199202;1;0;76;1#2;30;
0216;145199203;1;0;265;1#2;30;
0216;157020154;1;0;9;1#2;30;
0216;157020155;1;0;9;1#2;30;
0216;145199205;1;0;55;1#2;30;
0216;145199206;1;0;67;1#2;30;
0216;212612124;1;0;12;1#2;30;
0216;212612125;1;0;101;1#2;30;
0216;145199208;1;0;80;1#2;30;
0216;145199209;1;0;65;1#2;30;
0216;145199210;1;0;92;1#2;30;
0216;145199211;1;0;62;1#2;30;
0216;145199212;1;0;70;1#2;30;
0216;145199213;1;0;64;1#2;30;
0216;145199214;1;0;51;1#2;30;
0216;145199215;1;0;102;1#2;30;
0216;145199216;1;0;31;1#2;30;
0216;145199217;1;0;10;1#2;30;
0216;145199218;1;0;100;1#2;30;
0216;145199219;1;0;93;1#2;30;
0216;145199220;1;0;107;1#2;30;
0216;145199221;1;0;190;1#2;30;
0216;145199222;1;0;78;1#2;30;
0216;145199223;1;0;140;1#2;30;
0216;145199224;1;0;205;1#2;30;
0216;145199225;1;0;71;1#2;30;
0216;145199226;1;0;92;1#2;30;
0216;145199227;1;0;85;1#2;30;
0216;212612126;1;0;8;1#2;30;
0216;212612127;1;0;134;1#2;30;
0216;145199229;1;0;100;1#2;30;
0216;145199230;1;0;49;1#2;30;
0216;145199231;1;0;133;1#2;30;
0216;145199232;1;0;50;1#2;30;
0216;145199233;1;0;49;1#2;30;
0216;145199234;1;0;130;1#2;30;
0216;145199235;1;0;12;1#2;30;
0216;145199236;1;0;59;1#2;30;
0216;145199237;1;0;101;1#2;30;
0216;157080029;1;0;8;1#2;30;
0216;157080030;1;0;18;1#2;30;
0216;145199239;1;0;9;1#2;30;
0216;145199240;1;0;46;1#2;30;
0216;145199241;1;0;132;1#2;30;
0216;145199242;1;0;100;1#2;30;
0216;145199243;1;0;25;1#2;30;
0216;145199244;1;0;84;1#2;30;
0216;145199245;1;0;171;1#2;30;
0216;145199246;1;0;281;1#2;30;
0216;145199247;1;0;769;1#2;30;
0216;145199248;1;0;96;1#2;30;
0216;145199249;1;0;45;1#2;30;
0216;145199250;1;0;142;1#2;30;
0216;212612128;1;0;172;1#2;30;
0216;212612129;1;0;59;1#2;30;
0216;145199252;1;0;131;1#2;30;
0216;145199253;1;0;136;1#2;30;
0216;157080031;1;0;8;1#2;30;
0216;157080032;1;0;83;1#2;30;
0216;145199255;1;0;144;1#2;30;
0216;145199256;1;0;163;1#2;30;
0216;145199257;1;0;154;1#2;30;
0216;145199258;1;0;126;1#2;30;
0216;145199259;1;0;141;1#2;30;
0216;145199260;1;0;112;1#2;30;
0216;276230362;1;0;177;1#2;30;
0216;276230363;1;0;60;1#2;30;
0216;145199262;1;0;143;1#2;30;
0216;145199263;1;0;95;1#2;30;
0216;212612130;1;0;29;1#2;30;
0216;212612131;1;0;256;1#2;30;
0216;145199265;1;0;151;1#2;30;
0216;145199266;1;0;197;1#2;30;
0216;157020156;1;0;9;1#2;30;
0216;157020157;1;0;398;1#2;30;
0216;145199268;1;0;238;1#2;30;
0216;145199269;1;0;167;1#2;30;
0216;145199270;1;0;127;1#2;30;
0216;212612132;1;0;9;1#2;30;
0216;212612133;1;0;69;1#2;30;
0216;145199272;1;0;52;1#2;30;
0216;145199273;1;0;69;1#2;30;
0216;145199274;1;0;64;1#2;30;
0216;145199275;1;0;84;1#2;30;
0216;145199276;1;0;59;1#2;30;
0216;145199277;1;0;22;1#2;30;
0216;145199278;1;0;3;1#2;30;
0216;145199279;1;0;38;1#2;30;
0216;145199280;1;0;35;1#2;30;
0216;145199281;1;0;99;1#2;30;
0216;145199282;1;0;273;1#2;30;
0216;145199283;1;0;48;1#2;30;
0216;145199284;1;0;134;1#2;30;
0216;145199285;1;0;27;1#2;30;
0216;145199286;1;0;35;1#2;30;
0216;145199287;1;0;66;1#2;30;
0216;145199288;1;0;19;1#2;30;
0216;145199289;1;0;59;1#2;30;
0216;145199290;1;0;32;1#2;30;
0216;145199291;1;0;93;1#2;30;
0216;145199292;1;0;89;1#2;30;
0216;145199293;1;0;59;1#2;30;
0216;145199294;1;0;39;1#2;30;
0216;145199295;1;0;52;1#2;30;
0216;145199296;1;0;29;1#2;30;
0216;145199297;1;0;79;1#2;30;
0216;145199298;1;0;32;1#2;30;
0216;145199299;1;0;118;1#2;30;
0216;145199300;1;0;39;1#2;30;
0216;145199301;1;0;58;1#2;30;
0216;145199302;1;0;51;1#2;30;
0216;145199303;1;0;41;1#2;30;
0216;145199304;1;0;26;1#2;30;
0216;145199305;1;0;128;1#2;30;
0216;145199306;1;0;49;1#2;30;
0216;145199307;1;0;75;1#2;30;
0216;145199308;1;0;35;1#2;30;
0216;145199309;1;0;18;1#2;30;
0216;145199310;1;0;32;1#2;30;
0216;157080033;1;0;104;1#2;30;
0216;157080034;1;0;8;1#2;30;
0216;145199312;1;0;81;1#2;30;
0216;145199313;1;0;50;1#2;30;
0216;145199314;1;0;344;1#2;30;
0216;145199315;1;0;293;1#2;30;
0216;145199316;1;0;169;1#2;30;
0216;145199317;1;0;64;1#2;30;
0216;145199318;1;0;144;1#2;30;
0216;145199319;1;0;54;1#2;30;
0216;145199320;1;0;52;1#2;30;
0216;145199321;1;0;125;1#2;30;
0216;157080035;1;0;7;1#2;30;
0216;157080036;1;0;50;1#2;30;
0216;157080037;1;0;6;1#2;30;
0216;157080038;1;0;51;1#2;30;
0216;145199324;1;0;41;1#2;30;
0216;145199325;1;0;94;1#2;30;
0216;145199326;1;0;59;1#2;30;
0216;145199327;1;0;58;1#2;30;
0216;145199328;1;0;19;1#2;30;
0216;145199329;1;0;84;1#2;30;
0216;145199330;1;0;58;1#2;30;
0216;145199331;1;0;251;1#2;30;
0216;145199332;1;0;41;1#2;30;
0216;145199333;1;0;58;1#2;30;
0216;212612134;1;0;30;1#2;30;
0216;145199335;1;0;59;1#2;30;
0216;145199336;1;0;152;1#2;30;
0216;145199337;1;0;114;1#2;30;
0216;145199338;1;0;59;1#2;30;
0216;145199339;1;0;54;1#2;30;
0216;145199340;1;0;91;1#2;30;
0216;145199341;1;0;64;1#2;30;
0216;145199342;1;0;58;1#2;30;
0216;145199343;1;0;56;1#2;30;
0216;145199344;1;0;280;1#2;30;
0216;145199345;1;0;283;1#2;30;
0216;145199346;1;0;5;1#2;30;
0216;145199347;1;0;78;1#2;30;
0216;145199348;1;0;91;1#2;30;
0216;145199349;1;0;62;1#2;30;
0216;145199350;1;0;46;1#2;30;
0216;145199351;1;0;66;1#2;30;
0216;145199352;1;0;92;1#2;30;
0216;145199353;1;0;52;1#2;30;
0216;145199354;1;0;78;1#2;30;
0216;145199355;1;0;78;1#2;30;
0216;145199356;1;0;64;1#2;30;
0216;145199357;1;0;60;1#2;30;
0216;145199358;1;0;72;1#2;30;
0216;145199362;1;0;50;1#2;30;
0216;212612137;1;0;42;1#2;30;
0216;212612138;1;0;57;1#2;30;
0216;145199364;1;0;22;1#2;30;
0216;145199365;1;0;73;1#2;30;
0216;145199366;1;0;63;1#2;30;
0216;145199367;1;0;49;1#2;30;
0216;145199368;1;0;88;1#2;30;
0216;145199369;1;0;61;1#2;30;
0216;145199370;1;0;71;1#2;30;
0216;145199371;1;0;72;1#2;30;
0216;145199372;1;0;52;1#2;30;
0216;145199373;1;0;89;1#2;30;
0216;145199374;1;0;64;1#2;30;
0216;145199375;1;0;60;1#2;30;
0216;157080039;1;0;10;1#2;30;
0216;157080040;1;0;38;1#2;30;
0216;145199377;1;0;93;1#2;30;
0216;145199378;1;0;62;1#2;30;
0216;145199379;1;0;80;1#2;30;
0216;145199380;1;0;72;1#2;30;
0216;212612139;1;0;10;1#2;30;
0216;212612140;1;0;82;1#2;30;
0216;145199382;1;0;83;1#2;30;
0216;145199383;1;0;127;1#2;30;
0216;145199384;1;0;72;1#2;30;
0216;145199385;1;0;113;1#2;30;
0216;145199386;1;0;77;1#2;30;
0216;145199387;1;0;131;1#2;30;
0216;145199388;1;0;46;1#2;30;
0216;145199389;1;0;122;1#2;30;
0216;145199390;1;0;67;1#2;30;
0216;145199391;1;0;124;1#2;30;
0216;145199392;1;0;633;1#2;30;
0216;145199393;1;0;65;1#2;30;
0216;145199394;1;0;80;1#2;30;
0216;145199395;1;0;42;1#2;30;
0216;145199396;1;0;145;1#2;30;
0216;145199397;1;0;179;1#2;30;
0216;145199398;1;0;39;1#2;30;
0216;145199399;1;0;51;1#2;30;
0216;145199400;1;0;52;1#2;30;
0216;145199401;1;0;63;1#2;30;
0216;145199402;1;0;50;1#2;30;
0216;145199403;1;0;51;1#2;30;
0216;145199404;1;0;37;1#2;30;
0216;145199405;1;0;77;1#2;30;
0216;145199406;1;0;40;1#2;30;
0216;145199407;1;0;48;1#2;30;
0216;145199408;1;0;73;1#2;30;
0216;145199409;1;0;59;1#2;30;
0216;145199410;1;0;45;1#2;30;
0216;145199411;1;0;37;1#2;30;
0216;145199412;1;0;47;1#2;30;
0216;145199413;1;0;148;1#2;30;
0216;145199414;1;0;69;1#2;30;
0216;145199415;1;0;84;1#2;30;
0216;145199416;1;0;43;1#2;30;
0216;145199417;1;0;75;1#2;30;
0216;145199418;1;0;40;1#2;30;
0216;145199419;1;0;45;1#2;30;
0216;145199420;1;0;60;1#2;30;
0216;145199421;1;0;46;1#2;30;
0216;145199422;1;0;53;1#2;30;
0216;145199423;1;0;51;1#2;30;
0216;145199424;1;0;62;1#2;30;
0216;145199425;1;0;42;1#2;30;
0216;145199426;1;0;50;1#2;30;
0216;145199427;1;0;53;1#2;30;
0216;145199428;1;0;119;1#2;30;
0216;145199429;1;0;114;1#2;30;
0216;145199430;1;0;56;1#2;30;
0216;145199431;1;0;100;1#2;30;
0216;145199432;1;0;84;1#2;30;
0216;145199433;1;0;41;1#2;30;
0216;145199434;1;0;61;1#2;30;
0216;145199435;1;0;67;1#2;30;
0216;212612141;1;0;5;1#2;30;
0216;212612142;1;0;129;1#2;30;
0216;145199437;1;0;59;1#2;30;
0216;145199438;1;0;73;1#2;30;
0216;145199439;1;0;77;1#2;30;
0216;145199440;1;0;56;1#2;30;
0216;145199441;1;0;21;1#2;30;
0216;145199442;1;0;56;1#2;30;
0216;145199443;1;0;82;1#2;30;
0216;145199444;1;0;67;1#2;30;
0216;145199445;1;0;129;1#2;30;
0216;145199446;1;0;51;1#2;30;
0216;145199447;1;0;443;1#2;30;
0216;145199448;1;0;56;1#2;30;
0216;145199449;1;0;53;1#2;30;
0216;145199450;1;0;150;1#2;30;
0216;145199451;1;0;283;1#2;30;
0216;145199452;1;0;99;1#2;30;
0216;145199453;1;0;87;1#2;30;
0216;145199454;1;0;69;1#2;30;
0216;145199455;1;0;73;1#2;30;
0216;145199456;1;0;80;1#2;30;
0216;145199457;1;0;254;1#2;30;
0216;145199458;1;0;98;1#2;30;
0216;145199459;1;0;121;1#2;30;
0216;145199460;1;0;134;1#2;30;
0216;145199461;1;0;65;1#2;30;
0216;145199462;1;0;32;1#2;30;
0216;145199463;1;0;15;1#2;30;
0216;145199464;1;0;35;1#2;30;
0216;145199465;1;0;94;1#2;30;
0216;145199466;1;0;141;1#2;30;
0216;145199467;1;0;79;1#2;30;
0216;145199468;1;0;219;1#2;30;
0216;145227616;1;0;166;1#2;30;
0216;145227617;1;0;152;1#2;30;
0216;145227618;1;0;569;1#2;30;
0216;145227619;1;0;56;1#2;30;
0216;145227620;1;0;730;1#2;30;
0216;145227621;1;0;1643;1#2;30;
0216;145227622;1;0;30;1#2;30;
0216;145227623;1;0;135;1#2;30;
0216;145227624;1;0;122;1#2;30;
0216;145227625;1;0;50;1#2;30;
0216;145227626;1;0;132;1#2;30;
0216;145227627;1;0;81;1#2;30;
0216;145227628;1;0;417;1#2;30;
0216;145227629;1;0;90;1#2;30;
0216;145227630;1;0;141;1#2;30;
0216;145227631;1;0;63;1#2;30;
0216;145227632;1;0;106;1#2;30;
0216;145227633;1;0;94;1#2;30;
0216;145227634;1;0;88;1#2;30;
0216;145227635;1;0;1315;1#2;30;
0216;145227636;1;0;984;1#2;30;
0216;145227637;1;0;641;1#2;30;
0216;145227638;1;0;411;1#2;30;
0216;145227639;1;0;53;1#2;30;
0216;145227640;1;0;47;1#2;30;
0216;145227641;1;0;47;1#2;30;
0216;145227642;1;0;10;1#2;30;
0216;145227643;1;0;90;1#2;30;
0216;145227644;1;0;585;1#2;30;
0216;145227645;1;0;35;1#2;30;
0216;145227646;1;0;11;1#2;50;
0216;145227647;1;0;65;1#2;50;
0216;145227648;1;0;53;1#2;50;
0216;145227649;1;0;31;1#2;50;
0216;145227650;1;0;492;1#2;50;
0216;145227651;1;0;20;1#2;50;
0216;145227652;1;0;28;1#2;30;
0216;145227653;1;0;1020;1#2;30;
0216;145227654;1;0;99;1#2;30;
0216;145227655;1;0;506;1#2;30;
0216;145227656;1;0;494;1#2;30;
0216;145238442;1;0;172;1#2;40;
0216;145238442;2;39;172;1#2;60;
0216;145238443;1;0;8;1#2;60;
0216;145238444;1;0;403;1#2;60;
0216;145238444;2;383;403;1#2;50;
0216;145238445;1;0;88;1#2;50;
0216;145238446;1;0;6;1#2;50;
0216;145238447;1;0;6;1#2;50;
0216;145238448;1;0;299;1#2;50;
0216;145238449;1;0;384;1#2;50;
0216;145238450;1;0;30;1#2;50;
0216;145238451;1;0;29;1#2;50;
0216;145238452;1;0;77;1#2;50;
0216;145238455;1;0;17;1#2;50;
0216;145238456;1;0;102;1#2;50;
0216;145238457;1;0;2;1#2;50;
0216;145238458;1;0;21;1#2;50;
0216;145238459;1;0;90;1#2;50;
0216;145238460;1;0;57;1#2;50;
0216;145238461;1;0;125;1#2;50;
0216;145238462;1;0;138;1#2;50;
0216;145238463;1;0;10;1#2;50;
0216;145238464;1;0;153;1#2;50;
0216;145238465;1;0;229;1#2;50;
0216;145238466;1;0;94;1#2;50;
0216;145238467;1;0;194;1#2;50;
0216;145238468;1;0;91;1#2;50;
0216;275634380;1;0;4;1;40;
0216;275634381;1;0;3;1;40;
0216;145238513;1;0;6;1;40;
0216;145238514;1;0;12;1;40;
0216;145238515;1;0;6;1;40;
0216;145238516;1;0;6;1;40;
0216;145238517;1;0;6;1;40;
0216;145238518;1;0;5;1;40;
0216;145238519;1;0;5;1;40;
0216;145238520;1;0;11;1;40;
0216;145238521;1;0;6;1;40;
0216;145238522;1;0;7;1;40;
0216;145238523;1;0;4;1;60;
0216;145238524;1;0;6;1;60;
0216;145238525;1;0;6;1;60;
0216;145238526;1;0;8;1;60;
0216;145238527;1;0;6;1;60;
0216;145238528;1;0;5;1;60;
0216;145238529;1;0;6;1;60;
0216;145238530;1;0;9;1;60;
0216;145238531;1;0;7;1;60;
0216;145238532;1;0;6;1;60;
0216;145238533;1;0;4;1;50;
0216;145238534;1;0;9;1;50;
0216;145238535;1;0;8;1;50;
0216;145238536;1;0;6;1;50;
0216;145238537;1;0;6;1;50;
0216;145238538;1;0;7;1;50;
0216;145238539;1;0;7;1;50;
0216;145238540;1;0;6;1;50;
0216;145238541;1;0;7;1;50;
0216;145238542;1;0;4;1;50;
0216;145238543;1;0;6;1;50;
0216;145238544;1;0;6;1;50;
0216;145238569;1;0;60;1#2;80;
0216;145238570;1;0;222;1#2;80;
0216;145238570;2;104;222;1#2;50;
0216;145238571;1;0;185;1#2;50;
0216;145238572;1;0;63;1#2;50;
0216;145238573;1;0;65;1#2;50;
0216;145238574;1;0;67;1#2;50;
0216;145238575;1;0;58;1#2;50;
0216;145238576;1;0;32;1#2;50;
0216;145238577;1;0;31;1#2;50;
0216;145238578;1;0;85;1#2;50;
0216;145238579;1;0;8;1#2;50;
0216;145238580;1;0;50;1#2;50;
0216;145238581;1;0;20;1#2;50;
0216;145238582;1;0;47;1#2;50;
0216;145238583;1;0;75;1#2;50;
0216;145238584;1;0;65;1#2;50;
0216;145238585;1;0;9;1#2;50;
0216;145238586;1;0;115;1#2;50;
0216;145238587;1;0;65;1#2;50;
0216;145238588;1;0;119;1#2;50;
0216;145238589;1;0;32;1#2;50;
0216;145238590;1;0;16;1#2;50;
0216;145238591;1;0;49;1#2;50;
0216;145238592;1;0;131;1#2;50;
0216;145238593;1;0;33;1#2;50;
0216;145238595;1;0;311;1#2;50;
0216;145238596;1;0;19;1#2;50;
0216;145238597;1;0;92;1#2;50;
0216;145238598;1;0;274;1#2;50;
0216;145238598;2;36;274;1#2;60;
0216;145238599;1;0;158;1#2;60;
0216;145238600;1;0;85;1#2;60;
0216;145238601;1;0;219;1#2;60;
0216;145238602;1;0;35;1#2;60;
0216;145238602;2;28;35;1#2;80;
0216;145238603;1;0;801;1#2;80;
0216;145238604;1;0;463;1#2;80;
0216;145238605;1;0;247;1#2;80;
0216;145238605;2;116;247;1#2;60;
0216;145238606;1;0;13;1#2;60;
0216;145238607;1;0;173;1#2;60;
0216;145238608;1;0;14;1#2;60;
0216;145238609;1;0;11;1#2;60;
0216;145238610;1;0;36;1#2#2H1;60;
0216;145238611;1;0;427;1#2;60;
0216;145238612;1;0;5;1#2;60;
0216;145238613;1;0;9;1#2;60;
0216;145238614;1;0;176;1#2;60;
0216;145238615;1;0;10;1#2;60;
0216;145238616;1;0;307;1#2;60;
0216;145238616;2;110;307;1#2;50;
0216;145238617;1;0;75;1#2;50;
0216;145238618;1;0;12;1#2;50;
0216;145238619;1;0;63;1#2;50;
0216;145238620;1;0;261;1#2;50;
0216;145238621;1;0;9;1#2;50;
0216;145238622;1;0;8;1#2;50;
0216;145238623;1;0;31;1#2;50;
0216;145238628;1;0;19;1#2;50;
0216;145238629;1;0;50;1#2;50;
0216;145238630;1;0;251;1#2;50;
0216;145238630;2;126;251;1#2;60;
0216;145238631;1;0;32;1#2;60;
0216;145238632;1;0;329;1#2;60;
0216;145238633;1;0;12;1#2;60;
0216;145238634;1;0;156;1#2;60;
0216;145238635;1;0;86;1#2;60;
0216;145238636;1;0;44;1#2;60;
0216;145238637;1;0;219;1#2;60;
0216;145238637;2;205;219;1#2;50;
0216;145238638;1;0;131;1#2;50;
0216;145238639;1;0;49;1#2;50;
0216;145238640;1;0;53;1#2;50;
0216;145238641;1;0;79;1#2;50;
0216;145238642;1;0;200;1#2;50;
0216;145238643;1;0;65;1#2;50;
0216;145238644;1;0;31;1#2;50;
0216;145238647;1;0;34;1#2;50;
0216;145238648;1;0;111;1#2;50;
0216;145238649;1;0;51;1#2;50;
0216;145238650;1;0;147;1#2;50;
0216;145238650;2;55;147;1#2;40;
0216;145238651;1;0;4;1#2;40;
0216;145238652;1;0;79;1#2;40;
0216;157080045;1;0;81;1#2;40;
0216;157080046;1;0;15;1#2;40;
0216;145238654;1;0;69;1#2;40;
0216;145238655;1;0;41;1#2;40;
0216;145238656;1;0;20;1#1V1#2;40;
0216;157080047;1;0;21;1#2;40;
0216;157080048;1;0;128;1#2;40;
0216;145238658;1;0;109;1#2;40;
0216;145238658;2;102;109;1#2;50;
0216;145238659;1;0;129;1#2;50;
0216;145238660;1;0;67;1#2;50;
0216;145238661;1;0;8;1#2;50;
0216;145238662;1;0;3;1#2;50;
0216;145238663;1;0;30;1#2;50;
0216;145238666;1;0;16;1;50;
0216;145238667;1;0;8;1;50;
0216;145238668;1;0;5;1;50;
0216;145238669;1;0;8;1;50;
0216;145238670;1;0;4;1;50;
0216;145238671;1;0;5;1;50;
0216;145238672;1;0;5;1;50;
0216;145238673;1;0;6;1;50;
0216;145238674;1;0;7;1;50;
0216;145238675;1;0;8;1;50;
0216;145238676;1;0;4;1;50;
0216;145238677;1;0;6;1;50;
0216;145238678;1;0;7;1;50;
0216;145238679;1;0;6;1;50;
0216;145238680;1;0;4;1;50;
0216;145238681;1;0;9;1;50;
0216;145238682;1;0;6;1;50;
0216;145238683;1;0;6;1;50;
0216;145238684;1;0;4;1;50;
0216;145238685;1;0;6;1;50;
0216;145238686;1;0;4;1;50;
0216;145241600;1;0;48;1#2;50;
0216;145241601;1;0;529;2;70;
0216;145241601;1;0;529;1#2;50;
0216;145241601;1;0;529;1;80;
0216;145241601;2;378;529;1#2;80;
0216;145241602;1;0;847;1#2;80;
0216;145241602;2;754;847;1#2;50;
0216;145241603;1;0;10;1#2;50;
0216;145241604;1;0;9;1#2;50;
0216;145241605;1;0;195;1#2;50;
0216;145241606;1;0;136;1#2;50;
0216;145241607;1;0;45;1#2;50;
0216;145241608;1;0;249;1#2;50;
0216;157020164;1;0;99;1#2;50;
0216;157020165;1;0;4;1#2;50;
0216;145241610;1;0;4;1#2;50;
0216;145241611;1;0;6;1#2;50;
0216;145241612;1;0;74;1#2;50;
0216;145241613;1;0;13;1#2;50;
0216;145241614;1;0;39;1#2;50;
0216;145241615;1;0;121;1#2;50;
0216;145241616;1;0;48;1#2;50;
0216;145241617;1;0;42;1#2;50;
0216;145241618;1;0;78;1#2;50;
0216;145241619;1;0;161;1#2;50;
0216;145241620;1;0;408;2;70;
0216;145241620;1;0;408;1#2;50;
0216;145241620;1;0;408;1;80;
0216;145241620;2;264;408;1#2;80;
0216;145241621;1;0;191;1#2;80;
0216;145241622;1;0;112;1#2;80;
0216;145241623;1;0;65;1#2;80;
0216;145241624;1;0;266;1#2;80;
0216;145241625;1;0;41;1#2;80;
0216;145241626;1;0;157;1#2;80;
0216;145241627;1;0;84;1#2;80;
0216;145241630;1;0;21;1#2;60;
0216;145241631;1;0;31;1#2;60;
0216;145241632;1;0;222;1#2;60;
0216;145241633;1;0;82;1#2;60;
0216;145241634;1;0;165;1#2;60;
0216;145241635;1;0;179;1#2;60;
0216;145241636;1;0;81;1#2;60;
0216;145241637;1;0;66;1#2;60;
0216;145241638;1;0;178;1#2;60;
0216;145241639;1;0;368;1#2;60;
0216;145241640;1;0;6;1#2;60;
0216;145241641;1;0;4;1#2;80;
0216;145241642;1;0;176;1#2;80;
0216;145241643;1;0;85;1#2;80;
0216;145241644;1;0;1277;1#2;80;
0216;145241645;1;0;151;1#2;80;
0216;145241646;1;0;924;1#2;80;
0216;145241647;1;0;68;1#2;80;
0216;145241648;1;0;398;1#2;80;
0216;145241648;2;351;398;1#2;60;
0216;145241649;1;0;21;1#2;60;
0216;145241650;1;0;248;1#2;60;
0216;145241651;1;0;50;1#2;60;
0216;145241652;1;0;62;1#2;60;
0216;145241653;1;0;320;1#2;60;
0216;145241654;1;0;152;1#2;60;
0216;145241654;2;77;152;1#2;50;
0216;145241655;1;0;83;1#2;50;
0216;145241656;1;0;72;1#2;50;
0216;145241657;1;0;33;1#2;50;
0216;145241658;1;0;255;1#2;50;
0216;145241659;1;0;63;1#2;50;
0216;145241660;1;0;84;1#2;50;
0216;145241661;1;0;72;1#2;50;
0216;145241662;1;0;316;1#2;50;
0216;145241667;1;0;15;1#2;50;
0216;145241668;1;0;65;1#2;50;
0216;276742157;1;0;14;1#2;50;
0216;276742158;1;0;57;1#2;50;
0216;145241670;1;0;131;1#2;50;
0216;145241671;1;0;10;1#2;50;
0216;145241672;1;0;107;1#2;50;
0216;145241673;1;0;71;1#2;50;
0216;145241674;1;0;10;1#2;50;
0216;145241675;1;0;176;1#2;50;
0216;145241676;1;0;21;1#2;50;
0216;145241677;1;0;151;1#2;50;
0216;145241678;1;0;64;1#2;50;
0216;145241679;1;0;44;1#2;50;
0216;145241680;1;0;96;1#2;50;
0216;145241681;1;0;176;1#2;50;
0216;145241682;1;0;47;1#2;50;
0216;145241683;1;0;194;1#2;50;
0216;145241684;1;0;9;1#2;50;
0216;145241685;1;0;168;1#2;50;
0216;145241686;1;0;70;1#2;50;
0216;145241687;1;0;59;1#2;50;
0216;145241688;1;0;433;1#2;50;
0216;145241688;2;76;433;1#2;60;
0216;145241689;1;0;548;1#2;60;
0216;145241690;1;0;72;1#2;60;
0216;145241691;1;0;68;1#2;60;
0216;145241692;1;0;86;1#2;60;
0216;145241693;1;0;119;1#2;60;
0216;145241694;1;0;26;1#2;60;
0216;145241695;1;0;114;1#2;60;
0216;145241696;1;0;32;1#2;60;
0216;145241697;1;0;190;1#2;60;
0216;145241698;1;0;12;1#2;60;
0216;145241699;1;0;8;1#2;60;
0216;145241700;1;0;81;1#2;60;
0216;145241701;1;0;228;1#2;60;
0216;145241701;2;184;228;1#2;40;
0216;145241702;1;0;180;1#2;40;
0216;145241703;1;0;49;1#2;40;
0216;145241704;1;0;55;1#2;40;
0216;145241705;1;0;140;1#2;40;
0216;145241706;1;0;45;1#2;40;
0216;145241707;1;0;112;1#2;40;
0216;145241708;1;0;19;1#2;40;
0216;145241709;1;0;156;1#2;40;
0216;145241710;1;0;26;1#2;40;
0216;145241711;1;0;66;1#2;40;
0216;145241712;1;0;87;1#2;40;
0216;145241713;1;0;36;1#2;40;
0216;145241718;1;0;98;1#2;50;
0216;145241719;1;0;127;1#2;50;
0216;145241720;1;0;217;1#2;50;
0216;145241721;1;0;68;1#2;50;
0216;145241722;1;0;103;1#2;50;
0216;145241723;1;0;148;1#2;50;
0216;145241724;1;0;116;1#2;50;
0216;145241724;2;112;116;1#2;40;
0216;145241725;1;0;77;1#2;40;
0216;145241730;1;0;119;1#2;40;
0216;145241731;1;0;116;1#2;40;
0216;145241732;1;0;50;1#2;40;
0216;145241733;1;0;64;1#2;40;
0216;145241734;1;0;83;1#2;40;
0216;212612145;1;0;14;1#2;40;
0216;212612146;1;0;51;1#2;40;
0216;145241736;1;0;62;1#2;40;
0216;157103416;1;0;380;1#2;40;
0216;157103416;2;119;380;1#2;50;
0216;157103417;1;0;82;1#2;50;
0216;145241738;1;0;92;1#2;50;
0216;212612147;1;0;315;1#2;50;
0216;212612148;1;0;19;1#2;50;
0216;145241740;1;0;34;1#2;50;
0216;145241741;1;0;91;1#2;50;
0216;145241741;2;37;91;1#2;40;
0216;145241742;1;0;82;1#2;40;
0216;145241743;1;0;75;1#2;40;
0216;145241744;1;0;21;1#2;40;
0216;145241745;1;0;110;1#2;40;
0216;145241746;1;0;31;1#2;40;
0216;145241747;1;0;68;1#2;40;
0216;145241748;1;0;13;1#2;40;
0216;145241749;1;0;73;1#2;40;
0216;145241750;1;0;295;1#2;40;
0216;145241751;1;0;26;1#2;40;
0216;145241757;1;0;44;1#2;40;
0216;145241758;1;0;35;1#2;40;
0216;145241759;1;0;49;1#2;40;
0216;276230364;1;0;15;1#2;40;
0216;276230365;1;0;91;1#2;40;
0216;145241761;1;0;63;1#2;40;
0216;145241762;1;0;106;1#2;40;
0216;145241763;1;0;3;1#2;40;
0216;145241764;1;0;116;1#2;40;
0216;145241765;1;0;31;1#2;40;
0216;145241766;1;0;22;1#2;40;
0216;212612149;1;0;167;1#2;40;
0216;212612150;1;0;32;1#2;40;
0216;145241768;1;0;83;1#2;40;
0216;145241769;1;0;211;1#2;40;
0216;145241770;1;0;138;1#2;40;
0216;145241773;1;0;15;1#2;50;
0216;145241774;1;0;107;1#2;50;
0216;145241775;1;0;123;1#2;50;
0216;145241776;1;0;279;1#2;50;
0216;145241777;1;0;15;1#2;50;
0216;145241778;1;0;583;1#2;50;
0216;145241779;1;0;61;1#2;50;
0216;145241780;1;0;87;1#2;50;
0216;157020168;1;0;50;1#2;70;
0216;157020169;1;0;10;1#2;70;
0216;157020170;1;0;62;1#2;70;
0216;157020171;1;0;201;1#2;70;
0216;145250113;1;0;3;1#2;70;
0216;145250114;1;0;313;1#2;70;
0216;145250115;1;0;222;1#2;70;
0216;145250116;1;0;89;1#2;70;
0216;145250116;2;48;89;1#2;80;
0216;145250117;1;0;394;1#2;80;
0216;145250118;2;0;132;1#2;80;
0216;145250119;1;0;24;1#2;80;
0216;145250120;1;0;155;1#2;80;
0216;145250121;1;0;64;1#2;80;
0216;145250122;1;0;121;1#2;80;
0216;145250123;1;0;543;1#2;80;
0216;145250123;2;134;543;1#2;60;
0216;145250124;1;0;82;1#2;60;
0216;145250125;1;0;216;1#2;60;
0216;145250126;1;0;43;1#2;60;
0216;145250127;1;0;152;1#2;60;
0216;145250128;1;0;14;1#2;60;
0216;145250129;1;0;57;1#2;60;
0216;145250130;1;0;436;1#2;60;
0216;145250131;1;0;427;1#2;60;
0216;145250132;1;0;82;1#2;60;
0216;145250133;1;0;52;1#2;60;
0216;145250136;1;0;118;1#2;60;
0216;145250137;1;0;258;1#2;60;
0216;145250138;1;0;4;1#2;60;
0216;145250139;1;0;87;1#2;60;
0216;145250140;1;0;119;1#2;60;
0216;145250141;1;0;52;1#2;60;
0216;145250142;1;0;21;1#2;60;
0216;157020172;1;0;11;1#2;60;
0216;157020173;1;0;20;1#2;60;
0216;145250144;1;0;154;1#2;60;
0216;145250145;1;0;380;1#2;60;
0216;145250146;1;0;303;1#2;60;
0216;145250147;1;0;66;1#2;60;
0216;157020174;1;0;55;1#2;60;
0216;157020175;1;0;180;1#2;60;
0216;157020176;1;0;29;1#2;60;
0216;157020177;1;0;28;1#2;60;
0216;145250150;1;0;215;1#2;60;
0216;275634382;1;0;11;1#2;60;
0216;275634383;1;0;239;1#2;60;
0216;145250152;1;0;156;1#2;60;
0216;157020178;1;0;311;1#2;60;
0216;157020179;1;0;50;1#2;60;
0216;145250154;1;0;223;1#2;60;
0216;145250155;1;0;15;1#2;60;
0216;145250156;1;0;7;1#2;60;
0216;145250157;1;0;7;1#2;60;
0216;145250158;1;0;319;1#2;60;
0216;145250159;1;0;29;1#2;60;
0216;212612151;1;0;3;1#2;60;
0216;212612152;1;0;10;1#2;60;
0216;145250161;1;0;674;1#2;60;
0216;145250162;1;0;14;1#2;60;
0216;145250163;1;0;13;1#2;60;
0216;145250164;1;0;29;1#2;60;
0216;145250165;1;0;403;1#2;60;
0216;145250165;2;381;403;1#2;40;
0216;145250169;1;0;25;1#2;50;
0216;145250170;1;0;50;1#2;50;
0216;145250171;1;0;85;1#2;50;
0216;145250172;1;0;16;1#2;50;
0216;145250173;1;0;126;1#2;50;
0216;145250174;1;0;89;1#2;50;
0216;145250175;1;0;122;1#2;50;
0216;145250176;1;0;27;1#2;50;
0216;145250177;1;0;32;1#2;50;
0216;145250178;1;0;30;1#2;50;
0216;145250179;1;0;36;1#2;50;
0216;145250180;1;0;27;1#2;50;
0216;145250181;1;0;50;1#2;50;
0216;145250182;1;0;126;1#2;50;
0216;145250183;1;0;95;1#2;50;
0216;145250184;1;0;71;1#2;50;
0216;145250185;1;0;57;1#2;50;
0216;145250186;1;0;4;1#2;50;
0216;145250187;1;0;164;1#2;50;
0216;145250188;1;0;40;1#2;50;
0216;145250189;1;0;78;1#2;50;
0216;145250190;1;0;59;1#2;50;
0216;212612155;1;0;59;1#2;50;
0216;212612156;1;0;17;1#2;50;
0216;145250192;1;0;44;1#2;50;
0216;145250193;1;0;64;1#2;50;
0216;145250194;1;0;38;1#2;50;
0216;145250195;1;0;96;1#2;50;
0216;157100271;1;0;124;1#2;50;
0216;157100272;1;0;7;1#2;50;
0216;145250197;1;0;119;1#2;50;
0216;145250198;1;0;85;1#2;50;
0216;145250199;1;0;528;1#2;50;
0216;145250199;2;73;528;1#2;60;
0216;145250200;1;0;79;1#2;60;
0216;145250201;1;0;43;1#2;60;
0216;145250202;1;0;156;1#2;60;
0216;145250203;1;0;19;1#2;60;
0216;145250204;1;0;94;1#2;60;
0216;145250205;1;0;27;1#2;60;
0216;145250206;1;0;21;1#2;60;
0216;145250207;1;0;255;1#2;60;
0216;145250208;1;0;100;1#2;60;
0216;145250209;1;0;253;1#2;60;
0216;145250210;1;0;138;1#2;60;
0216;145250211;1;0;69;1#2;60;
0216;145250212;1;0;26;1#2;60;
0216;145250213;1;0;114;1#2;60;
0216;145250214;1;0;58;1#2;60;
0216;145250215;1;0;81;1#2;60;
0216;145250216;1;0;105;1#2;60;
0216;145250217;1;0;25;1#2;60;
0216;145250218;1;0;128;1#2;60;
0216;145250219;1;0;78;1#2;60;
0216;145250220;1;0;100;1#2;60;
0216;145250221;1;0;163;1#2;60;
0216;145250222;1;0;162;1#2;60;
0216;145250223;1;0;114;1#2;60;
0216;145250224;1;0;286;1#2;60;
0216;145250225;1;0;169;1#2;60;
0216;145250226;1;0;357;1#2;60;
0216;145250227;1;0;36;1#2;60;
0216;145250228;1;0;28;1#2;60;
0216;145250229;1;0;240;1#2;60;
0216;145250230;1;0;72;1#2;60;
0216;145250231;1;0;237;1#2;60;
0216;145250232;1;0;10;1#2;60;
0216;145250233;1;0;116;1#2;60;
0216;145250234;1;0;60;1#2;60;
0216;145250235;1;0;29;1#2;60;
0216;145250236;1;0;128;1#2;60;
0216;145250237;1;0;46;1#2;60;
0216;145250238;1;0;111;1#2;60;
0216;145250239;1;0;254;1#2;60;
0216;145250240;1;0;151;1#2;60;
0216;145250241;1;0;100;1#2;60;
0216;145250242;1;0;55;1#2;60;
0216;145250243;1;0;29;1#2;60;
0216;145250244;1;0;124;1#2;60;
0216;145250245;1;0;104;1#2;60;
0216;145250246;1;0;208;1#2;60;
0216;145250247;1;0;15;1#2;60;
0216;145250248;1;0;56;1#2;60;
0216;145250249;1;0;169;1#2;60;
0216;145250250;1;0;31;1#2;60;
0216;145250251;1;0;123;1#2;60;
0216;145250252;1;0;86;1#2;60;
0216;145250253;1;0;81;1#2;60;
0216;145250254;1;0;33;1#2;60;
0216;145250255;1;0;14;1#2;60;
0216;145250256;1;0;143;1#2;60;
0216;145250257;1;0;166;1#2;60;
0216;145250257;2;26;166;1#2;50;
0216;145250258;1;0;93;1#2;50;
0216;145250259;1;0;45;1#2;50;
0216;145250260;1;0;395;1#2;50;
0216;145250261;1;0;10;1#2;50;
0216;145250262;1;0;13;1#2;50;
0216;145250263;1;0;62;1#2;50;
0216;145250264;1;0;63;1#2;50;
0216;145250265;1;0;6;1#2;50;
0216;145250266;1;0;23;1#2;50;
0216;145250267;1;0;79;1#2;50;
0216;145250268;1;0;39;1#2;50;
0216;145250269;1;0;41;1#2;50;
0216;145250270;1;0;14;1#2;50;
0216;145253661;1;0;35;1;60;
0216;276742161;1;0;14;1;60;
0216;276742162;1;0;16;1;60;
0216;145253663;1;0;81;1;40;
0216;212612157;1;0;20;1#1V1;40;
0216;212612158;1;0;18;1#1V1;40;
0216;145253665;1;0;7;1;40;
0216;157020180;1;0;13;1;40;
0216;157020181;1;0;48;1;40;
0216;145253667;1;0;36;1;50;
0216;145253668;1;0;23;1;50;
0216;145253669;1;0;4;1;50;
0216;145253680;1;0;18;1;50;
0216;145253681;1;0;9;1;50;
0216;145253682;1;0;17;1;50;
0216;145253683;1;0;27;1;50;
0216;145253684;1;0;4;1#1V1;50;
0216;145253685;1;0;6;1;50;
0216;145253686;1;0;85;1;50;
0216;157080055;1;0;18;1;50;
0216;157080056;1;0;15;1;50;
0216;157080057;1;0;15;1;50;
0216;157080058;1;0;21;1;50;
0216;157020182;1;0;14;1;50;
0216;157020183;1;0;5;1;50;
0216;145253690;1;0;6;1;50;
0216;145254409;1;0;8;1;60;
0216;145254410;1;0;13;1;60;
0216;145254411;1;0;31;1;50;
0216;145254412;1;0;3;1;50;
0216;145254413;1;0;6;1;50;
0216;145254414;1;0;25;1;50;
0216;145254415;1;0;24;1;40;
0216;145254416;1;0;8;1;50;
0216;145254417;1;0;3;1;50;
0216;157080059;1;0;11;1;50;
0216;157080060;1;0;17;1;50;
0216;212612159;1;0;16;1;40;
0216;212612160;1;0;11;1;40;
0216;145254420;1;0;3;1;40;
0216;145254421;1;0;11;1;40;
0216;145254422;1;0;22;1;40;
0216;145254423;1;0;13;1;40;
0216;157020184;1;0;12;1;40;
0216;157020185;1;0;4;1;40;
0216;145254425;1;0;12;1;40;
0216;145254426;1;0;38;1;40;
0216;157080061;1;0;6;1;40;
0216;157080062;1;0;28;1;40;
0216;145254428;1;0;3;1;50;
0216;157080063;1;0;7;1;50;
0216;157080064;1;0;13;1;50;
0216;157080065;1;0;12;1;50;
0216;157080066;1;0;13;1;50;
0216;145255584;1;0;5;1#2;50;
0216;145255585;1;0;1;1#2;50;
0216;145255586;1;0;30;1;50;
0216;145255587;1;0;16;1;50;
0216;145255588;1;0;39;1;50;
0216;145255589;1;0;36;1;50;
0216;157020186;1;0;9;1;50;
0216;157020187;1;0;34;1;50;
0216;157020188;1;0;16;1;50;
0216;157020189;1;0;9;1;50;
0216;145257481;1;0;35;2;60;
0216;276742163;1;0;15;2;60;
0216;276742164;1;0;15;2;60;
0216;145257483;1;0;81;2;40;
0216;212612161;1;0;19;2;40;
0216;212612162;1;0;19;2;40;
0216;157020192;1;0;20;2;40;
0216;157020193;1;0;48;2;40;
0216;145257486;1;0;36;2;50;
0216;145257487;1;0;23;2;50;
0216;145257488;1;0;4;2;50;
0216;145257498;1;0;18;2;50;
0216;145257499;1;0;9;2;50;
0216;145257500;1;0;17;2;50;
0216;145257501;1;0;27;2;50;
0216;145257502;1;0;2;2;50;
0216;145257503;1;0;8;2#2H1;50;
0216;145257504;1;0;85;2;50;
0216;157080067;1;0;19;2;50;
0216;157080068;1;0;14;2;50;
0216;157080069;1;0;15;2;50;
0216;157080070;1;0;21;2;50;
0216;157020194;1;0;13;2;50;
0216;157020195;1;0;6;2;50;
0216;145257508;1;0;6;2;50;
0216;145258203;1;0;8;2;60;
0216;145258204;1;0;13;2;60;
0216;145258205;1;0;31;2;50;
0216;145258206;1;0;3;2;50;
0216;145258207;1;0;6;2;50;
0216;145258208;1;0;25;2;50;
0216;145258209;1;0;24;2;40;
0216;145258210;1;0;8;2;50;
0216;145258211;1;0;3;2;50;
0216;157080071;1;0;11;2;50;
0216;157080072;1;0;17;2;50;
0216;212612163;1;0;17;2;40;
0216;212612164;1;0;10;2;40;
0216;145258214;1;0;3;2;40;
0216;145258215;1;0;11;2;40;
0216;145258216;1;0;22;2;40;
0216;145258217;1;0;13;2;40;
0216;157020196;1;0;10;2;40;
0216;157020197;1;0;6;2;40;
0216;145258219;1;0;12;2;40;
0216;145258220;1;0;38;2;40;
0216;157080073;1;0;3;2;40;
0216;157080074;1;0;31;2;40;
0216;145258222;1;0;3;2;50;
0216;157080075;1;0;8;2;50;
0216;157080076;1;0;12;2;50;
0216;157080077;1;0;13;2;50;
0216;157080078;1;0;12;2;50;
0216;145259375;1;0;30;2;50;
0216;145259376;1;0;16;2;50;
0216;145259377;1;0;39;2;50;
0216;145259378;1;0;36;2;50;
0216;157020198;1;0;8;2;50;
0216;157020199;1;0;35;2;50;
0216;157020200;1;0;15;2;50;
0216;157020201;1;0;10;2;50;
0216;157100273;1;0;78;1#2;30;
0216;157100274;1;0;124;1#2;30;
0216;157100275;1;0;497;1#2;30;
0216;157100276;1;0;190;1#2;30;
0216;157100277;1;0;362;1#2;30;
0216;212612176;1;0;187;1#2;30;
0216;157103418;1;0;148;1#2;30;
0216;157103419;1;0;306;1#2;30;
0216;157103420;1;0;48;1#2;30;
0216;157103421;1;0;107;1#2;30;
0216;157103422;1;0;307;1#2;30;
0216;157103423;1;0;117;1#2;30;
0216;157103424;1;0;109;1#2;30;
0216;157103425;1;0;100;1#2;30;
0216;246314906;1;0;7;1#2;30;
0216;246314907;1;0;79;1#2;30;
0216;157103427;1;0;32;1#2;30;
0216;157103428;1;0;52;1#2;30;
0216;157103429;1;0;44;1#2;30;
0216;157103430;1;0;268;1#2;30;
0216;157103431;1;0;150;1#2;30;
0216;157103432;1;0;44;1#2;30;
0216;157107058;1;0;172;1#2;30;
0216;157107059;1;0;260;1#2;30;
0216;212612177;1;0;48;1#2;30;
0216;212612178;1;0;20;1#2;30;
0216;276230368;1;0;111;1#2;30;
0216;212612180;1;0;53;1#2;30;
0216;212612182;1;0;26;1#2;50;
0216;212612183;1;0;54;1#2;30;
0216;212612184;1;0;149;1#2;30;
0216;212612185;1;0;35;1#2;30;
0216;212612186;1;0;31;1#2;30;
0216;212612187;1;0;226;1#2;50;
0216;212612188;1;0;111;1#2;30;
0216;212612189;1;0;46;1#2;30;
0216;212612190;1;0;115;1#2;30;
0216;212612190;1;0;115;1#2;30;
0216;212612191;1;0;165;1#2;30;
0216;212612192;1;0;164;1#2;30;
0216;276230369;1;0;47;1#2;50;
0216;276230370;1;0;71;1#2;50;
0216;212612194;1;0;6;1#2;50;
0216;212612195;1;0;13;1#2;30;
0216;212612196;1;0;32;1#2;30;
0216;212612197;1;0;294;1#2;30;
0216;212612198;1;0;82;1#2;30;
0216;212612199;1;0;5;1#2;30;
0216;212612200;1;0;16;1#2;30;
0216;212612200;1;0;16;1#2;30;
0216;212612201;1;0;119;1#2;30;
0216;212612202;1;0;148;1#2;30;
0216;212612202;1;0;148;1#2;30;
0216;212612203;1;0;161;1#2;30;
0216;212612204;1;0;66;1#2;30;
0216;212612205;1;0;153;1#2;30;
0216;212612206;1;0;123;1#2;30;
0216;212612207;1;0;134;1#2;30;
0216;212612208;1;0;64;1#2;30;
0216;212612209;1;0;67;1#2;30;
0216;212612210;1;0;34;1#2;30;
0216;212612211;1;0;103;1#2;30;
0216;246314908;1;0;84;1#2;30;
0216;246314908;1;0;84;1#2;30;
0216;246314909;1;0;19;1#2;30;
0216;246314909;1;0;19;1#2;30;
0216;212612213;1;0;9;1#2;30;
0216;212612214;1;0;179;1#2;50;
0216;212612238;1;0;8;1#2;30;
0216;212612244;1;0;151;1#2;30;
0216;212612245;1;0;140;1#2;30;
0216;212612261;1;0;150;1#2;50;
0216;212644964;1;0;86;1#2;30;
0216;212644964;1;0;86;1#2;30;
0216;275634387;1;0;10;1;30;
0216;275634388;1;0;8;1;30;
0216;275634391;1;0;41;1#2;30;
0216;275634392;1;0;9;2;30;
0216;275634393;1;0;9;2;30;
0216;276230371;1;0;6;1#2;30;
0216;276230372;1;0;88;1#2;30;
0216;276230373;1;0;15;1#2;30;
0216;276230374;1;0;68;1#2;30;
0216;276230375;1;0;29;1#2;30;
0216;276230376;1;0;90;1#2;30;
0216;276230377;1;0;138;1#2;30;
0216;276230378;1;0;197;1#2;30;
0216;276230379;1;0;40;1#2;30;
0216;276230380;1;0;116;1#2;30;
0216;276230381;1;0;32;1#2;30;
0216;276230382;1;0;222;1#2;30;
0216;276230383;1;0;11;1#2;30;
0216;276230384;1;0;22;1#2;30;
0216;276230385;1;0;169;1#2;30;
