*0529*2011 VEGNETT*20110511*INNF*20110511*VDB SVNT*AHT
..Eksport-dato 20110511


Komm; TransID;kode;Fra;   Til;felt;Retning;
0529;145497337;1;0;173;1;2;
0529;145497338;1;0;24;1;2;
0529;145497340;1;0;24;2;1;
0529;145497341;1;0;182;1;2;
0529;145497597;1;0;5;1;2;
0529;145497598;1;0;6;1;2;
0529;145497599;1;0;6;1;2;
0529;145497600;1;0;7;1;2;
0529;145497601;1;0;4;1;2;
0529;145497602;1;0;5;1;2;
0529;145497603;1;0;5;1;2;
0529;145497604;1;0;7;1;2;
0529;145497605;1;0;4;1;2;
0529;145497606;1;0;6;1;2;
0529;145497607;1;0;6;1;2;
0529;145497608;1;0;5;1;2;
0529;145497661;1;0;13;1;2;
0529;145497662;1;0;5;1;2;
0529;145497663;1;0;6;1;2;
0529;145497664;1;0;22;1;2;
0529;145497665;1;0;15;1;2;
0529;145497666;1;0;6;1;2;
0529;145497667;1;0;7;1;2;
0529;145497668;1;0;14;1;2;
0529;145497669;1;0;5;1;2;
0529;145497670;1;0;17;1;2;
0529;145497671;1;0;12;1;2;
0529;145497672;1;0;5;1;2;
0529;145497673;1;0;5;1;2;
0529;145497674;1;0;27;1;2;
0529;145497675;1;0;12;1;2;
0529;145497676;1;0;5;1;2;
0529;145512583;1;0;9;1;2;
0529;145512584;1;0;8;1;2;
0529;145512585;1;0;7;1;2;
0529;145512586;1;0;8;1;2;
0529;145512587;1;0;7;1;2;
0529;145512588;1;0;8;1;2;
0529;145512589;1;0;7;1;2;
0529;145512590;1;0;8;1;2;
0529;145512591;1;0;9;1;2;
0529;145512592;1;0;8;1;2;
0529;145512593;1;0;7;1;2;
0529;145512594;1;0;8;1;2;
0529;145514548;1;0;233;1;2;
0529;145514549;1;0;6;1;2;
0529;145514550;1;0;5;1;2;
0529;145514551;1;0;51;1;2;
0529;145514552;1;0;36;1;2;
0529;145514553;1;0;64;1;2;
0529;145514554;1;0;94;1;2;
0529;145514555;1;0;3;1;2;
0529;145514556;1;0;4;1;2;
0529;145514557;1;0;104;1;2;
0529;145514558;1;0;23;1;2;
0529;145514559;1;0;23;1;2;
0529;145514794;1;0;62;1;2;
0529;145514795;1;0;78;1#1V1;2;
0529;145514796;1;0;7;1;2;
0529;145514797;1;0;8;1;2;
0529;145514798;1;0;59;1;2;
0529;145514799;1;0;8;1;2;
0529;145514800;1;0;5;1;2;
0529;145514801;1;0;95;1;2;
0529;145514802;1;0;68;1;2;
0529;145514803;1;0;25;1;2;
0529;145514804;1;0;21;1;2;
0529;145514805;1;0;17;1;2;
0529;145514806;1;0;4;1;2;
0529;145514921;1;0;23;1;2;
0529;145514922;1;0;4;1;2;
0529;145514923;1;0;33;1;2;
0529;145514924;1;0;2;1;2;
0529;145514925;1;0;5;1;2;
0529;145514936;1;0;27;1;2;
0529;145514937;1;0;27;1;2;
0529;145514938;1;0;23;1;2;
0529;145514939;1;0;7;1;2;
0529;145514943;1;0;23;1;2;
0529;145514944;1;0;3;1;2;
0529;145514945;1;0;4;1;2;
0529;145514946;1;0;5;1;2;
0529;145514947;1;0;9;1;2;
0529;145514948;1;0;3;1;2;
0529;145514949;1;0;22;1;2;
0529;145514950;1;0;27;1;2;
0529;145514951;1;0;27;1;2;
0529;145514972;1;0;24;1;2;
0529;145514973;1;0;2;1;2;
0529;145514974;1;0;6;1;2;
0529;145514977;1;0;23;1;2;
0529;145514978;1;0;8;1;2;
0529;145514979;1;0;4;1;2;
0529;145514986;1;0;5;1;2;
0529;182786553;1;0;7;1;2;
0529;182786554;1;0;19;1;2;
0529;184545339;1;0;12;1;2;
0529;184545340;1;0;20;1;2;
0529;145515295;1;0;29;1;2;
0529;145515298;1;0;22;1;2;
0529;145515299;1;0;22;1;2;
0529;145515300;1;0;53;1;2;
0529;145515361;1;0;16;1;2;
0529;145515538;1;0;233;2;1;
0529;145515539;1;0;6;2;1;
0529;145515540;1;0;5;2;1;
0529;145515541;1;0;51;2;1;
0529;145515542;1;0;36;2;1;
0529;145515543;1;0;64;2;1;
0529;145515544;1;0;97;2;1;
0529;145515545;1;0;5;2;1;
0529;145515546;1;0;103;2;1;
0529;145515547;1;0;23;2;1;
0529;145515548;1;0;23;2;1;
0529;145515777;1;0;62;2;1;
0529;145515778;1;0;78;2;1;
0529;145515779;1;0;7;2;1;
0529;145515780;1;0;8;2;1;
0529;145515781;1;0;59;2;1;
0529;145515782;1;0;8;2;1;
0529;145515783;1;0;5;2#2V1;1;
0529;145515784;1;0;95;2#2V1;1;
0529;145515785;1;0;68;2;1;
0529;145515786;1;0;25;2;1;
0529;145515787;1;0;21;2;1;
0529;145515788;1;0;17;2;1;
0529;145515789;1;0;4;2;1;
0529;145515906;1;0;23;2;1;
0529;145515907;1;0;4;2;1;
0529;145515908;1;0;33;2;1;
0529;145515909;1;0;2;2;1;
0529;145515910;1;0;5;2;1;
0529;145515921;1;0;27;2;1;
0529;145515922;1;0;27;2;1;
0529;145515923;1;0;23;2;1;
0529;145515924;1;0;7;2;1;
0529;145515928;1;0;23;2;1;
0529;145515929;1;0;3;2;1;
0529;145515930;1;0;9;2;1;
0529;145515931;1;0;5;2;1;
0529;145515932;1;0;5;2;1;
0529;145515933;1;0;2;2;1;
0529;145515934;1;0;22;2;1;
0529;145515935;1;0;27;2;1;
0529;145515936;1;0;27;2;1;
0529;145515958;1;0;24;2;1;
0529;145515959;1;0;2;2;1;
0529;145515960;1;0;6;2;1;
0529;145515963;1;0;23;2;1;
0529;145515964;1;0;8;2;1;
0529;145515965;1;0;4;2;1;
0529;145515971;1;0;5;2;1;
0529;182786559;1;0;7;2;1;
0529;182786560;1;0;19;2;1;
0529;184545341;1;0;5;2;1;
0529;184545342;1;0;27;2;1;
0529;145516260;1;0;29;2;1;
0529;145516261;1;0;22;2;1;
0529;145516262;1;0;22;2;1;
0529;145516263;1;0;53;2;1;
0529;145516315;1;0;16;2;1;
0529;145516384;1;0;78;1V1;2;
0529;145516385;1;0;7;1V1;2;
0529;145516386;1;0;8;2V1;1;
0529;145516387;1;0;5;2V1;1;
0529;145516388;1;0;95;2V1;1;
0529;145516603;1;0;21;2;1;
0529;145516606;1;0;21;1;2;
0529;145516607;1;0;8;2;1;
0529;145516608;1;0;15;2;1;
0529;145516612;1;0;8;1;2;
0529;145516613;1;0;15;1;2;
0529;145516623;1;0;21;1;2;
0529;145516626;1;0;21;2;1;
0529;145516627;1;0;15;1;2;
0529;145516628;1;0;3;1;2;
0529;145516629;1;0;4;1;2;
0529;145516630;1;0;15;1;2;
0529;145516631;1;0;5;1;2;
0529;145516632;1;0;6;1;2;
0529;145516633;1;0;12;1;2;
0529;145516634;1;0;6;1;2;
0529;145516635;1;0;6;1;2;
0529;145516636;1;0;11;1;2;
0529;145516637;1;0;6;1;2;
0529;145516638;1;0;5;1;2;
0529;145516639;1;0;14;2;1;
0529;145516640;1;0;3;2;1;
0529;145516643;1;0;14;1;2;
0529;145516644;1;0;3;1;2;
0529;145516673;1;0;220;1;2;
0529;145516674;1;0;21;1;2;
0529;145516675;1;0;14;1;2;
0529;145516676;1;0;155;1;2;
0529;145516680;1;0;421;1;2;
0529;145516787;1;0;11;1;2;
0529;145516788;1;0;42;1;2;
0529;145516789;1;0;44;1;2;
0529;145516790;1;0;181;1;2;
0529;145516791;1;0;19;1;2;
0529;145516792;1;0;515;1;2;
0529;145516793;1;0;22;1;2;
0529;145516799;1;0;4;1;2;
0529;145516800;1;0;355;1;2;
0529;145516801;1;0;10;1;2;
0529;145516802;1;0;52;1;2;
0529;145516803;1;0;21;1;2;
0529;145516805;1;0;8;1;2;
0529;145516806;1;0;209;1;2;
0529;145516807;1;0;487;1;2;
0529;145516808;1;0;31;1;2;
0529;145516880;1;0;326;1;2;
0529;157014634;1;0;6;1;2;
0529;157014635;1;0;7;1;2;
0529;157014636;1;0;4;1;2;
0529;157014637;1;0;7;1;2;
0529;157014638;1;0;5;1;2;
0529;157014639;1;0;5;1;2;
0529;157014640;1;0;13;1;2;
0529;157014641;1;0;5;1;2;
0529;157014642;1;0;5;1;2;
0529;157014643;1;0;9;1;2;
0529;157014644;1;0;5;1;2;
0529;157014645;1;0;5;1;2;
0529;157014658;1;0;22;1;2;
0529;157014659;1;0;22;2;1;
0529;157014662;1;0;25;1;2;
0529;157014663;1;0;25;2;1;
0529;157014666;1;0;19;2;1;
0529;157014667;1;0;19;1;2;
0529;157014670;1;0;29;2;1;
0529;157014671;1;0;29;1;2;
0529;157014672;1;0;19;1;2;
0529;157014675;1;0;19;2;1;
0529;182786643;1;0;12;2;1;
0529;182786644;1;0;8;2;1;
0529;182786647;1;0;12;1;2;
0529;182786648;1;0;8;1;2;
0529;265769254;1;0;10;1;2;
0529;265769255;1;0;176;1;2;
0529;265769256;1;0;22;1;2;
