*0432*2011 VEGNETT*20110511*FART*20110511*VDB SVNT*AHT
..Eksport-dato 20110511
50;

Komm; TransID;kode;Fra;   Til;felt; Fart;
0432;145313743;1;0;627;1#2;30;
0432;145325802;1;0;355;1#2;60;
0432;145325803;1;0;353;1#2;60;
0432;145325804;1;0;183;1#2;60;
0432;145325805;1;0;5;1#2;60;
0432;145325806;1;0;393;1#2;60;
0432;145325807;1;0;379;1#2;60;
0432;145325808;1;0;119;1#2;60;
0432;145325809;1;0;18;1#2;60;
0432;145325810;1;0;184;1#2;60;
0432;145325811;1;0;90;1#2;60;
0432;145325812;1;0;329;1#2;60;
0432;145325813;1;0;192;1#2;60;
0432;145325814;1;0;1038;1#2;60;
0432;145325815;1;0;163;1#2;50;
0432;145325816;1;0;206;1#2;30;
0432;145325817;1;0;153;1#2;30;
0432;145325818;1;0;123;1#2;30;
0432;145325819;1;0;214;1#2;30;
0432;145325820;1;0;53;1#2;30;
0432;145325821;1;0;102;1#2;30;
0432;145325822;1;0;72;1#2;50;
0432;145325823;1;0;12;1#2;50;
0432;145325824;1;0;109;1#2;50;
0432;145325825;1;0;114;1#2;50;
0432;145325826;1;0;109;1#2;50;
0432;145325827;1;0;62;1#2;50;
0432;145325828;1;0;135;1#2;50;
0432;145325829;1;0;78;1#2;50;
0432;145325830;1;0;16;1#2;50;
0432;145325831;1;0;11;1#2;50;
0432;145325832;1;0;39;1#2;50;
0432;145325833;1;0;115;1#2;50;
0432;145325834;1;0;140;1#2;50;
0432;186830203;1;0;7;1#2;50;
0432;186830204;1;0;19;1#2;50;
0432;145325836;1;0;51;1#2;40;
0432;145325837;1;0;107;1#2;40;
0432;145325838;1;0;81;1#2;40;
0432;145325839;1;0;20;1#2;40;
0432;145325840;1;0;79;1#2;40;
0432;145325841;1;0;236;1#2;80;
0432;145325842;1;0;243;1#2;40;
0432;145325843;1;0;20;1#2;40;
0432;145325844;1;0;87;1#2;50;
0432;145325845;1;0;11;1#2;50;
0432;145325846;1;0;420;1#2;80;
0432;145325847;1;0;30;1#2;80;
0432;145325848;1;0;924;1#2;80;
0432;145325849;1;0;32;1#2;30;
0432;145325850;1;0;564;1#2;80;
0432;145325851;1;0;1020;1#2;80;
0432;145325852;1;0;262;1#2;50;
0432;145325853;1;0;308;1#2;50;
0432;145325854;1;0;41;1#2;50;
0432;145325855;1;0;241;1#2;50;
0432;145325856;1;0;194;1#2;80;
0432;145325857;1;0;69;1#2;80;
0432;145325858;1;0;43;1#2;80;
0432;145325859;1;0;72;1#2;80;
0432;145325860;1;0;105;1#2;80;
0432;145325861;1;0;108;1#2;80;
0432;145325862;1;0;229;1#2;80;
0432;145325863;1;0;34;1#2;80;
0432;145325864;1;0;91;1#2;50;
0432;145325865;1;0;121;1#2;50;
0432;145325866;1;0;96;1#2;50;
0432;145325867;1;0;41;1#2;80;
0432;145325868;1;0;316;1#2;80;
0432;145325869;1;0;61;1#2;80;
0432;145325870;1;0;173;1#2;80;
0432;145325871;1;0;493;1#2;80;
0432;145325872;1;0;312;1#2;80;
0432;145325873;1;0;407;1#2;80;
0432;145325874;1;0;815;1#2;80;
0432;145325875;1;0;205;1#2;80;
0432;145325876;1;0;513;1#2;80;
0432;145325877;1;0;438;1#2;80;
0432;145325878;1;0;131;1#2;80;
0432;145325879;1;0;694;1#2;80;
0432;145325880;1;0;358;1#2;80;
0432;145325881;1;0;660;1#2;50;
0432;145325882;1;0;221;1#2;80;
0432;145325883;1;0;143;1#2;80;
0432;145325884;1;0;97;1#2;80;
0432;145325885;1;0;2;1#2;80;
0432;145325886;1;0;283;1#2;50;
0432;145325887;1;0;234;1#2;80;
0432;145325888;1;0;992;1#2;80;
0432;145325889;1;0;241;1#2;80;
0432;145325890;1;0;598;1#2;80;
0432;145325891;1;0;209;1#2;50;
0432;145325892;1;0;581;1#2;80;
0432;145325893;1;0;33;1#2;80;
0432;145325894;1;0;68;1#2;80;
0432;145325895;1;0;334;1#2;80;
0432;145325896;1;0;96;1#2;80;
0432;145325897;1;0;71;1#2;50;
0432;145325898;1;0;654;1#2;80;
0432;145325899;1;0;150;1#2;80;
0432;145325900;1;0;183;1#2;80;
0432;145325901;1;0;1151;1#2;80;
0432;145325902;1;0;268;1#2;80;
0432;145325903;1;0;239;1#2;80;
0432;145325904;1;0;164;1#2;80;
0432;145325905;1;0;146;1#2;80;
0432;145325906;1;0;150;1#2;80;
0432;145325907;1;0;88;1#2;80;
0432;145325908;1;0;43;1#2;80;
0432;145325909;1;0;46;1#2;80;
0432;145325910;1;0;52;1#2;80;
0432;145325911;1;0;55;1#2;50;
0432;145325912;1;0;276;1#2;50;
0432;145325913;1;0;44;1#2;50;
0432;145325914;1;0;42;1#2;50;
0432;145325915;1;0;9;1#2;50;
0432;145325916;1;0;41;1#2;50;
0432;145325917;1;0;69;1#2;50;
0432;145325918;1;0;159;1#2;50;
0432;145325919;1;0;194;1#2;60;
0432;145325920;1;0;56;1#2;50;
0432;145325921;1;0;196;1#2;50;
0432;145325922;1;0;209;1#2;50;
0432;145325923;1;0;244;1#2;50;
0432;145325924;1;0;32;1#2;50;
0432;145325925;1;0;100;1#2;50;
0432;145325926;1;0;63;1#2;80;
0432;145325927;1;0;586;1#2;80;
0432;145325928;1;0;35;1#2;80;
0432;145325929;1;0;703;1#2;80;
0432;145325930;1;0;384;1#2;80;
0432;145325931;1;0;65;1#2;80;
0432;145325932;1;0;637;1#2;80;
0432;145325933;1;0;59;1#2;80;
0432;145325934;1;0;373;1#2;80;
0432;145325935;1;0;197;1#2;80;
0432;145325936;1;0;234;1#2;80;
0432;145325937;1;0;320;1#2;80;
0432;145325938;1;0;143;1#2;50;
0432;145325939;1;0;150;1#2;50;
0432;145325940;1;0;385;1#2;50;
0432;145325941;1;0;425;1#2;80;
0432;145325942;1;0;59;1#2;80;
0432;145325943;1;0;111;1#2;80;
0432;145325944;1;0;36;1#2;80;
0432;145325945;1;0;28;1#2;80;
0432;145325946;1;0;74;1#2;80;
0432;145325947;1;0;72;1#2;50;
0432;145325948;1;0;147;1#2;50;
0432;145325949;1;0;151;1#2;50;
0432;145325950;1;0;59;1#2;50;
0432;145325951;1;0;6;1#2;50;
0432;145325952;1;0;27;1#2;50;
0432;145325953;1;0;42;1#2;50;
0432;145325954;1;0;10;1#2;50;
0432;145325955;1;0;93;1#2;50;
0432;145325956;1;0;100;1#2;50;
0432;145325957;1;0;54;1#2;50;
0432;145325958;1;0;89;1#2;50;
0432;145325959;1;0;64;1#2;50;
0432;145325960;1;0;76;1#2;50;
0432;145325961;1;0;67;1#2;50;
0432;145325962;1;0;79;1#2;50;
0432;145325963;1;0;119;1#2;50;
0432;145325964;1;0;78;1#2;50;
0432;145325965;1;0;66;1#2;50;
0432;145325966;1;0;73;1#2;50;
0432;145325967;1;0;15;1#2;50;
0432;145325968;1;0;55;1#2;50;
0432;145325969;1;0;91;1#2;50;
0432;145325970;1;0;62;1#2;50;
0432;248737146;1;0;312;1#2;80;
0432;248737147;1;0;598;1#2;80;
0432;145325972;1;0;200;1#2;80;
0432;145325973;1;0;51;1#2;80;
0432;145325974;1;0;46;1#2;80;
0432;145325975;1;0;6;1#2;80;
0432;145325976;1;0;49;1#2;80;
0432;145325977;1;0;197;1#2;80;
0432;145325978;1;0;566;1#2;80;
0432;145325979;1;0;345;1#2;80;
0432;145325980;1;0;722;1#2;80;
0432;145325981;1;0;40;1#2;50;
0432;145325982;1;0;35;1#2;50;
0432;145325983;1;0;72;1#2;50;
0432;145325984;1;0;383;1#2;50;
0432;145325985;1;0;557;1#2;80;
0432;145325986;1;0;308;1#2;80;
0432;145325987;1;0;398;1#2;80;
0432;145325988;1;0;523;1#2;50;
0432;145325989;1;0;578;1#2;50;
0432;145325990;1;0;16;1#2;80;
0432;145325991;1;0;494;1#2;80;
0432;145325992;1;0;16;1#2;80;
0432;145325993;1;0;123;1#2;80;
0432;145325994;1;0;122;1#2;80;
0432;145325995;1;0;63;1#2;80;
0432;145325996;1;0;1177;1#2;80;
0432;145325997;1;0;1958;1#2;80;
0432;145325998;1;0;286;1#2;80;
0432;145325999;1;0;802;1#2;80;
0432;145326000;1;0;228;1#2;80;
0432;145326001;1;0;135;1#2;80;
0432;145326002;1;0;197;1#2;80;
0432;145326003;1;0;445;1#2;80;
0432;145326004;1;0;347;1#2;80;
0432;145326005;1;0;357;1#2;50;
0432;145326006;1;0;2423;1#2;80;
0432;145326007;1;0;348;1#2;80;
0432;145326008;1;0;428;1#2;80;
0432;145326009;1;0;203;1#2;80;
0432;145326010;1;0;439;1#2;80;
0432;145326011;1;0;32;1#2;80;
0432;145326012;1;0;3;1#2;80;
0432;145326013;1;0;64;1#2;80;
0432;145326014;1;0;149;1#2;80;
0432;145326015;1;0;87;1#2;80;
0432;145326016;1;0;64;1#2;80;
0432;145326017;1;0;67;1#2;80;
0432;145326018;1;0;16;1#2;80;
0432;145326019;1;0;117;1#2;80;
0432;145326020;1;0;247;1#2;50;
0432;145326021;1;0;846;1#2;80;
0432;145326022;1;0;11;1#2;80;
0432;145326023;1;0;448;1#2;80;
0432;145364734;1;0;109;1#2;80;
0432;145364735;1;0;170;1#2;80;
0432;145364736;1;0;121;1#2;30;
0432;145364737;1;0;1255;1#2;60;
0432;145364738;1;0;1626;1#2;60;
0432;145364739;1;0;733;1#2;30;
0432;145364740;1;0;609;1#2;30;
0432;145364741;1;0;1258;1#2;30;
0432;145364742;1;0;436;1#2;30;
0432;145364743;1;0;220;1#2;60;
0432;145364744;1;0;105;1#2;60;
0432;145364745;1;0;217;1#2;60;
0432;145364746;1;0;239;1#2;60;
0432;145364747;1;0;350;1#2;60;
0432;145364748;1;0;264;1#2;60;
0432;145364749;1;0;237;1#2;60;
0432;145364750;1;0;30;1#2;30;
0432;145364751;1;0;127;1#2;30;
0432;145364752;1;0;47;1#2;30;
0432;145364753;1;0;36;1#2;30;
0432;145364754;1;0;49;1#2;30;
0432;145364755;1;0;86;1#2;30;
0432;145364756;1;0;81;1#2;30;
0432;145364757;1;0;60;1#2;30;
0432;145364758;1;0;101;1#2;30;
0432;145364759;1;0;32;1#2;30;
0432;145364760;1;0;52;1#2;30;
0432;145364761;1;0;52;1#2;30;
0432;145364762;1;0;97;1#2;30;
0432;145364763;1;0;112;1#2;30;
0432;145364764;1;0;41;1#2;30;
0432;145364765;1;0;31;1#2;30;
0432;145364766;1;0;40;1#2;30;
0432;145364767;1;0;58;1#2;30;
0432;145364768;1;0;70;1#2;30;
0432;145364769;1;0;57;1#2;30;
0432;145364770;1;0;118;1#2;30;
0432;145364771;1;0;30;1#2;30;
0432;145364772;1;0;53;1#2;30;
0432;145364773;1;0;51;1#2;30;
0432;145364774;1;0;71;1#2;30;
0432;145364775;1;0;1975;1#2;30;
0432;145364776;1;0;139;1#2;30;
0432;145364777;1;0;630;1#2;30;
0432;145364778;1;0;202;1#2;30;
0432;145364779;1;0;3236;1#2;30;
0432;145364780;1;0;27;1#2;30;
0432;145364781;1;0;4;1#2;60;
0432;145364782;1;0;1203;1#2;60;
0432;145364783;1;0;187;1#2;60;
0432;145364784;1;0;120;1#2;60;
0432;145364785;1;0;699;1#2;60;
0432;145364786;1;0;267;1#2;60;
0432;145364787;1;0;35;1#2;60;
0432;145364788;1;0;214;1#2;60;
0432;145364789;1;0;68;1#2;60;
0432;145364790;1;0;370;1#2;60;
0432;145364791;1;0;77;1#2;60;
0432;145364792;1;0;53;1#2;60;
0432;145364793;1;0;54;1#2;60;
0432;145364794;1;0;25;1#2;60;
0432;145364795;1;0;271;1#2;60;
0432;145364796;1;0;69;1#2;60;
0432;145364797;1;0;174;1#2;60;
0432;145364798;1;0;21;1#2;60;
0432;145364799;1;0;365;1#2;60;
0432;145364800;1;0;274;1#2;60;
0432;145364801;1;0;28;1#2;60;
0432;145364802;1;0;6423;1#2;60;
0432;145364803;1;0;4300;1#2;60;
0432;145364804;1;0;1046;1#2;60;
0432;145364805;1;0;252;1#2;60;
0432;145364806;1;0;628;1#2;60;
0432;145364807;1;0;467;1#2;60;
0432;145364808;1;0;1593;1#2;30;
0432;145364809;1;0;2;1#2;30;
0432;145364810;1;0;148;1#2;30;
0432;145364811;1;0;8;1#2;30;
0432;145364812;1;0;11;1#2;30;
0432;145364814;1;0;20;1#2;30;
0432;145364815;1;0;13;1#2;30;
0432;145364816;1;0;24;1#2;30;
0432;145364817;1;0;15;1#2;30;
0432;145364818;1;0;28;1#2;30;
0432;145364819;1;0;17;1#2;30;
0432;145364820;1;0;24;1#2;30;
0432;145364821;1;0;26;1#2;30;
0432;145364822;1;0;13;1#2;30;
0432;145364823;1;0;11;1#2;30;
0432;145364824;1;0;16;1#2;30;
0432;145364825;1;0;16;1#2;30;
0432;145364826;1;0;8;1#2;30;
0432;145364827;1;0;18;1#2;30;
0432;145364828;1;0;26;1#2;30;
0432;145364829;1;0;19;1#2;30;
0432;145364830;1;0;24;1#2;30;
0432;145364831;1;0;64;1#2;30;
0432;145364832;1;0;5;1#2;30;
0432;145364833;1;0;5;1#2;30;
0432;145364834;1;0;13;1#2;30;
0432;145364835;1;0;3;1#2;30;
0432;145364836;1;0;10;1#2;30;
0432;145364837;1;0;4;1#2;30;
0432;145364838;1;0;10;1#2;30;
0432;145364839;1;0;3;1#2;30;
0432;145364840;1;0;7;1#2;30;
0432;145364841;1;0;11;1#2;30;
0432;145364842;1;0;6;1#2;30;
0432;145364843;1;0;38;1#2;30;
0432;145364844;1;0;44;1#2;30;
0432;145364845;1;0;19;1#2;30;
0432;145364846;1;0;16;1#2;30;
0432;145364847;1;0;20;1#2;30;
0432;145364848;1;0;27;1#2;30;
0432;145364849;1;0;34;1#2;30;
0432;145364850;1;0;28;1#2;30;
0432;145364851;1;0;39;1#2;30;
0432;145364852;1;0;30;1#2;30;
0432;145364853;1;0;14;1#2;30;
0432;145364854;1;0;20;1#2;30;
0432;145364855;1;0;18;1#2;30;
0432;145364856;1;0;15;1#2;30;
0432;145364857;1;0;37;1#2;30;
0432;145364858;1;0;55;1#2;30;
0432;145364859;1;0;10;1#2;30;
0432;145364860;1;0;21;1#2;30;
0432;145364861;1;0;29;1#2;30;
0432;145364862;1;0;10;1#2;30;
0432;145364863;1;0;13;1#2;30;
0432;145364864;1;0;48;1#2;30;
0432;145364865;1;0;22;1#2;30;
0432;145364866;1;0;13;1#2;30;
0432;145364867;1;0;22;1#2;30;
0432;145364868;1;0;24;1#2;30;
0432;145364869;1;0;24;1#2;30;
0432;145364870;1;0;34;1#2;30;
0432;145364871;1;0;16;1#2;30;
0432;145364872;1;0;24;1#2;30;
0432;145364873;1;0;14;1#2;30;
0432;145364874;1;0;21;1#2;30;
0432;145364875;1;0;29;1#2;30;
0432;145364876;1;0;18;1#2;30;
0432;145364877;1;0;10;1#2;30;
0432;145364878;1;0;19;1#2;30;
0432;145364879;1;0;26;1#2;30;
0432;145364880;1;0;35;1#2;30;
0432;145364881;1;0;16;1#2;30;
0432;145364882;1;0;18;1#2;30;
0432;145364883;1;0;13;1#2;30;
0432;145364884;1;0;9;1#2;30;
0432;145364885;1;0;3;1#2;30;
0432;145364886;1;0;15;1#2;30;
0432;145364887;1;0;8;1#2;30;
0432;145364888;1;0;37;1#2;30;
0432;145364889;1;0;14;1#2;30;
0432;145364890;1;0;18;1#2;30;
0432;145364891;1;0;32;1#2;30;
0432;145364892;1;0;19;1#2;30;
0432;145364893;1;0;14;1#2;30;
0432;145364894;1;0;13;1#2;30;
0432;145364895;1;0;16;1#2;30;
0432;145364896;1;0;19;1#2;30;
0432;145364897;1;0;30;1#2;30;
0432;145364898;1;0;20;1#2;30;
0432;145364899;1;0;10;1#2;30;
0432;145364900;1;0;11;1#2;30;
0432;145364901;1;0;15;1#2;30;
0432;145364902;1;0;23;1#2;30;
0432;145364903;1;0;8;1#2;30;
0432;145364904;1;0;19;1#2;30;
0432;145364905;1;0;32;1#2;30;
0432;145364906;1;0;25;1#2;30;
0432;145364907;1;0;30;1#2;30;
0432;145364908;1;0;29;1#2;30;
0432;145364909;1;0;72;1#2;30;
0432;145364910;1;0;22;1#2;30;
0432;145364911;1;0;51;1#2;30;
0432;145364912;1;0;51;1#2;30;
0432;145364913;1;0;20;1#2;30;
0432;145364914;1;0;31;1#2;30;
0432;145364915;1;0;52;1#2;80;
0432;145364916;1;0;43;1#2;30;
0432;145364917;1;0;9;1#2;30;
0432;145364918;1;0;52;1#2;30;
0432;145364919;1;0;48;1#2;30;
0432;145364920;1;0;36;1#2;30;
0432;145364921;1;0;20;1#2;30;
0432;145364922;1;0;9;1#2;30;
0432;145364923;1;0;22;1#2;30;
0432;145364924;1;0;18;1#2;30;
0432;145364925;1;0;17;1#2;30;
0432;145364926;1;0;41;1#2;30;
0432;145364927;1;0;30;1#2;30;
0432;145364928;1;0;79;1#2;30;
0432;145364929;1;0;17;1#2;30;
0432;145364930;1;0;37;1#2;30;
0432;145364931;1;0;7;1#2;30;
0432;145364932;1;0;18;1#2;30;
0432;145364933;1;0;8;1#2;30;
0432;145364934;1;0;8;1#2;30;
0432;145364935;1;0;8;1#2;30;
0432;145364936;1;0;48;1#2;30;
0432;145364937;1;0;17;1#2;30;
0432;145364938;1;0;17;1#2;30;
0432;145364939;1;0;17;1#2;30;
0432;145364940;1;0;13;1#2;30;
0432;145364941;1;0;10;1#2;30;
0432;145364942;1;0;40;1#2;30;
0432;145364943;1;0;12;1#2;30;
0432;145364944;1;0;30;1#2;30;
0432;145364945;1;0;11;1#2;30;
0432;145364946;1;0;19;1#2;30;
0432;145364947;1;0;52;1#2;30;
0432;145364948;1;0;36;1#2;30;
0432;145364949;1;0;19;1#2;30;
0432;145364950;1;0;12;1#2;30;
0432;145364951;1;0;12;1#2;30;
0432;145364952;1;0;13;1#2;30;
0432;145364953;1;0;16;1#2;30;
0432;145364954;1;0;9;1#2;30;
0432;145364955;1;0;25;1#2;30;
0432;145364956;1;0;103;1#2;30;
0432;145364957;1;0;337;1#2;30;
0432;145364958;1;0;948;1#2;30;
0432;145364959;1;0;225;1#2;30;
0432;145364960;1;0;2345;1#2;30;
0432;145364961;1;0;52;1#2;30;
0432;145364963;1;0;406;1#2;30;
0432;145364964;1;0;1507;1#2;30;
0432;145364966;1;0;1498;1#2;30;
0432;145364967;1;0;531;1#2;30;
0432;145364968;1;0;111;1#2;30;
0432;145364969;1;0;65;1#2;30;
0432;145364970;1;0;230;1#2;30;
0432;145364971;1;0;240;1#2;30;
0432;145364972;1;0;53;1#2;30;
0432;145364973;1;0;307;1#2;30;
0432;145364974;1;0;57;1#2;30;
0432;145364975;1;0;6919;1#2;30;
0432;145364976;1;0;451;1#2;30;
0432;145364977;1;0;239;1#2;30;
0432;145364978;1;0;688;1#2;30;
0432;145364979;1;0;57;1#2;30;
0432;145364980;1;0;368;1#2;30;
0432;145364981;1;0;85;1#2;30;
0432;145364982;1;0;173;1#2;30;
0432;145364983;1;0;67;1#2;30;
0432;145364984;1;0;135;1#2;30;
0432;145364985;1;0;327;1#2;30;
0432;145364986;1;0;80;1#2;30;
0432;145364987;1;0;103;1#2;30;
0432;145364988;1;0;75;1#2;30;
0432;145364989;1;0;38;1#2;30;
0432;145364990;1;0;83;1#2;30;
0432;145364991;1;0;107;1#2;30;
0432;145364992;1;0;171;1#2;30;
0432;145364993;1;0;53;1#2;30;
0432;145364994;1;0;53;1#2;30;
0432;145364995;1;0;179;1#2;30;
0432;145364996;1;0;223;1#2;30;
0432;145364997;1;0;467;1#2;30;
0432;145364998;1;0;95;1#2;30;
0432;145364999;1;0;316;1#2;30;
0432;145365000;1;0;302;1#2;30;
0432;145365001;1;0;218;1#2;30;
0432;145365002;1;0;235;1#2;30;
0432;145365003;1;0;39;1#2;30;
0432;145365004;1;0;141;1#2;30;
0432;145365005;1;0;100;1#2;30;
0432;145365006;1;0;641;1#2;30;
0432;145365007;1;0;46;1#2;30;
0432;145365008;1;0;75;1#2;30;
0432;145365009;1;0;45;1#2;30;
0432;145365010;1;0;208;1#2;30;
0432;145365011;1;0;35;1#2;30;
0432;145365012;1;0;60;1#2;30;
0432;145365013;1;0;460;1#2;30;
0432;145365014;1;0;60;1#2;30;
0432;145365015;1;0;45;1#2;30;
0432;145365016;1;0;56;1#2;30;
0432;145365017;1;0;136;1#2;30;
0432;145365018;1;0;257;1#2;30;
0432;145365019;1;0;95;1#2;30;
0432;145365020;1;0;160;1#2;30;
0432;145365021;1;0;174;1#2;30;
0432;145365022;1;0;295;1#2;30;
0432;145365023;1;0;69;1#2;30;
0432;145365024;1;0;191;1#2;30;
0432;145365025;1;0;90;1#2;30;
0432;145365026;1;0;388;1#2;30;
0432;145365027;1;0;729;1#2;30;
0432;145365028;1;0;432;1#2;30;
0432;145365029;1;0;21;1#2;30;
0432;145365030;1;0;455;1#2;30;
0432;145365031;1;0;60;1#2;30;
0432;145365032;1;0;26;1#2;30;
0432;145365033;1;0;52;1#2;30;
0432;145365034;1;0;180;1#2;30;
0432;145365035;1;0;128;1#2;30;
0432;145365036;1;0;1197;1#2;30;
0432;145365037;1;0;655;1#2;30;
0432;145365038;1;0;561;1#2;30;
0432;145365039;1;0;98;1#2;30;
0432;145365040;1;0;48;1#2;30;
0432;145365041;1;0;87;1#2;30;
0432;145365042;1;0;231;1#2;30;
0432;145365043;1;0;167;1#2;30;
0432;145365044;1;0;503;1#2;30;
0432;145365045;1;0;45;1#2;30;
0432;145365046;1;0;25;1#2;30;
0432;145365047;1;0;61;1#2;30;
0432;145365048;1;0;66;1#2;30;
0432;145365049;1;0;658;1#2;30;
0432;145365050;1;0;3669;1#2;30;
0432;145365051;1;0;212;1#2;30;
0432;145365052;1;0;97;1#2;30;
0432;145365053;1;0;19;1#2;30;
0432;145365054;1;0;255;1#2;30;
0432;145365055;1;0;344;1#2;30;
0432;145365056;1;0;40;1#2;30;
0432;145365057;1;0;133;1#2;30;
0432;145365058;1;0;455;1#2;30;
0432;145365059;1;0;78;1#2;30;
0432;145365060;1;0;60;1#2;30;
0432;145365061;1;0;168;1#2;30;
0432;145365062;1;0;92;1#2;30;
0432;145365063;1;0;140;1#2;30;
0432;145365064;1;0;25;1#2;30;
0432;145365065;1;0;65;1#2;30;
0432;145365066;1;0;143;1#2;30;
0432;145365067;1;0;74;1#2;30;
0432;145365068;1;0;19;1#2;30;
0432;145365069;1;0;170;1#2;30;
0432;145365070;1;0;41;1#2;30;
0432;145365071;1;0;95;1#2;30;
0432;145365072;1;0;122;1#2;30;
0432;145365073;1;0;103;1#2;30;
0432;145365074;1;0;80;1#2;30;
0432;145365075;1;0;1333;1#2;30;
0432;145365076;1;0;92;1#2;30;
0432;145365077;1;0;3025;1#2;30;
0432;145365078;1;0;4902;1#2;30;
0432;145365079;1;0;2343;1#2;30;
0432;145365080;1;0;3403;1#2;30;
0432;145365081;1;0;1140;1#2;30;
0432;145365082;1;0;1844;1#2;30;
0432;145365083;1;0;2009;1#2;30;
0432;145365084;1;0;686;1#2;30;
0432;145365085;1;0;1033;1#2;30;
0432;145365086;1;0;127;1#2;30;
0432;145365087;1;0;80;1#2;30;
0432;145365088;1;0;2309;1#2;30;
0432;145365089;1;0;2256;1#2;30;
0432;145365090;1;0;226;1#2;30;
0432;145365091;1;0;239;1#2;30;
0432;145365092;1;0;356;1#2;30;
0432;145365093;1;0;901;1#2;30;
0432;145365094;1;0;2248;1#2;30;
0432;145365095;1;0;683;1#2;30;
0432;145365096;1;0;1130;1#2;30;
0432;145365097;1;0;127;1#2;30;
0432;145365098;1;0;789;1#2;30;
0432;145365099;1;0;2355;1#2;30;
0432;145365100;1;0;420;1#2;30;
0432;145365101;1;0;168;1#2;30;
0432;145365102;1;0;213;1#2;30;
0432;145365103;1;0;925;1#2;30;
0432;145365104;1;0;48;1#2;30;
0432;145365105;1;0;2006;1#2;30;
0432;145365106;1;0;1318;1#2;30;
0432;145365107;1;0;316;1#2;30;
0432;145365108;1;0;775;1#2;30;
0432;240326930;1;0;618;1#2;30;
0432;145365110;1;0;1730;1#2;30;
0432;145365111;1;0;380;1#2;30;
0432;145365112;1;0;630;1#2;30;
0432;248737148;1;0;8;1#2;30;
0432;248737149;1;0;62;1#2;30;
0432;145365114;1;0;183;1#2;30;
0432;145365115;1;0;91;1#2;30;
0432;145365116;1;0;320;1#2;30;
0432;145365117;1;0;5365;1#2;60;
0432;145365118;1;0;141;1#2;30;
0432;145365119;1;0;572;1#2;30;
0432;145365120;1;0;63;1#2;30;
0432;145365121;1;0;4724;1#2;60;
0432;145365122;1;0;55;1#2;30;
0432;145365123;1;0;70;1#2;30;
0432;145365124;1;0;153;1#2;30;
0432;145365125;1;0;149;1#2;30;
0432;145365126;1;0;226;1#2;30;
0432;145365127;1;0;223;1#2;30;
0432;145365128;1;0;78;1#2;30;
0432;145365129;1;0;91;1#2;30;
0432;145365130;1;0;95;1#2;30;
0432;145365131;1;0;136;1#2;30;
0432;145365132;1;0;154;1#2;30;
0432;145365133;1;0;722;1#2;30;
0432;145365134;1;0;1679;1#2;30;
0432;145365135;1;0;106;1#2;30;
0432;145365136;1;0;34;1#2;30;
0432;145365137;1;0;96;1#2;30;
0432;145365138;1;0;68;1#2;30;
0432;145365139;1;0;60;1#2;30;
0432;145365140;1;0;71;1#2;30;
0432;145365141;1;0;62;1#2;30;
0432;145365142;1;0;176;1#2;30;
0432;145365143;1;0;176;1#2;30;
0432;145365144;1;0;44;1#2;30;
0432;145365145;1;0;118;1#2;30;
0432;145365146;1;0;143;1#2;30;
0432;145365147;1;0;97;1#2;30;
0432;145365148;1;0;451;1#2;30;
0432;145365149;1;0;44;1#2;30;
0432;145365150;1;0;40;1#2;30;
0432;145365151;1;0;99;1#2;30;
0432;145365152;1;0;195;1#2;30;
0432;145365153;1;0;360;1#2;30;
0432;145365154;1;0;199;1#2;30;
0432;145365155;1;0;68;1#2;30;
0432;145365156;1;0;87;1#2;30;
0432;145365157;1;0;177;1#2;30;
0432;145365158;1;0;441;1#2;30;
0432;145365159;1;0;226;1#2;30;
0432;145365160;1;0;25;1#2;30;
0432;145365161;1;0;188;1#2;30;
0432;145365162;1;0;64;1#2;30;
0432;145365163;1;0;21;1#2;30;
0432;145365164;1;0;69;1#2;30;
0432;145365165;1;0;47;1#2;30;
0432;145365166;1;0;156;1#2;30;
0432;145365167;1;0;98;1#2;30;
0432;145365168;1;0;171;1#2;30;
0432;145365169;1;0;65;1#2;30;
0432;145365170;1;0;71;1#2;30;
0432;145365171;1;0;74;1#2;30;
0432;145365172;1;0;107;1#2;30;
0432;145365173;1;0;74;1#2;30;
0432;145365174;1;0;153;1#2;30;
0432;145365175;1;0;139;1#2;30;
0432;145365176;1;0;62;1#2;30;
0432;145365177;1;0;40;1#2;30;
0432;145365178;1;0;117;1#2;30;
0432;145365179;1;0;225;1#2;30;
0432;145365180;1;0;215;1#2;30;
0432;145365181;1;0;408;1#2;30;
0432;145365182;1;0;38;1#2;30;
0432;145365183;1;0;39;1#2;30;
0432;145365184;1;0;864;1#2;30;
0432;145365185;1;0;106;1#2;30;
0432;145365186;1;0;246;1#2;30;
0432;145365187;1;0;46;1#2;30;
0432;145365188;1;0;79;1#2;30;
0432;145365189;1;0;465;1#2;30;
0432;145365190;1;0;200;1#2;30;
0432;145365191;1;0;266;1#2;30;
0432;145365192;1;0;96;1#2;30;
0432;145365193;1;0;80;1#2;30;
0432;145365194;1;0;176;1#2;30;
0432;145365195;1;0;117;1#2;30;
0432;145365196;1;0;20;1#2;30;
0432;145365197;1;0;77;1#2;30;
0432;145365198;1;0;279;1#2;30;
0432;145365199;1;0;136;1#2;30;
0432;145365200;1;0;96;1#2;30;
0432;145365201;1;0;25;1#2;30;
0432;145365202;1;0;336;1#2;30;
0432;145365203;1;0;64;1#2;30;
0432;145365204;1;0;110;1#2;30;
0432;145365205;1;0;106;1#2;30;
0432;145365206;1;0;85;1#2;30;
0432;145365207;1;0;48;1#2;30;
0432;145365208;1;0;127;1#2;30;
0432;145365209;1;0;368;1#2;30;
0432;145365210;1;0;44;1#2;30;
0432;145365211;1;0;389;1#2;30;
0432;145365212;1;0;85;1#2;30;
0432;145365213;1;0;200;1#2;30;
0432;145365214;1;0;68;1#2;30;
0432;145365215;1;0;487;1#2;30;
0432;145365216;1;0;328;1#2;30;
0432;145365217;1;0;44;1#2;30;
0432;145365218;1;0;291;1#2;30;
0432;145365219;1;0;535;1#2;30;
0432;145365220;1;0;256;1#2;30;
0432;145365221;1;0;58;1#2;30;
0432;145365222;1;0;226;1#2;30;
0432;145365223;1;0;70;1#2;30;
0432;145365224;1;0;42;1#2;30;
0432;145365225;1;0;120;1#2;30;
0432;145365226;1;0;43;1#2;30;
0432;145365227;1;0;94;1#2;30;
0432;145365228;1;0;29;1#2;30;
0432;145365229;1;0;41;1#2;30;
0432;145365230;1;0;21;1#2;30;
0432;145365231;1;0;452;1#2;30;
0432;145365232;1;0;90;1#2;30;
0432;145365233;1;0;34;1#2;30;
0432;145365234;1;0;69;1#2;30;
0432;145365235;1;0;81;1#2;30;
0432;145365236;1;0;76;1#2;30;
0432;145365237;1;0;76;1#2;30;
0432;145365238;1;0;214;1#2;30;
0432;145365239;1;0;73;1#2;30;
0432;145365240;1;0;75;1#2;30;
0432;145365241;1;0;69;1#2;30;
0432;145365242;1;0;140;1#2;30;
0432;145365243;1;0;118;1#2;30;
0432;145365244;1;0;43;1#2;30;
0432;145365245;1;0;166;1#2;30;
0432;145365246;1;0;48;1#2;30;
0432;145365247;1;0;35;1#2;30;
0432;145365248;1;0;38;1#2;30;
0432;145365249;1;0;20;1#2;30;
0432;145365250;1;0;51;1#2;30;
0432;145365251;1;0;225;1#2;30;
0432;145365252;1;0;323;1#2;30;
0432;145365253;1;0;51;1#2;30;
0432;145365254;1;0;164;1#2;30;
0432;145365255;1;0;67;1#2;30;
0432;145365256;1;0;71;1#2;30;
0432;145365257;1;0;111;1#2;30;
0432;145365258;1;0;116;1#2;30;
0432;145365259;1;0;45;1#2;30;
0432;145365260;1;0;107;1#2;30;
0432;145365261;1;0;325;1#2;30;
0432;145365262;1;0;58;1#2;30;
0432;145365263;1;0;165;1#2;30;
0432;145365264;1;0;90;1#2;30;
0432;145365265;1;0;98;1#2;30;
0432;145365266;1;0;44;1#2;30;
0432;145365267;1;0;327;1#2;30;
0432;145365268;1;0;71;1#2;30;
0432;145365269;1;0;455;1#2;30;
0432;145365270;1;0;143;1#2;30;
0432;145365271;1;0;257;1#2;30;
0432;145365272;1;0;196;1#2;30;
0432;145365273;1;0;85;1#2;30;
0432;145365274;1;0;279;1#2;30;
0432;145365275;1;0;203;1#2;30;
0432;145365276;1;0;193;1#2;30;
0432;145365277;1;0;381;1#2;30;
0432;145365278;1;0;191;1#2;30;
0432;145365279;1;0;84;1#2;30;
0432;145365280;1;0;23;1#2;30;
0432;145365281;1;0;107;1#2;30;
0432;145365282;1;0;39;1#2;30;
0432;145365283;1;0;114;1#2;30;
0432;145365284;1;0;145;1#2;30;
0432;145365285;1;0;83;1#2;30;
0432;145365286;1;0;231;1#2;30;
0432;145365287;1;0;74;1#2;60;
0432;145365288;1;0;138;1#2;30;
0432;145365289;1;0;210;1#2;30;
0432;145365290;1;0;26;1#2;30;
0432;145365291;1;0;54;1#2;30;
0432;145365292;1;0;446;1#2;30;
0432;145365293;1;0;57;1#2;30;
0432;145365294;1;0;186;1#2;30;
0432;145365295;1;0;67;1#2;30;
0432;145365296;1;0;147;1#2;60;
0432;145365297;1;0;178;1#2;30;
0432;145365298;1;0;57;1#2;30;
0432;145365299;1;0;87;1#2;30;
0432;145365300;1;0;224;1#2;30;
0432;145365301;1;0;114;1#2;30;
0432;145365302;1;0;525;1#2;30;
0432;145365303;1;0;53;1#2;30;
0432;145365304;1;0;137;1#2;30;
0432;145365305;1;0;174;1#2;30;
0432;145365306;1;0;240;1#2;30;
0432;145365307;1;0;346;1#2;60;
0432;145365308;1;0;59;1#2;30;
0432;145365309;1;0;68;1#2;30;
0432;145365310;1;0;113;1#2;30;
0432;145365311;1;0;110;1#2;30;
0432;145365312;1;0;188;1#2;30;
0432;145365313;1;0;481;1#2;30;
0432;145365314;1;0;90;1#2;30;
0432;145365315;1;0;90;1#2;30;
0432;145365316;1;0;77;1#2;30;
0432;145365317;1;0;109;1#2;30;
0432;145365318;1;0;61;1#2;30;
0432;145365319;1;0;573;1#2;30;
0432;145365320;1;0;83;1#2;60;
0432;145365321;1;0;58;1#2;60;
0432;145365322;1;0;81;1#2;30;
0432;145365323;1;0;87;1#2;30;
0432;145365324;1;0;238;1#2;30;
0432;145365325;1;0;70;1#2;30;
0432;145365326;1;0;70;1#2;30;
0432;145365327;1;0;186;1#2;30;
0432;145365328;1;0;48;1#2;30;
0432;145365329;1;0;84;1#2;30;
0432;145365330;1;0;24;1#2;30;
0432;145365331;1;0;84;1#2;30;
0432;145365332;1;0;95;1#2;30;
0432;145365333;1;0;82;1#2;30;
0432;145365334;1;0;55;1#2;30;
0432;145365335;1;0;50;1#2;30;
0432;145365336;1;0;116;1#2;30;
0432;145365337;1;0;35;1#2;30;
0432;145365338;1;0;40;1#2;30;
0432;145365339;1;0;27;1#2;30;
0432;145365340;1;0;154;1#2;30;
0432;145365341;1;0;41;1#2;30;
0432;145365342;1;0;91;1#2;30;
0432;145365343;1;0;123;1#2;30;
0432;145365344;1;0;76;1#2;30;
0432;145365345;1;0;121;1#2;30;
0432;145365346;1;0;94;1#2;30;
0432;145365347;1;0;88;1#2;30;
0432;145365348;1;0;92;1#2;30;
0432;145365349;1;0;75;1#2;30;
0432;145365350;1;0;91;1#2;30;
0432;145365351;1;0;56;1#2;30;
0432;145365352;1;0;122;1#2;30;
0432;145365353;1;0;64;1#2;30;
0432;145365354;1;0;506;1#2;30;
0432;145365355;1;0;47;1#2;30;
0432;145365356;1;0;243;1#2;30;
0432;145365357;1;0;145;1#2;30;
0432;145365358;1;0;429;1#2;30;
0432;145365359;1;0;460;1#2;30;
0432;145365360;1;0;209;1#2;30;
0432;145365361;1;0;101;1#2;30;
0432;145365362;1;0;142;1#2;30;
0432;145365363;1;0;152;1#2;30;
0432;145365364;1;0;125;1#2;30;
0432;145365365;1;0;96;1#2;30;
0432;145365366;1;0;90;1#2;30;
0432;145365367;1;0;388;1#2;30;
0432;145365368;1;0;218;1#2;30;
0432;145365369;1;0;282;1#2;30;
0432;145365370;1;0;388;1#2;30;
0432;145365371;1;0;255;1#2;30;
0432;145365372;1;0;186;1#2;30;
0432;145365373;1;0;173;1#2;30;
0432;145365374;1;0;29;1#2;30;
0432;145365375;1;0;72;1#2;30;
0432;145365376;1;0;64;1#2;30;
0432;145365377;1;0;298;1#2;30;
0432;145365378;1;0;236;1#2;30;
0432;145365379;1;0;46;1#2;30;
0432;145365381;1;0;293;1#2;30;
0432;145365382;1;0;300;1#2;30;
0432;145365383;1;0;206;1#2;30;
0432;145365384;1;0;155;1#2;30;
0432;145365385;1;0;80;1#2;30;
0432;145365386;1;0;646;1#2;30;
0432;145365387;1;0;178;1#2;30;
0432;145365388;1;0;56;1#2;30;
0432;145365389;1;0;38;1#2;30;
0432;145365390;1;0;173;1#2;30;
0432;145365391;1;0;48;1#2;30;
0432;145365392;1;0;705;1#2;30;
0432;145365393;1;0;42;1#2;30;
0432;145365394;1;0;85;1#2;30;
0432;145365395;1;0;52;1#2;30;
0432;145365396;1;0;84;1#2;30;
0432;145365397;1;0;54;1#2;30;
0432;145365398;1;0;429;1#2;30;
0432;145365399;1;0;59;1#2;30;
0432;145365400;1;0;64;1#2;30;
0432;145365401;1;0;65;1#2;30;
0432;145365402;1;0;59;1#2;30;
0432;145365403;1;0;70;1#2;30;
0432;145365404;1;0;60;1#2;30;
0432;145365405;1;0;34;1#2;30;
0432;145365406;1;0;51;1#2;30;
0432;145365407;1;0;72;1#2;30;
0432;145365408;1;0;26;1#2;30;
0432;145365409;1;0;27;1#2;30;
0432;145365410;1;0;57;1#2;30;
0432;145365411;1;0;54;1#2;30;
0432;145365412;1;0;59;1#2;30;
0432;145365413;1;0;68;1#2;30;
0432;145365414;1;0;16;1#2;30;
0432;145365415;1;0;64;1#2;30;
0432;145365416;1;0;57;1#2;30;
0432;145365417;1;0;69;1#2;30;
0432;145365418;1;0;62;1#2;30;
0432;145365419;1;0;66;1#2;30;
0432;145365420;1;0;58;1#2;30;
0432;145365421;1;0;79;1#2;30;
0432;145365422;1;0;56;1#2;30;
0432;145365423;1;0;77;1#2;30;
0432;145365424;1;0;159;1#2;30;
0432;145365425;1;0;105;1#2;30;
0432;145365426;1;0;292;1#2;30;
0432;145365427;1;0;270;1#2;30;
0432;145365428;1;0;89;1#2;30;
0432;145365429;1;0;235;1#2;30;
0432;145365430;1;0;377;1#2;30;
0432;145365431;1;0;36;1#2;30;
0432;145365432;1;0;240;1#2;30;
0432;145365433;1;0;43;1#2;30;
0432;145365434;1;0;174;1#2;30;
0432;145365435;1;0;218;1#2;30;
0432;145365436;1;0;84;1#2;30;
0432;145365437;1;0;121;1#2;60;
0432;145365438;1;0;75;1#2;30;
0432;145365439;1;0;43;1#2;30;
0432;145365440;1;0;155;1#2;30;
0432;145365441;1;0;153;1#2;30;
0432;145365442;1;0;170;1#2;30;
0432;145365443;1;0;192;1#2;30;
0432;145365444;1;0;143;1#2;30;
0432;145365445;1;0;48;1#2;30;
0432;145365446;1;0;144;1#2;30;
0432;145365447;1;0;21;1#2;30;
0432;145365448;1;0;111;1#2;30;
0432;145365449;1;0;153;1#2;30;
0432;145365450;1;0;53;1#2;30;
0432;145365451;1;0;74;1#2;30;
0432;145365452;1;0;93;1#2;30;
0432;145365453;1;0;199;1#2;30;
0432;145365454;1;0;196;1#2;30;
0432;145365455;1;0;20;1#2;30;
0432;145365456;1;0;323;1#2;30;
0432;145365457;1;0;144;1#2;30;
0432;145365458;1;0;155;1#2;30;
0432;145365459;1;0;52;1#2;30;
0432;145365460;1;0;58;1#2;30;
0432;145365461;1;0;60;1#2;30;
0432;145365462;1;0;64;1#2;30;
0432;145365463;1;0;385;1#2;30;
0432;145365464;1;0;43;1#2;30;
0432;145365465;1;0;122;1#2;30;
0432;145365466;1;0;232;1#2;30;
0432;145365467;1;0;100;1#2;30;
0432;145365468;1;0;100;1#2;30;
0432;145365469;1;0;196;1#2;30;
0432;145365470;1;0;154;1#2;30;
0432;145365471;1;0;304;1#2;30;
0432;145365472;1;0;126;1#2;30;
0432;145365473;1;0;189;1#2;30;
0432;145365474;1;0;230;1#2;30;
0432;145365475;1;0;151;1#2;30;
0432;145365476;1;0;115;1#2;30;
0432;145365477;1;0;51;1#2;30;
0432;145365478;1;0;46;1#2;30;
0432;145365479;1;0;182;1#2;30;
0432;145365480;1;0;64;1#2;30;
0432;145365481;1;0;220;1#2;30;
0432;145365482;1;0;56;1#2;30;
0432;145365483;1;0;35;1#2;30;
0432;145365484;1;0;122;1#2;30;
0432;145365485;1;0;92;1#2;30;
0432;145365486;1;0;79;1#2;30;
0432;145365487;1;0;82;1#2;30;
0432;145365488;1;0;270;1#2;30;
0432;145365489;1;0;99;1#2;30;
0432;145365490;1;0;89;1#2;30;
0432;145365491;1;0;60;1#2;30;
0432;145365492;1;0;64;1#2;30;
0432;145365493;1;0;85;1#2;30;
0432;145365494;1;0;374;1#2;30;
0432;145365495;1;0;36;1#2;30;
0432;145365496;1;0;232;1#2;30;
0432;145365497;1;0;386;1#2;30;
0432;145365498;1;0;139;1#2;30;
0432;145365499;1;0;54;1#2;30;
0432;145365500;1;0;138;1#2;30;
0432;145365501;1;0;76;1#2;30;
0432;145365502;1;0;96;1#2;30;
0432;145365503;1;0;34;1#2;30;
0432;145365504;1;0;56;1#2;30;
0432;145365505;1;0;557;1#2;30;
0432;145365506;1;0;425;1#2;30;
0432;145365507;1;0;241;1#2;30;
0432;145365508;1;0;66;1#2;30;
0432;145365509;1;0;354;1#2;30;
0432;145365510;1;0;45;1#2;30;
0432;145365511;1;0;282;1#2;30;
0432;145365512;1;0;63;1#2;30;
0432;145365513;1;0;92;1#2;30;
0432;145365514;1;0;616;1#2;30;
0432;145365515;1;0;65;1#2;30;
0432;145365516;1;0;43;1#2;30;
0432;145365517;1;0;100;1#2;30;
0432;145365518;1;0;197;1#2;30;
0432;145365519;1;0;81;1#2;30;
0432;145365520;1;0;73;1#2;30;
0432;145365521;1;0;204;1#2;30;
0432;145365522;1;0;164;1#2;30;
0432;145365523;1;0;47;1#2;30;
0432;145365524;1;0;276;1#2;30;
0432;145365525;1;0;182;1#2;30;
0432;145365526;1;0;450;1#2;30;
0432;145365527;1;0;127;1#2;30;
0432;145365528;1;0;98;1#2;30;
0432;145365529;1;0;47;1#2;30;
0432;145365530;1;0;55;1#2;30;
0432;145365531;1;0;55;1#2;30;
0432;145365532;1;0;71;1#2;30;
0432;145365533;1;0;105;1#2;30;
0432;145365534;1;0;90;1#2;30;
0432;145365535;1;0;116;1#2;30;
0432;145365536;1;0;74;1#2;30;
0432;145365537;1;0;277;1#2;30;
0432;145365538;1;0;69;1#2;30;
0432;145365539;1;0;251;1#2;30;
0432;145365540;1;0;495;1#2;30;
0432;145365541;1;0;46;1#2;30;
0432;145365542;1;0;189;1#2;30;
0432;145365543;1;0;285;1#2;30;
0432;145365544;1;0;629;1#2;30;
0432;145365545;1;0;44;1#2;30;
0432;145365546;1;0;51;1#2;30;
0432;145365547;1;0;50;1#2;30;
0432;145365548;1;0;39;1#2;30;
0432;145365549;1;0;107;1#2;30;
0432;145365550;1;0;78;1#2;30;
0432;145365551;1;0;141;1#2;60;
0432;145365552;1;0;143;1#2;30;
0432;145365553;1;0;6;1#2;30;
0432;145365554;1;0;74;1#2;30;
0432;145365555;1;0;54;1#2;30;
0432;145365556;1;0;57;1#2;30;
0432;145365557;1;0;9;1#2;30;
0432;145365558;1;0;109;1#2;30;
0432;145365559;1;0;137;1#2;30;
0432;145365560;1;0;217;1#2;30;
0432;145365561;1;0;54;1#2;30;
0432;145365562;1;0;75;1#2;30;
0432;145365563;1;0;573;1#2;30;
0432;145365564;1;0;316;1#2;30;
0432;145365565;1;0;44;1#2;30;
0432;145365566;1;0;65;1#2;30;
0432;145365567;1;0;129;1#2;30;
0432;145365568;1;0;58;1#2;30;
0432;145365569;1;0;89;1#2;30;
0432;145365570;1;0;58;1#2;30;
0432;145365571;1;0;48;1#2;30;
0432;145365572;1;0;48;1#2;30;
0432;145365573;1;0;59;1#2;30;
0432;145365574;1;0;68;1#2;30;
0432;145365575;1;0;59;1#2;30;
0432;145365576;1;0;49;1#2;30;
0432;145365577;1;0;54;1#2;30;
0432;145365578;1;0;59;1#2;30;
0432;145365579;1;0;40;1#2;30;
0432;145365580;1;0;219;1#2;30;
0432;145365581;1;0;368;1#2;30;
0432;145365582;1;0;53;1#2;30;
0432;145365583;1;0;64;1#2;30;
0432;145365584;1;0;62;1#2;30;
0432;145365585;1;0;83;1#2;30;
0432;145365586;1;0;273;1#2;30;
0432;145365587;1;0;96;1#2;30;
0432;145365588;1;0;71;1#2;30;
0432;145365589;1;0;193;1#2;30;
0432;145365590;1;0;138;1#2;30;
0432;145365591;1;0;78;1#2;30;
0432;145365592;1;0;84;1#2;30;
0432;145365593;1;0;38;1#2;30;
0432;145365594;1;0;89;1#2;30;
0432;145365595;1;0;68;1#2;30;
0432;145365596;1;0;103;1#2;30;
0432;145365597;1;0;58;1#2;30;
0432;145365598;1;0;104;1#2;30;
0432;145365599;1;0;132;1#2;30;
0432;145365600;1;0;35;1#2;30;
0432;145365601;1;0;70;1#2;30;
0432;145365602;1;0;50;1#2;30;
0432;145365603;1;0;114;1#2;30;
0432;145365604;1;0;145;1#2;30;
0432;145365605;1;0;226;1#2;30;
0432;145365606;1;0;67;1#2;30;
0432;145365607;1;0;34;1#2;30;
0432;145365608;1;0;254;1#2;30;
0432;145365609;1;0;51;1#2;30;
0432;145365610;1;0;68;1#2;30;
0432;145365611;1;0;302;1#2;30;
0432;145365612;1;0;71;1#2;30;
0432;145365613;1;0;184;1#2;30;
0432;145365614;1;0;722;1#2;30;
0432;145365615;1;0;152;1#2;30;
0432;145365616;1;0;369;1#2;30;
0432;145365617;1;0;184;1#2;30;
0432;145365618;1;0;180;1#2;30;
0432;145365619;1;0;46;1#2;30;
0432;145365620;1;0;77;1#2;30;
0432;145365621;1;0;64;1#2;30;
0432;145365622;1;0;221;1#2;30;
0432;145365623;1;0;382;1#2;30;
0432;145365624;1;0;212;1#2;30;
0432;145365625;1;0;197;1#2;30;
0432;145365626;1;0;56;1#2;30;
0432;145365627;1;0;59;1#2;30;
0432;145365628;1;0;26;1#2;30;
0432;145365629;1;0;46;1#2;30;
0432;145365630;1;0;57;1#2;30;
0432;145365631;1;0;90;1#2;30;
0432;145365632;1;0;56;1#2;30;
0432;145365633;1;0;33;1#2;30;
0432;145365634;1;0;92;1#2;30;
0432;145365635;1;0;218;1#2;30;
0432;145365636;1;0;50;1#2;30;
0432;145365637;1;0;108;1#2;30;
0432;145365638;1;0;61;1#2;30;
0432;145365639;1;0;65;1#2;30;
0432;145365640;1;0;99;1#2;30;
0432;145365641;1;0;286;1#2;30;
0432;145365642;1;0;71;1#2;30;
0432;145365643;1;0;68;1#2;30;
0432;145365644;1;0;247;1#2;30;
0432;145365645;1;0;156;1#2;30;
0432;145365646;1;0;114;1#2;30;
0432;145365647;1;0;55;1#2;30;
0432;145365648;1;0;95;1#2;30;
0432;145365649;1;0;52;1#2;30;
0432;145365650;1;0;54;1#2;30;
0432;145365651;1;0;179;1#2;30;
0432;145365652;1;0;65;1#2;30;
0432;145365653;1;0;67;1#2;30;
0432;145365654;1;0;185;1#2;30;
0432;145365655;1;0;63;1#2;30;
0432;145365656;1;0;193;1#2;30;
0432;145365657;1;0;63;1#2;30;
0432;145365658;1;0;50;1#2;30;
0432;145365659;1;0;47;1#2;30;
0432;145365660;1;0;174;1#2;30;
0432;145365661;1;0;197;1#2;30;
0432;145365662;1;0;86;1#2;30;
0432;145365663;1;0;117;1#2;30;
0432;145365664;1;0;494;1#2;30;
0432;145365665;1;0;20;1#2;30;
0432;145365666;1;0;295;1#2;30;
0432;145365667;1;0;104;1#2;30;
0432;145365668;1;0;98;1#2;30;
0432;145365669;1;0;76;1#2;30;
0432;145365670;1;0;203;1#2;30;
0432;145365671;1;0;39;1#2;30;
0432;145365672;1;0;228;1#2;30;
0432;145365673;1;0;117;1#2;30;
0432;145365674;1;0;226;1#2;30;
0432;145365675;1;0;233;1#2;30;
0432;145365676;1;0;47;1#2;30;
0432;145365677;1;0;134;1#2;30;
0432;145365678;1;0;87;1#2;30;
0432;145365679;1;0;71;1#2;30;
0432;145365680;1;0;56;1#2;30;
0432;145365681;1;0;212;1#2;30;
0432;145365682;1;0;398;1#2;30;
0432;145365683;1;0;323;1#2;30;
0432;145365684;1;0;143;1#2;30;
0432;145365685;1;0;181;1#2;30;
0432;145365686;1;0;39;1#2;30;
0432;145365687;1;0;37;1#2;30;
0432;145365688;1;0;338;1#2;30;
0432;145365689;1;0;108;1#2;30;
0432;145365690;1;0;178;1#2;30;
0432;145365691;1;0;515;1#2;30;
0432;145365692;1;0;76;1#2;30;
0432;145365693;1;0;63;1#2;30;
0432;145365694;1;0;218;1#2;30;
0432;145365695;1;0;61;1#2;30;
0432;145365696;1;0;549;1#2;30;
0432;145365697;1;0;748;1#2;30;
0432;145365698;1;0;63;1#2;30;
0432;145365699;1;0;82;1#2;30;
0432;145365700;1;0;86;1#2;30;
0432;145365701;1;0;48;1#2;30;
0432;145365702;1;0;158;1#2;30;
0432;145365703;1;0;284;1#2;30;
0432;145365704;1;0;177;1#2;30;
0432;145365705;1;0;126;1#2;30;
0432;145365706;1;0;48;1#2;30;
0432;145365707;1;0;117;1#2;30;
0432;145365708;1;0;47;1#2;30;
0432;145365709;1;0;52;1#2;30;
0432;145365710;1;0;55;1#2;30;
0432;145365711;1;0;54;1#2;30;
0432;145365712;1;0;189;1#2;30;
0432;145365713;1;0;41;1#2;30;
0432;145365714;1;0;123;1#2;30;
0432;145365715;1;0;76;1#2;30;
0432;145365716;1;0;102;1#2;30;
0432;145365717;1;0;73;1#2;30;
0432;145365718;1;0;541;1#2;30;
0432;145365719;1;0;75;1#2;30;
0432;145365720;1;0;47;1#2;30;
0432;145365721;1;0;47;1#2;30;
0432;145365722;1;0;47;1#2;30;
0432;145365723;1;0;262;1#2;30;
0432;145365724;1;0;69;1#2;30;
0432;145365725;1;0;67;1#2;30;
0432;145365726;1;0;73;1#2;30;
0432;145365727;1;0;71;1#2;30;
0432;145365728;1;0;522;1#2;30;
0432;145365729;1;0;484;1#2;30;
0432;145365730;1;0;227;1#2;30;
0432;145365731;1;0;78;1#2;30;
0432;145365732;1;0;50;1#2;30;
0432;145365733;1;0;46;1#2;30;
0432;145365734;1;0;53;1#2;30;
0432;145365735;1;0;130;1#2;30;
0432;145365736;1;0;46;1#2;30;
0432;145365737;1;0;102;1#2;30;
0432;145365738;1;0;64;1#2;30;
0432;145365739;1;0;45;1#2;30;
0432;145365740;1;0;63;1#2;30;
0432;145365741;1;0;73;1#2;30;
0432;145365742;1;0;124;1#2;30;
0432;145365743;1;0;98;1#2;30;
0432;145365744;1;0;64;1#2;30;
0432;145365745;1;0;633;1#2;30;
0432;145365746;1;0;67;1#2;30;
0432;145365747;1;0;148;1#2;30;
0432;145365748;1;0;181;1#2;30;
0432;145365749;1;0;856;1#2;30;
0432;145365750;1;0;340;1#2;30;
0432;145365751;1;0;267;1#2;30;
0432;145365752;1;0;186;1#2;30;
0432;145365753;1;0;63;1#2;30;
0432;145365754;1;0;891;1#2;30;
0432;145365755;1;0;268;1#2;30;
0432;145365756;1;0;130;1#2;30;
0432;145365757;1;0;132;1#2;30;
0432;145365758;1;0;92;1#2;30;
0432;145365759;1;0;348;1#2;30;
0432;145365760;1;0;55;1#2;30;
0432;145365761;1;0;125;1#2;30;
0432;145365762;1;0;239;1#2;30;
0432;145365763;1;0;112;1#2;30;
0432;145365764;1;0;67;1#2;30;
0432;145365765;1;0;106;1#2;30;
0432;145365766;1;0;171;1#2;30;
0432;145365767;1;0;90;1#2;30;
0432;145365768;1;0;93;1#2;30;
0432;145365769;1;0;561;1#2;30;
0432;145365770;1;0;148;1#2;30;
0432;145365771;1;0;58;1#2;30;
0432;145365772;1;0;401;1#2;30;
0432;145365773;1;0;639;1#2;30;
0432;145365774;1;0;42;1#2;30;
0432;145365775;1;0;94;1#2;30;
0432;145365776;1;0;202;1#2;30;
0432;145365777;1;0;41;1#2;30;
0432;145365778;1;0;122;1#2;30;
0432;145365779;1;0;181;1#2;30;
0432;145365780;1;0;74;1#2;30;
0432;145365781;1;0;121;1#2;30;
0432;145365782;1;0;76;1#2;60;
0432;145365783;1;0;63;1#2;30;
0432;145365784;1;0;94;1#2;30;
0432;145365785;1;0;140;1#2;30;
0432;145365786;1;0;61;1#2;30;
0432;145365787;1;0;77;1#2;30;
0432;145365788;1;0;133;1#2;30;
0432;145365789;1;0;53;1#2;30;
0432;145365790;1;0;59;1#2;30;
0432;145365791;1;0;81;1#2;30;
0432;145365792;1;0;50;1#2;30;
0432;145365793;1;0;56;1#2;30;
0432;145365794;1;0;69;1#2;30;
0432;145365795;1;0;51;1#2;30;
0432;145365796;1;0;68;1#2;30;
0432;145365797;1;0;163;1#2;30;
0432;145365798;1;0;63;1#2;30;
0432;145365799;1;0;73;1#2;30;
0432;145365800;1;0;175;1#2;30;
0432;145365801;1;0;72;1#2;30;
0432;145365802;1;0;61;1#2;30;
0432;145365803;1;0;177;1#2;30;
0432;145365804;1;0;83;1#2;30;
0432;145365805;1;0;141;1#2;30;
0432;145365806;1;0;390;1#2;30;
0432;145365807;1;0;672;1#2;30;
0432;145365808;1;0;385;1#2;30;
0432;145365809;1;0;675;1#2;30;
0432;145365810;1;0;402;1#2;30;
0432;145365811;1;0;119;1#2;30;
0432;240326931;1;0;388;1#2;30;
0432;240326932;1;0;75;1#2;30;
0432;145365814;1;0;189;1#2;30;
0432;145365815;1;0;56;1#2;30;
0432;145365816;1;0;834;1#2;30;
0432;145365817;1;0;324;1#2;30;
0432;145365818;1;0;409;1#2;30;
0432;145365819;1;0;169;1#2;30;
0432;145365820;1;0;131;1#2;30;
0432;145365821;1;0;611;1#2;30;
0432;145365822;1;0;269;1#2;30;
0432;145365823;1;0;296;1#2;30;
0432;145365824;1;0;194;1#2;30;
0432;145365825;1;0;206;1#2;30;
0432;145365827;1;0;162;1#2;30;
0432;240326933;1;0;217;1#2;30;
0432;240326934;1;0;231;1#2;30;
0432;145365830;1;0;89;1#2;30;
0432;145365831;1;0;149;1#2;30;
0432;145365832;1;0;114;1#2;30;
0432;145365833;1;0;2124;1#2;30;
0432;145365834;1;0;60;1#2;30;
0432;145365835;1;0;233;1#2;30;
0432;145365836;1;0;279;1#2;30;
0432;145365837;1;0;49;1#2;30;
0432;145365838;1;0;170;1#2;30;
0432;145365839;1;0;618;1#2;30;
0432;145365840;1;0;263;1#2;30;
0432;145365841;1;0;111;1#2;30;
0432;145365842;1;0;281;1#2;30;
0432;145365843;1;0;92;1#2;30;
0432;145365844;1;0;102;1#2;30;
0432;145365845;1;0;105;1#2;30;
0432;145365846;1;0;127;1#2;30;
0432;145365847;1;0;60;1#2;30;
0432;145365848;1;0;154;1#2;30;
0432;145365849;1;0;231;1#2;30;
0432;145365850;1;0;97;1#2;30;
0432;145365851;1;0;123;1#2;30;
0432;145365852;1;0;57;1#2;30;
0432;145365853;1;0;85;1#2;30;
0432;145365854;1;0;99;1#2;30;
0432;145365855;1;0;128;1#2;30;
0432;145365856;1;0;131;1#2;30;
0432;145365857;1;0;362;1#2;30;
0432;145365858;1;0;76;1#2;30;
0432;145365859;1;0;53;1#2;30;
0432;145365860;1;0;47;1#2;30;
0432;145365861;1;0;99;1#2;30;
0432;145365862;1;0;56;1#2;30;
0432;145365863;1;0;380;1#2;30;
0432;145365864;1;0;132;1#2;30;
0432;145365865;1;0;126;1#2;30;
0432;145365866;1;0;131;1#2;30;
0432;145365867;1;0;231;1#2;30;
0432;145365868;1;0;325;1#2;30;
0432;145365869;1;0;151;1#2;30;
0432;145365870;1;0;289;1#2;30;
0432;145365871;1;0;62;1#2;30;
0432;145365872;1;0;490;1#2;30;
0432;145365873;1;0;74;1#2;30;
0432;145365874;1;0;109;1#2;30;
0432;145365875;1;0;99;1#2;30;
0432;145365876;1;0;71;1#2;30;
0432;145365877;1;0;336;1#2;30;
0432;145365878;1;0;230;1#2;30;
0432;145365879;1;0;79;1#2;30;
0432;145365880;1;0;84;1#2;30;
0432;145365881;1;0;90;1#2;30;
0432;145365882;1;0;178;1#2;30;
0432;145365883;1;0;51;1#2;30;
0432;145365884;1;0;114;1#2;30;
0432;145365885;1;0;318;1#2;30;
0432;145365886;1;0;33;1#2;30;
0432;145365887;1;0;51;1#2;30;
0432;145365888;1;0;93;1#2;30;
0432;145365889;1;0;159;1#2;30;
0432;145365890;1;0;280;1#2;30;
0432;145365891;1;0;83;1#2;30;
0432;145365892;1;0;121;1#2;30;
0432;145365893;1;0;189;1#2;30;
0432;145365894;1;0;66;1#2;30;
0432;145365895;1;0;376;1#2;30;
0432;145365896;1;0;7;1#2;30;
0432;145365897;1;0;130;1#2;30;
0432;145365899;1;0;244;1#2;30;
0432;145365900;1;0;896;1#2;30;
0432;145365901;1;0;1131;1#2;30;
0432;145365902;1;0;56;1#2;30;
0432;145365903;1;0;131;1#2;30;
0432;145365904;1;0;64;1#2;30;
0432;145365905;1;0;58;1#2;30;
0432;145365906;1;0;61;1#2;30;
0432;145365907;1;0;11;1#2;30;
0432;145365908;1;0;46;1#2;30;
0432;145365909;1;0;50;1#2;30;
0432;145365910;1;0;84;1#2;30;
0432;145365911;1;0;68;1#2;30;
0432;145365912;1;0;306;1#2;30;
0432;145365913;1;0;175;1#2;30;
0432;145365914;1;0;314;1#2;30;
0432;145365915;1;0;59;1#2;30;
0432;145365916;1;0;341;1#2;30;
0432;145365917;1;0;604;1#2;30;
0432;145365918;1;0;76;1#2;30;
0432;145365919;1;0;89;1#2;30;
0432;145365920;1;0;95;1#2;30;
0432;145365921;1;0;224;1#2;30;
0432;145365922;1;0;170;1#2;30;
0432;145365923;1;0;146;1#2;30;
0432;145365924;1;0;132;1#2;30;
0432;145365925;1;0;354;1#2;30;
0432;145365926;1;0;58;1#2;30;
0432;145365927;1;0;55;1#2;30;
0432;145365928;1;0;78;1#2;30;
0432;145365929;1;0;45;1#2;30;
0432;145365930;1;0;195;1#2;30;
0432;145365931;1;0;58;1#2;30;
0432;145365932;1;0;106;1#2;30;
0432;145365933;1;0;52;1#2;30;
0432;145365934;1;0;47;1#2;30;
0432;145365935;1;0;44;1#2;30;
0432;145365936;1;0;57;1#2;30;
0432;145365937;1;0;69;1#2;30;
0432;145365938;1;0;52;1#2;30;
0432;145365939;1;0;84;1#2;30;
0432;145365940;1;0;74;1#2;30;
0432;145365941;1;0;126;1#2;30;
0432;145365942;1;0;169;1#2;30;
0432;145365943;1;0;45;1#2;30;
0432;145365944;1;0;95;1#2;30;
0432;145365945;1;0;190;1#2;30;
0432;145365946;1;0;880;1#2;30;
0432;145365947;1;0;51;1#2;30;
0432;145365948;1;0;640;1#2;30;
0432;145365949;1;0;120;1#2;30;
0432;145365950;1;0;437;1#2;30;
0432;145365951;1;0;119;1#2;30;
0432;145365952;1;0;105;1#2;30;
0432;145365953;1;0;184;1#2;30;
0432;145365954;1;0;204;1#2;30;
0432;145365955;1;0;217;1#2;30;
0432;145365956;1;0;29;1#2;30;
0432;145365957;1;0;13;1#2;30;
0432;145365958;1;0;120;1#2;30;
0432;145365959;1;0;20;1#2;30;
0432;145365960;1;0;42;1#2;30;
0432;145365961;1;0;466;1#2;30;
0432;145365962;1;0;268;1#2;60;
0432;145365963;1;0;39;1#2;30;
0432;145365964;1;0;88;1#2;30;
0432;145365965;1;0;35;1#2;30;
0432;145365966;1;0;101;1#2;30;
0432;145365967;1;0;84;1#2;30;
0432;145365968;1;0;67;1#2;30;
0432;145365969;1;0;70;1#2;30;
0432;145365970;1;0;128;1#2;30;
0432;145365971;1;0;211;1#2;30;
0432;145365972;1;0;104;1#2;30;
0432;145365973;1;0;63;1#2;30;
0432;145365974;1;0;96;1#2;30;
0432;145365975;1;0;71;1#2;30;
0432;145365976;1;0;82;1#2;30;
0432;145365977;1;0;39;1#2;30;
0432;145365978;1;0;84;1#2;30;
0432;145365979;1;0;88;1#2;30;
0432;145365980;1;0;382;1#2;30;
0432;145365981;1;0;170;1#2;30;
0432;145365982;1;0;135;1#2;30;
0432;145365983;1;0;75;1#2;30;
0432;145365984;1;0;44;1#2;30;
0432;145365985;1;0;28;1#2;30;
0432;145365986;1;0;218;1#2;30;
0432;145365987;1;0;33;1#2;30;
0432;145365988;1;0;99;1#2;30;
0432;145365989;1;0;137;1#2;30;
0432;145365990;1;0;207;1#2;30;
0432;145365991;1;0;11;1#2;30;
0432;145365992;1;0;91;1#2;30;
0432;145365993;1;0;388;1#2;30;
0432;145365994;1;0;10;1#2;30;
0432;145365995;1;0;138;1#2;30;
0432;145365996;1;0;75;1#2;30;
0432;145365997;1;0;46;1#2;30;
0432;145365998;1;0;40;1#2;30;
0432;145365999;1;0;37;1#2;30;
0432;145366000;1;0;87;1#2;30;
0432;145366001;1;0;59;1#2;30;
0432;145366002;1;0;52;1#2;30;
0432;145366003;1;0;181;1#2;30;
0432;145366004;1;0;159;1#2;30;
0432;145366005;1;0;96;1#2;30;
0432;145366006;1;0;35;1#2;30;
0432;145366007;1;0;650;1#2;30;
0432;145366008;1;0;104;1#2;30;
0432;145366009;1;0;18;1#2;30;
0432;145366010;1;0;15;1#2;30;
0432;145366011;1;0;98;1#2;30;
0432;145366012;1;0;297;1#2;30;
0432;145366013;1;0;235;1#2;30;
0432;145366014;1;0;46;1#2;30;
0432;145366015;1;0;34;1#2;30;
0432;145366016;1;0;72;1#2;30;
0432;145366017;1;0;18;1#2;30;
0432;145366018;1;0;263;1#2;30;
0432;145366019;1;0;54;1#2;30;
0432;145366020;1;0;590;1#2;30;
0432;145366021;1;0;76;1#2;30;
0432;145366022;1;0;75;1#2;30;
0432;145366023;1;0;109;1#2;30;
0432;145366024;1;0;113;1#2;30;
0432;145366025;1;0;382;1#2;30;
0432;145366026;1;0;176;1#2;30;
0432;145366027;1;0;1144;1#2;60;
0432;145366028;1;0;72;1#2;30;
0432;145366029;1;0;135;1#2;30;
0432;145366030;1;0;43;1#2;30;
0432;145366031;1;0;18;1#2;30;
0432;145366032;1;0;61;1#2;30;
0432;145366033;1;0;229;1#2;30;
0432;145366034;1;0;62;1#2;30;
0432;145366035;1;0;45;1#2;30;
0432;145366036;1;0;69;1#2;30;
0432;145366037;1;0;388;1#2;30;
0432;145366038;1;0;270;1#2;30;
0432;145366039;1;0;65;1#2;30;
0432;145366040;1;0;30;1#2;30;
0432;145366041;1;0;116;1#2;30;
0432;145366042;1;0;178;1#2;30;
0432;145366043;1;0;38;1#2;30;
0432;145366044;1;0;84;1#2;30;
0432;145366045;1;0;185;1#2;30;
0432;145366046;1;0;329;1#2;30;
0432;145366047;1;0;58;1#2;30;
0432;145366048;1;0;65;1#2;30;
0432;145366049;1;0;47;1#2;30;
0432;145366050;1;0;56;1#2;30;
0432;145366051;1;0;130;1#2;30;
0432;145366052;1;0;95;1#2;30;
0432;145366053;1;0;34;1#2;30;
0432;145366054;1;0;21;1#2;30;
0432;145366055;1;0;21;1#2;30;
0432;145366056;1;0;106;1#2;30;
0432;145366057;1;0;184;1#2;30;
0432;145366058;1;0;51;1#2;30;
0432;145366059;1;0;212;1#2;30;
0432;145366060;1;0;59;1#2;30;
0432;145366061;1;0;42;1#2;30;
0432;145366062;1;0;35;1#2;30;
0432;145366063;1;0;48;1#2;30;
0432;145366064;1;0;88;1#2;30;
0432;145366065;1;0;51;1#2;30;
0432;145366066;1;0;18;1#2;30;
0432;145366067;1;0;61;1#2;30;
0432;145366068;1;0;138;1#2;30;
0432;145366069;1;0;93;1#2;30;
0432;145366070;1;0;77;1#2;30;
0432;145366071;1;0;95;1#2;30;
0432;145366072;1;0;64;1#2;30;
0432;145366073;1;0;68;1#2;30;
0432;145366074;1;0;20;1#2;30;
0432;145366075;1;0;46;1#2;30;
0432;145366076;1;0;254;1#2;30;
0432;145366077;1;0;107;1#2;30;
0432;145366078;1;0;287;1#2;30;
0432;145366079;1;0;122;1#2;30;
0432;145366080;1;0;149;1#2;30;
0432;145366081;1;0;60;1#2;30;
0432;145366082;1;0;42;1#2;30;
0432;145366083;1;0;8;1#2;30;
0432;145366084;1;0;26;1#2;30;
0432;145366085;1;0;83;1#2;30;
0432;145366086;1;0;78;1#2;30;
0432;145366087;1;0;127;1#2;30;
0432;145366088;1;0;57;1#2;30;
0432;145366089;1;0;150;1#2;30;
0432;145366090;1;0;94;1#2;30;
0432;145366091;1;0;200;1#2;30;
0432;145366092;1;0;103;1#2;30;
0432;145366093;1;0;85;1#2;30;
0432;145366094;1;0;57;1#2;30;
0432;145366095;1;0;73;1#2;30;
0432;145366096;1;0;113;1#2;30;
0432;145366097;1;0;149;1#2;30;
0432;145366098;1;0;148;1#2;30;
0432;145366099;1;0;106;1#2;30;
0432;145366100;1;0;5;1#2;30;
0432;145366101;1;0;84;1#2;30;
0432;145366102;1;0;47;1#2;30;
0432;145366103;1;0;74;1#2;30;
0432;145366104;1;0;47;1#2;30;
0432;145366105;1;0;39;1#2;30;
0432;145366106;1;0;92;1#2;30;
0432;145366107;1;0;112;1#2;30;
0432;145366108;1;0;78;1#2;30;
0432;145366109;1;0;76;1#2;30;
0432;145366110;1;0;58;1#2;30;
0432;145366111;1;0;82;1#2;30;
0432;145366112;1;0;70;1#2;30;
0432;145366113;1;0;67;1#2;30;
0432;145366114;1;0;57;1#2;30;
0432;145366115;1;0;11;1#2;30;
0432;145366116;1;0;177;1#2;30;
0432;145366117;1;0;255;1#2;30;
0432;145366118;1;0;85;1#2;30;
0432;145366119;1;0;38;1#2;30;
0432;145366120;1;0;151;1#2;30;
0432;145366121;1;0;60;1#2;30;
0432;145366122;1;0;26;1#2;30;
0432;145366123;1;0;81;1#2;30;
0432;145366124;1;0;241;1#2;30;
0432;145366125;1;0;65;1#2;30;
0432;145366126;1;0;59;1#2;30;
0432;145366127;1;0;17;1#2;30;
0432;145366128;1;0;42;1#2;30;
0432;145366129;1;0;37;1#2;30;
0432;145366130;1;0;30;1#2;30;
0432;145366131;1;0;79;1#2;30;
0432;145366132;1;0;353;1#2;30;
0432;145366133;1;0;18;1#2;30;
0432;145366134;1;0;22;1#2;30;
0432;145366135;1;0;160;1#2;30;
0432;145366136;1;0;224;1#2;30;
0432;145366137;1;0;66;1#2;30;
0432;145366138;1;0;323;1#2;30;
0432;145366139;1;0;129;1#2;30;
0432;145366140;1;0;51;1#2;30;
0432;145366141;1;0;37;1#2;30;
0432;145366142;1;0;123;1#2;30;
0432;145366143;1;0;58;1#2;30;
0432;145366144;1;0;68;1#2;30;
0432;145366145;1;0;77;1#2;30;
0432;145366146;1;0;31;1#2;30;
0432;145366147;1;0;58;1#2;30;
0432;145366148;1;0;395;1#2;30;
0432;145366149;1;0;186;1#2;30;
0432;145366150;1;0;75;1#2;30;
0432;145366151;1;0;21;1#2;30;
0432;145366152;1;0;91;1#2;30;
0432;145366153;1;0;178;1#2;30;
0432;145366154;1;0;426;1#2;30;
0432;145366155;1;0;193;1#2;30;
0432;145366156;1;0;650;1#2;30;
0432;145366157;1;0;149;1#2;30;
0432;145366158;1;0;32;1#2;30;
0432;240326935;1;0;654;1#2;30;
0432;240326936;1;0;1624;1#2;30;
0432;145366160;1;0;75;1#2;30;
0432;145366161;1;0;50;1#2;30;
0432;145366162;1;0;58;1#2;30;
0432;145366163;1;0;13;1#2;30;
0432;145366164;1;0;72;1#2;30;
0432;145366165;1;0;133;1#2;30;
0432;145366166;1;0;335;1#2;30;
0432;145366167;1;0;35;1#2;30;
0432;145366168;1;0;127;1#2;30;
0432;145366169;1;0;535;1#2;30;
0432;145366170;1;0;110;1#2;60;
0432;145366171;1;0;85;1#2;30;
0432;145366172;1;0;1658;1#2;30;
0432;145366173;1;0;325;1#2;30;
0432;145366174;1;0;940;1#2;30;
0432;145366175;1;0;85;1#2;30;
0432;145366176;1;0;672;1#2;30;
0432;145366177;1;0;956;1#2;30;
0432;145366178;1;0;943;1#2;30;
0432;145366179;1;0;113;1#2;30;
0432;145366180;1;0;127;1#2;30;
0432;145366181;1;0;361;1#2;30;
0432;145366182;1;0;433;1#2;30;
0432;145366183;1;0;80;1#2;30;
0432;145366184;1;0;13;1#2;30;
0432;145366185;1;0;262;1#2;30;
0432;145366186;1;0;339;1#2;30;
0432;145366187;1;0;134;1#2;30;
0432;145366188;1;0;51;1#2;30;
0432;145366189;1;0;522;1#2;30;
0432;145366190;1;0;359;1#2;30;
0432;145366191;1;0;166;1#2;30;
0432;145366192;1;0;38;1#2;30;
0432;145366193;1;0;298;1#2;30;
0432;145366194;1;0;698;1#2;30;
0432;145366195;1;0;233;1#2;30;
0432;145366196;1;0;52;1#2;30;
0432;145366197;1;0;94;1#2;30;
0432;145366198;1;0;888;1#2;30;
0432;145366199;1;0;188;1#2;30;
0432;145366200;1;0;143;1#2;30;
0432;145366201;1;0;205;1#2;30;
0432;145366202;1;0;69;1#2;30;
0432;145366203;1;0;131;1#2;30;
0432;145366204;1;0;276;1#2;30;
0432;145366205;1;0;68;1#2;30;
0432;145366206;1;0;155;1#2;30;
0432;145366207;1;0;536;1#2;30;
0432;145366208;1;0;745;1#2;30;
0432;145366209;1;0;795;1#2;30;
0432;145366210;1;0;308;1#2;30;
0432;145366211;1;0;147;1#2;30;
0432;145366212;1;0;1038;1#2;30;
0432;145366213;1;0;152;1#2;30;
0432;145366214;1;0;105;1#2;30;
0432;145366215;1;0;14;1#2;30;
0432;145366216;1;0;305;1#2;30;
0432;145366217;1;0;385;1#2;30;
0432;145366218;1;0;174;1#2;30;
0432;145366219;1;0;308;1#2;30;
0432;145366220;1;0;501;1#2;30;
0432;145366221;1;0;114;1#2;30;
0432;145366222;1;0;182;1#2;30;
0432;145366223;1;0;105;1#2;30;
0432;145366224;1;0;86;1#2;30;
0432;145366225;1;0;66;1#2;30;
0432;145366226;1;0;24;1#2;60;
0432;145366227;1;0;113;1#2;30;
0432;145366228;1;0;96;1#2;30;
0432;145366229;1;0;26;1#2;30;
0432;145366230;1;0;75;1#2;30;
0432;145366231;1;0;927;1#2;30;
0432;145366232;1;0;1044;1#2;30;
0432;145366233;1;0;119;1#2;30;
0432;145366234;1;0;421;1#2;30;
0432;145366235;1;0;163;1#2;30;
0432;145366236;1;0;171;1#2;30;
0432;145366237;1;0;2867;1#2;30;
0432;145366238;1;0;485;1#2;30;
0432;145366239;1;0;139;1#2;30;
0432;145366240;1;0;67;1#2;30;
0432;145366241;1;0;145;1#2;30;
0432;145366242;1;0;91;1#2;30;
0432;145366243;1;0;1828;1#2;30;
0432;145366244;1;0;1199;1#2;30;
0432;145366245;1;0;109;1#2;30;
0432;145366246;1;0;213;1#2;30;
0432;145366247;1;0;18;1#2;60;
0432;145387769;1;0;674;1#2;60;
0432;145387770;1;0;1348;1#2;60;
0432;145387771;1;0;727;1#2;60;
0432;145387772;1;0;175;1#2;60;
0432;145387773;1;0;435;1#2;60;
0432;145387774;1;0;57;1#2;60;
0432;145387775;1;0;113;1#2;60;
0432;145387776;1;0;1246;1#2;60;
0432;145387777;1;0;666;1#2;60;
0432;145387778;1;0;305;1#2;60;
0432;145387779;1;0;2231;1#2;60;
0432;145387780;1;0;626;1#2;60;
0432;145387781;1;0;683;1#2;60;
0432;145387782;1;0;353;1#2;60;
0432;145387783;1;0;3705;1#2;60;
0432;145387784;1;0;499;1#2;60;
0432;145387785;1;0;4221;1#2;60;
0432;145387786;1;0;1610;1#2;60;
0432;145387787;1;0;305;1#2;60;
0432;145387788;1;0;226;1#2;60;
0432;145387789;1;0;6820;1#2;60;
0432;145387790;1;0;21;1#2;60;
0432;145387791;1;0;2327;1#2;60;
0432;145387792;1;0;3269;1#2;60;
0432;145387793;1;0;3780;1#2;60;
0432;145387794;1;0;8295;1#2;60;
0432;145387795;1;0;10;1#2;60;
0432;145387796;1;0;904;1#2;60;
0432;145387797;1;0;196;1#2;60;
0432;145387798;1;0;1528;1#2;60;
0432;145387799;1;0;2080;1#2;60;
0432;145387800;1;0;2932;1#2;60;
0432;145387801;1;0;1255;1#2;60;
0432;145387802;1;0;76;1#2;60;
0432;145387803;1;0;2467;1#2;60;
0432;145387804;1;0;983;1#2;60;
0432;145387805;1;0;78;1#2;60;
0432;145387806;1;0;1346;1#2;60;
0432;145387807;1;0;55;1#2;60;
0432;145387808;1;0;8463;1#2;60;
0432;145387809;1;0;1066;1#2;60;
0432;145387810;1;0;607;1#2;60;
0432;145387811;1;0;2814;1#2;60;
0432;145387812;1;0;4536;1#2;60;
0432;145387813;1;0;3584;1#2;60;
0432;145387814;1;0;104;1#2;60;
0432;145387815;1;0;856;1#2;60;
0432;145387816;1;0;1199;1#2;60;
0432;145387817;1;0;1088;1#2;60;
0432;145387818;1;0;3334;1#2;60;
0432;145387819;1;0;1717;1#2;30;
0432;145387820;1;0;274;1#2;30;
0432;145387821;1;0;1668;1#2;60;
0432;145387822;1;0;147;1#2;60;
0432;145387823;1;0;600;1#2;60;
0432;145387824;1;0;3;1#2;60;
0432;145387825;1;0;556;1#2;60;
0432;145387826;1;0;18;1#2;60;
0432;145387827;1;0;2273;1#2;60;
0432;145387828;1;0;701;1#2;60;
0432;145387829;1;0;864;1#2;60;
0432;145387830;1;0;2117;1#2;60;
0432;145387831;1;0;788;1#2;60;
0432;145387832;1;0;29;1#2;60;
0432;145387833;1;0;1218;1#2;60;
0432;145387834;1;0;247;1#2;60;
0432;145387835;1;0;1763;1#2;60;
0432;145387836;1;0;32;1#2;60;
0432;145387837;1;0;673;1#2;60;
0432;145387838;1;0;443;1#2;60;
0432;145387839;1;0;833;1#2;60;
0432;145387840;1;0;2394;1#2;60;
0432;145387841;1;0;3910;1#2;60;
0432;145387842;1;0;1262;1#2;60;
0432;145387843;1;0;991;1#2;60;
0432;145387844;1;0;3551;1#2;60;
0432;145387845;1;0;2586;1#2;60;
0432;145387846;1;0;916;1#2;60;
0432;145387847;1;0;1373;1#2;60;
0432;145387848;1;0;1399;1#2;60;
0432;145387849;1;0;458;1#2;60;
0432;145387850;1;0;3436;1#2;60;
0432;145387851;1;0;3554;1#2;60;
0432;145387852;1;0;933;1#2;60;
0432;145387853;1;0;155;1#2;60;
0432;145387854;1;0;610;1#2;60;
0432;145387855;1;0;250;1#2;60;
0432;145387856;1;0;764;1#2;60;
0432;145387857;1;0;259;1#2;60;
0432;145387858;1;0;341;1#2;60;
0432;145387859;1;0;41;1#2;60;
0432;145387860;1;0;202;1#2;60;
0432;145387861;1;0;1092;1#2;60;
0432;145387862;1;0;2272;1#2;60;
0432;145387863;1;0;4073;1#2;60;
0432;145387864;1;0;82;1#2;60;
0432;145387865;1;0;1371;1#2;60;
0432;145387866;1;0;810;1#2;60;
0432;240326937;1;0;2158;1#2;60;
0432;240326938;1;0;813;1#2;60;
0432;145387868;1;0;1165;1#2;60;
0432;145387869;1;0;688;1#2;60;
0432;145387870;1;0;239;1#2;60;
0432;145387871;1;0;1035;1#2;60;
0432;145387872;1;0;5283;1#2;60;
0432;145387873;1;0;76;1#2;60;
0432;145387874;1;0;113;1#2;60;
0432;145387875;1;0;2544;1#2;60;
0432;145387876;1;0;2633;1#2;60;
0432;145387877;1;0;301;1#2;60;
0432;145387878;1;0;1713;1#2;60;
0432;145387879;1;0;2260;1#2;60;
0432;145387880;1;0;197;1#2;60;
0432;145387881;1;0;3259;1#2;60;
0432;145387882;1;0;1910;1#2;60;
0432;145387883;1;0;375;1#2;60;
0432;145387884;1;0;673;1#2;60;
0432;145387885;1;0;72;1#2;60;
0432;145387886;1;0;65;1#2;60;
0432;145387887;1;0;2478;1#2;60;
0432;145387888;1;0;36;1#2;60;
0432;145387889;1;0;38;1#2;60;
0432;145387890;1;0;721;1#2;60;
0432;145387891;1;0;1966;1#2;60;
0432;145387892;1;0;2159;1#2;60;
0432;145387893;1;0;728;1#2;60;
0432;145387894;1;0;2415;1#2;60;
0432;145387895;1;0;103;1#2;60;
0432;145387896;1;0;143;1#2;60;
0432;145387897;1;0;4;1#2;60;
0432;145387898;1;0;1010;1#2;60;
0432;145387899;1;0;445;1#2;60;
0432;145387900;1;0;344;1#2;60;
0432;145387901;1;0;768;1#2;60;
0432;145387902;1;0;2664;1#2;60;
0432;145387903;1;0;22;1#2;60;
0432;145387904;1;0;774;1#2;60;
0432;145387905;1;0;51;1#2;60;
0432;145387906;1;0;1312;1#2;60;
0432;145387909;1;0;31;1#2;60;
0432;145387910;1;0;1864;1#2;60;
0432;145387912;1;0;3846;1#2;60;
0432;145387913;1;0;2352;1#2;60;
0432;145387914;1;0;985;1#2;60;
0432;145387915;1;0;3123;1#2;60;
0432;145387916;1;0;5104;1#2;60;
0432;145387917;1;0;1947;1#2;60;
0432;145387918;1;0;1479;1#2;60;
0432;145387919;1;0;559;1#2;60;
0432;145387920;1;0;2767;1#2;60;
0432;240326939;1;0;289;1#2;60;
0432;240326940;1;0;1040;1#2;60;
0432;145387922;1;0;2218;1#2;60;
0432;145387923;1;0;1501;1#2;60;
0432;145387924;1;0;2652;1#2;60;
0432;145387925;1;0;319;1#2;60;
0432;145387926;1;0;3;1#2;60;
0432;145387927;1;0;14;1#2;60;
0432;145387928;1;0;643;1#2;60;
0432;145387929;1;0;1204;1#2;60;
0432;145387930;1;0;1427;1#2;60;
0432;145387931;1;0;650;1#2;60;
0432;145387932;1;0;610;1#2;60;
0432;145387933;1;0;876;1#2;60;
0432;145387934;1;0;3028;1#2;60;
0432;145387935;1;0;1358;1#2;60;
0432;145387936;1;0;73;1#2;60;
0432;240326941;1;0;304;1#2;60;
0432;240326942;1;0;2128;1#2;60;
0432;240326943;1;0;3924;1#2;60;
0432;145387938;1;0;29;1#2;60;
0432;145387939;1;0;1147;1#2;60;
0432;145387940;1;0;4647;1#2;60;
0432;145387941;1;0;1454;1#2;60;
0432;145387941;2;568;1454;1#2;60;
0432;145387942;1;0;29;1#2;60;
0432;145387943;1;0;30;1#2;60;
0432;145387944;1;0;1067;1#2;60;
0432;240326944;1;0;387;1#2;60;
0432;240326945;1;0;1407;1#2;60;
0432;145387946;1;0;2801;1#2;60;
0432;145387947;1;0;790;1#2;60;
0432;145387948;1;0;626;1#2;60;
0432;145387949;1;0;539;1#2;60;
0432;145387950;1;0;275;1#2;30;
0432;145387951;1;0;74;1#2;60;
0432;145387952;1;0;327;1#2;60;
0432;145387953;1;0;756;1#2;60;
0432;145387954;1;0;711;1#2;60;
0432;145387955;1;0;2497;1#2;60;
0432;145387956;1;0;791;1#2;60;
0432;145387957;1;0;738;1#2;60;
0432;145387958;1;0;95;1#2;60;
0432;145387959;1;0;66;1#2;60;
0432;145387960;1;0;190;1#2;60;
0432;145387961;1;0;27;1#2;60;
0432;145387962;1;0;202;1#2;60;
0432;145387963;1;0;1448;1#2;60;
0432;145387964;1;0;310;1#2;60;
0432;145387965;1;0;940;1#2;60;
0432;145387966;1;0;331;1#2;60;
0432;145387967;1;0;877;1#2;60;
0432;145387968;1;0;2233;1#2;60;
0432;145387969;1;0;2217;1#2;60;
0432;145387970;1;0;1431;1#2;60;
0432;145387971;1;0;3086;1#2;60;
0432;145387972;1;0;3402;1#2;60;
0432;145387973;1;0;3844;1#2;60;
0432;145387974;1;0;1230;1#2;60;
0432;145387975;1;0;41;1#2;60;
0432;145387976;1;0;37;1#2;60;
0432;145387980;1;0;228;1#2;60;
0432;145387981;1;0;3054;1#2;60;
0432;145387982;1;0;165;1#2;60;
0432;145387983;1;0;217;1#2;60;
0432;145387984;1;0;185;1#2;30;
0432;145387985;1;0;3;1#2;60;
0432;145387986;1;0;259;1#2;60;
0432;145387987;1;0;8;1#2;60;
0432;145387988;1;0;37;1#2;30;
0432;145387989;1;0;962;1#2;60;
0432;145387990;1;0;404;1#2;60;
0432;145387991;1;0;58;1#2;60;
0432;145387992;1;0;3798;1#2;60;
0432;145387993;1;0;987;1#2;60;
0432;145387994;1;0;2540;1#2;60;
0432;145387995;1;0;590;1#2;60;
0432;145387996;1;0;3013;1#2;60;
0432;145387997;1;0;1224;1#2;60;
0432;145387998;1;0;1452;1#2;60;
0432;145387999;1;0;30;1#2;30;
0432;145388000;1;0;38;1#2;30;
0432;145388001;1;0;28;1#2;60;
0432;145388002;1;0;356;1#2;60;
0432;145388003;1;0;6688;1#2;60;
0432;145388004;1;0;865;1#2;60;
0432;145388005;1;0;113;1#2;60;
0432;145388006;1;0;1498;1#2;60;
0432;145388007;1;0;1114;1#2;60;
0432;145388008;1;0;1492;1#2;60;
0432;145388009;1;0;1862;1#2;60;
0432;145388010;1;0;1122;1#2;60;
0432;145388011;1;0;4675;1#2;60;
0432;145388012;1;0;500;1#2;60;
0432;145388013;1;0;975;1#2;60;
0432;145388014;1;0;629;1#2;60;
0432;145388015;1;0;1192;1#2;60;
0432;145388016;1;0;910;1#2;60;
0432;145388017;1;0;500;1#2;60;
0432;145388018;1;0;1284;1#2;60;
0432;145388019;1;0;2150;1#2;60;
0432;145388020;1;0;2762;1#2;60;
0432;145388021;1;0;291;1#2;60;
0432;145388022;1;0;4659;1#2;60;
0432;145388023;1;0;3773;1#2;60;
0432;145388024;1;0;35;1#2;60;
0432;145388025;1;0;797;1#2;60;
0432;145388026;1;0;3258;1#2;60;
0432;145388027;1;0;40;1#2;60;
0432;145388028;1;0;649;1#2;60;
0432;145388029;1;0;37;1#2;60;
0432;145388030;1;0;46;1#2;60;
0432;145388031;1;0;530;1#2;60;
0432;145388032;1;0;610;1#2;60;
0432;145388033;1;0;2;1#2;60;
0432;145388034;1;0;4254;1#2;60;
0432;145388035;1;0;443;1#2;60;
0432;145388036;1;0;1790;1#2;60;
0432;145388037;1;0;1375;1#2;60;
0432;145388038;1;0;808;1#2;60;
0432;145388039;1;0;8507;1#2;60;
0432;145388040;1;0;64;1#2;60;
0432;145388041;1;0;979;1#2;60;
0432;145388042;1;0;4146;1#2;60;
0432;145388043;1;0;4179;1#2;60;
0432;145388044;1;0;191;1#2;60;
0432;145388045;1;0;3305;1#2;60;
0432;145388046;1;0;3082;1#2;60;
0432;145388047;1;0;65;1#2;60;
0432;145388048;1;0;45;1#2;60;
0432;145388049;1;0;872;1#2;60;
0432;145388050;1;0;2455;1#2;60;
0432;145388051;1;0;3309;1#2;60;
0432;145388052;1;0;534;1#2;60;
0432;145388053;1;0;456;1#2;60;
0432;145388054;1;0;133;1#2;60;
0432;145388055;1;0;3227;1#2;60;
0432;145388056;1;0;754;1#2;60;
0432;145388057;1;0;252;1#2;60;
0432;145388058;1;0;354;1#2;60;
0432;145388059;1;0;2624;1#2;60;
0432;145388060;1;0;1526;1#2;60;
0432;145388061;1;0;831;1#2;60;
0432;145388062;1;0;56;1#2;60;
0432;145388063;1;0;56;1#2;60;
0432;145388064;1;0;2772;1#2;60;
0432;145388065;1;0;238;1#2;60;
0432;145388067;1;0;1836;1#2;60;
0432;145388068;1;0;55;1#2;60;
0432;145388069;1;0;56;1#2;60;
0432;145388070;1;0;873;1#2;60;
0432;145388071;1;0;3229;1#2;60;
0432;145388072;1;0;4023;1#2;60;
0432;145388073;1;0;20;1#2;60;
0432;145388074;1;0;13;1#2;60;
0432;145388075;1;0;2344;1#2;60;
0432;145388076;1;0;36;1#2;60;
0432;145388077;1;0;39;1#2;60;
0432;145388078;1;0;1148;1#2;60;
0432;145388079;1;0;1090;1#2;60;
0432;145388080;1;0;12;1#2;60;
0432;145388081;1;0;505;1#2;60;
0432;145388082;1;0;1504;1#2;60;
0432;145388083;1;0;589;1#2;60;
0432;145388084;1;0;2332;1#2;60;
0432;145388085;1;0;147;1#2;60;
0432;145388086;1;0;2272;1#2;60;
0432;145388087;1;0;1695;1#2;60;
0432;145388088;1;0;3901;1#2;60;
0432;145388089;1;0;1080;1#2;60;
0432;145388090;1;0;742;1#2;60;
0432;145388091;1;0;3573;1#2;60;
0432;145388092;1;0;30;1#2;60;
0432;145388093;1;0;1615;1#2;60;
0432;240326946;1;0;51;1#2;60;
0432;240326947;1;0;2875;1#2;60;
0432;240326948;1;0;154;1#2;60;
0432;145388095;1;0;1158;1#2;60;
0432;145388096;1;0;1197;1#2;60;
0432;145388097;1;0;471;1#2;60;
0432;145388098;1;0;52;1#2;60;
0432;145388099;1;0;43;1#2;60;
0432;240326949;1;0;1121;1#2;60;
0432;240326950;1;0;49;1#2;60;
0432;145388101;1;0;46;1#2;60;
0432;145388102;1;0;58;1#2;60;
0432;145388104;1;0;1177;1#2;30;
0432;145388105;1;0;530;1#2;60;
0432;145388106;1;0;214;1#2;60;
0432;145388107;1;0;150;1#2;60;
0432;145388108;1;0;512;1#2;60;
0432;145388109;1;0;313;1#2;30;
0432;145388110;1;0;33;1#2;60;
0432;145388111;1;0;270;1#2;60;
0432;145388112;1;0;3435;1#2;60;
0432;145388113;1;0;714;1#2;60;
0432;145388114;1;0;819;1#2;60;
0432;145388115;1;0;6236;1#2;60;
0432;145388116;1;0;497;1#2;60;
0432;145388117;1;0;1455;1#2;60;
0432;145388118;1;0;253;1#2;60;
0432;145388119;1;0;1283;1#2;60;
0432;145388120;1;0;181;1#2;60;
0432;145388121;1;0;1489;1#2;60;
0432;145388122;1;0;1021;1#2;60;
0432;145388123;1;0;2483;1#2;60;
0432;145388124;1;0;352;1#2;60;
0432;145388125;1;0;711;1#2;60;
0432;145388126;1;0;359;1#2;60;
0432;145388127;1;0;298;1#2;60;
0432;145388128;1;0;1922;1#2;60;
0432;145388129;1;0;2209;1#2;60;
0432;145388130;1;0;3748;1#2;60;
0432;145388131;1;0;42;1#2;60;
0432;145388132;1;0;48;1#2;60;
0432;145388133;1;0;1286;1#2;60;
0432;145388134;1;0;265;1#2;60;
0432;145388135;1;0;604;1#2;60;
0432;145388136;1;0;469;1#2;60;
0432;145388137;1;0;1675;1#2;60;
0432;145388138;1;0;3278;1#2;60;
0432;145388139;1;0;33;1#2;60;
0432;145388140;1;0;31;1#2;60;
0432;145388141;1;0;97;1#2;60;
0432;145388142;1;0;551;1#2;60;
0432;145388143;1;0;666;1#2;60;
0432;145388144;1;0;47;1#2;60;
0432;145388145;1;0;53;1#2;60;
0432;145388146;1;0;1275;1#2;60;
0432;145388147;1;0;1171;1#2;60;
0432;145388148;1;0;574;1#2;30;
0432;145388149;1;0;2850;1#2;30;
0432;145388150;1;0;302;1#2;60;
0432;145388151;1;0;29;1#2;60;
0432;145388152;1;0;175;1#2;60;
0432;145388153;1;0;615;1#2;60;
0432;145388154;1;0;1294;1#2;60;
0432;145388155;1;0;2758;1#2;60;
0432;145388156;1;0;399;1#2;60;
0432;145388157;1;0;3;1#2;60;
0432;145388158;1;0;1007;1#2;60;
0432;145388159;1;0;9;1#2;60;
0432;145388160;1;0;736;1#2;60;
0432;145388161;1;0;184;1#2;60;
0432;145388162;1;0;3298;1#2;60;
0432;145388163;1;0;2031;1#2;60;
0432;145388164;1;0;121;1#2;60;
0432;145388165;1;0;127;1#2;60;
0432;145388166;1;0;251;1#2;60;
0432;145388167;1;0;109;1#2;60;
0432;145388168;1;0;105;1#2;60;
0432;145388169;1;0;44;1#2;60;
0432;145388170;1;0;444;1#2;60;
0432;145388171;1;0;1039;1#2;60;
0432;145388173;1;0;536;1#2;60;
0432;145388174;1;0;24;1#2;30;
0432;145388175;1;0;28;1#2;30;
0432;145388176;1;0;738;1#2;60;
0432;145388177;1;0;417;1#2;60;
0432;145388178;1;0;2380;1#2;60;
0432;145388179;1;0;562;1#2;60;
0432;145388180;1;0;876;1#2;60;
0432;145388181;1;0;102;1#2;60;
0432;145388182;1;0;195;1#2;60;
0432;145388183;1;0;516;1#2;60;
0432;145388184;1;0;496;1#2;60;
0432;145388185;1;0;39;1#2;60;
0432;145388186;1;0;149;1#2;60;
0432;145388187;1;0;1658;1#2;60;
0432;145388188;1;0;2591;1#2;60;
0432;145388189;1;0;44;1#2;60;
0432;145388190;1;0;44;1#2;60;
0432;145388191;1;0;2845;1#2;60;
0432;145388192;1;0;122;1#2;60;
0432;145388193;1;0;903;1#2;60;
0432;145388194;1;0;917;1#2;60;
0432;145388195;1;0;204;1#2;60;
0432;145388196;1;0;248;1#2;60;
0432;145388197;1;0;556;1#2;60;
0432;240326951;1;0;658;1#2;60;
0432;240326952;1;0;170;1#2;60;
0432;145388199;1;0;1401;1#2;60;
0432;145388200;1;0;12;1#2;60;
0432;145388201;1;0;903;1#2;60;
0432;145388202;1;0;2142;1#2;60;
0432;145388203;1;0;1131;1#2;60;
0432;145388204;1;0;505;1#2;60;
0432;145388205;1;0;3470;1#2;60;
0432;145388206;1;0;2424;1#2;60;
0432;145388207;1;0;1736;1#2;60;
0432;145388208;1;0;1231;1#2;60;
0432;145388209;1;0;1983;1#2;60;
0432;145388210;1;0;1022;1#2;60;
0432;145388211;1;0;856;1#2;60;
0432;145388212;1;0;40;1#2;60;
0432;145388213;1;0;35;1#2;60;
0432;145388214;1;0;757;1#2;60;
0432;145388215;1;0;5304;1#2;60;
0432;145388216;1;0;461;1#2;60;
0432;145388217;1;0;1773;1#2;60;
0432;145388218;1;0;1531;1#2;60;
0432;145388219;1;0;969;1#2;60;
0432;145388220;1;0;3191;1#2;60;
0432;145388221;1;0;970;1#2;60;
0432;145388222;1;0;576;1#2;60;
0432;145388223;1;0;553;1#2;60;
0432;145388224;1;0;750;1#2;60;
0432;145388225;1;0;1596;1#2;60;
0432;145388226;1;0;1325;1#2;60;
0432;145388227;1;0;2391;1#2;60;
0432;145388228;1;0;243;1#2;60;
0432;145388229;1;0;533;1#2;60;
0432;145388230;1;0;1722;1#2;60;
0432;145388231;1;0;1874;1#2;60;
0432;145388232;1;0;2643;1#2;60;
0432;145388233;1;0;51;1#2;60;
0432;145388234;1;0;51;1#2;60;
0432;145388235;1;0;2155;1#2;60;
0432;145388236;1;0;729;1#2;60;
0432;145388237;1;0;344;1#2;60;
0432;145388238;1;0;1338;1#2;60;
0432;145388239;1;0;145;1#2;60;
0432;145388240;1;0;827;1#2;60;
0432;145388241;1;0;557;1#2;60;
0432;145388242;1;0;701;1#2;60;
0432;145388243;1;0;44;1#2;60;
0432;145388244;1;0;40;1#2;60;
0432;145388245;1;0;5741;1#2;60;
0432;145388246;1;0;35;1#2;60;
0432;145388247;1;0;667;1#2;60;
0432;145388248;1;0;8975;1#2;60;
0432;145388249;1;0;1824;1#2;60;
0432;145388250;1;0;33;1#2;60;
0432;145388251;1;0;461;1#2;60;
0432;145388252;1;0;925;1#2;60;
0432;145388253;1;0;358;1#2;60;
0432;145388254;1;0;29;1#2;60;
0432;145388255;1;0;30;1#2;60;
0432;145388256;1;0;1014;1#2;60;
0432;145388257;1;0;36;1#2;60;
0432;145388258;1;0;45;1#2;60;
0432;145388259;1;0;1385;1#2;60;
0432;145388260;1;0;1253;1#2;60;
0432;145388261;1;0;3921;1#2;30;
0432;145388262;1;0;1923;1#2;30;
0432;145388263;1;0;1919;1#2;30;
0432;145388264;1;0;2515;1#2;60;
0432;145388265;1;0;279;1#2;60;
0432;145388266;1;0;81;1#2;60;
0432;145388267;1;0;352;1#2;60;
0432;145388268;1;0;155;1#2;60;
0432;145388269;1;0;150;1#2;60;
0432;145388270;1;0;252;1#2;60;
0432;145388271;1;0;1310;1#2;60;
0432;145388272;1;0;2212;1#2;60;
0432;145388273;1;0;2626;1#2;60;
0432;145388274;1;0;33;1#2;60;
0432;145388275;1;0;41;1#2;60;
0432;145388276;1;0;1587;1#2;60;
0432;145388277;1;0;45;1#2;60;
0432;145388278;1;0;42;1#2;60;
0432;145388279;1;0;1635;1#2;60;
0432;145388280;1;0;258;1#2;60;
0432;145388281;1;0;1515;1#2;60;
0432;145388282;1;0;3017;1#2;60;
0432;145388283;1;0;1475;1#2;60;
0432;145388286;1;0;3134;1#2;60;
0432;145388287;1;0;27;1#2;60;
0432;145388288;1;0;2510;1#2;60;
0432;145388289;1;0;37;1#2;60;
0432;145388290;1;0;44;1#2;60;
0432;145388291;1;0;86;1#2;60;
0432;145388292;1;0;246;1#2;60;
0432;145388293;1;0;774;1#2;60;
0432;145388294;1;0;612;1#2;60;
0432;145388295;1;0;1170;1#2;60;
0432;145388296;1;0;718;1#2;60;
0432;145388297;1;0;120;1#2;60;
0432;145388298;1;0;522;1#2;60;
0432;145388299;1;0;7;1#2;60;
0432;145388300;1;0;386;1#2;60;
0432;145388301;1;0;599;1#2;60;
0432;145388302;1;0;42;1#2;60;
0432;145388303;1;0;956;1#2;60;
0432;145388304;1;0;886;1#2;60;
0432;145388305;1;0;298;1#2;60;
0432;145388306;1;0;1140;1#2;60;
0432;145388307;1;0;190;1#2;60;
0432;145388308;1;0;312;1#2;60;
0432;145388309;1;0;3170;1#2;60;
0432;145388310;1;0;85;1#2;60;
0432;145388311;1;0;1952;1#2;60;
0432;145388312;1;0;2188;1#2;60;
0432;145388313;1;0;1716;1#2;60;
0432;145388314;1;0;21;1#2;60;
0432;145388315;1;0;2826;1#2;60;
0432;145388316;1;0;631;1#2;60;
0432;145388317;1;0;27;1#2;60;
0432;145388318;1;0;1300;1#2;60;
0432;145388319;1;0;628;1#2;60;
0432;145388320;1;0;535;1#2;60;
0432;145388321;1;0;24;1#2;60;
0432;145388322;1;0;2084;1#2;60;
0432;145388323;1;0;2232;1#2;60;
0432;145388324;1;0;807;1#2;60;
0432;145388325;1;0;743;1#2;60;
0432;145388326;1;0;450;1#2;60;
0432;145388327;1;0;2326;1#2;60;
0432;145388328;1;0;442;1#2;60;
0432;145388329;1;0;806;1#2;60;
0432;145388330;1;0;2959;1#2;60;
0432;145388331;1;0;359;1#2;60;
0432;145388332;1;0;19;1#2;60;
0432;145388333;1;0;162;1#2;60;
0432;145388334;1;0;165;1#2;60;
0432;145388335;1;0;3067;1#2;60;
0432;145388336;1;0;93;1#2;60;
0432;145388337;1;0;22;1#2;60;
0432;145388338;1;0;76;1#2;60;
0432;145388339;1;0;6;1#2;60;
0432;145388340;1;0;141;1#2;60;
0432;145388341;1;0;282;1#2;60;
0432;145388342;1;0;75;1#2;60;
0432;145388343;1;0;54;1#2;60;
0432;145388344;1;0;73;1#2;60;
0432;145388345;1;0;117;1#2;60;
0432;145388346;1;0;1347;1#2;60;
0432;145388347;1;0;1350;1#2;60;
0432;145388348;1;0;567;1#2;60;
0432;145388349;1;0;1387;1#2;60;
0432;145388350;1;0;1784;1#2;60;
0432;145388351;1;0;564;1#2;60;
0432;240326953;1;0;702;1#2;60;
0432;240326954;1;0;2721;1#2;60;
0432;145388353;1;0;68;1#2;60;
0432;145388354;1;0;48;1#2;60;
0432;145388355;1;0;6;1#2;60;
0432;145388356;1;0;12;1#2;60;
0432;145388357;1;0;571;1#2;60;
0432;145388358;1;0;94;1#2;60;
0432;145388359;1;0;72;1#2;60;
0432;145388360;1;0;36;1#2;60;
0432;145388361;1;0;66;1#2;60;
0432;145388362;1;0;174;1#2;60;
0432;145388363;1;0;74;1#2;60;
0432;145388364;1;0;452;1#2;60;
0432;145388365;1;0;5;1#2;60;
0432;145388366;1;0;997;1#2;60;
0432;145388367;1;0;1718;1#2;60;
0432;145388368;1;0;3668;1#2;60;
0432;145388369;1;0;533;1#2;60;
0432;145388370;1;0;97;1#2;60;
0432;145388371;1;0;2168;1#2;60;
0432;145388372;1;0;704;1#2;60;
0432;145388373;1;0;1185;1#2;60;
0432;145388374;1;0;103;1#2;60;
0432;145388375;1;0;1624;1#2;60;
0432;145388376;1;0;447;1#2;60;
0432;145388377;1;0;988;1#2;60;
0432;145388378;1;0;1521;1#2;60;
0432;145388379;1;0;260;1#2;60;
0432;145388380;1;0;100;1#2;60;
0432;145388381;1;0;85;1#2;60;
0432;145388382;1;0;295;1#2;60;
0432;145388383;1;0;206;1#2;60;
0432;145388384;1;0;131;1#2;60;
0432;145388385;1;0;344;1#2;60;
0432;145388386;1;0;326;1#2;60;
0432;145388387;1;0;3365;1#2;60;
0432;145388388;1;0;65;1#2;60;
0432;145388389;1;0;26;1#2;60;
0432;145388390;1;0;378;1#2;60;
0432;145388391;1;0;346;1#2;60;
0432;145388392;1;0;128;1#2;60;
0432;145388393;1;0;135;1#2;60;
0432;145388394;1;0;200;1#2;60;
0432;145388395;1;0;57;1#2;60;
0432;145388396;1;0;91;1#2;60;
0432;145388397;1;0;505;1#2;60;
0432;145388398;1;0;678;1#2;60;
0432;145388399;1;0;43;1#2;60;
0432;145388400;1;0;37;1#2;60;
0432;145388401;1;0;81;1#2;60;
0432;145388402;1;0;460;1#2;60;
0432;145388403;1;0;330;1#2;60;
0432;145388404;1;0;47;1#2;60;
0432;145388405;1;0;150;1#2;60;
0432;145388406;1;0;463;1#2;60;
0432;145388407;1;0;854;1#2;60;
0432;145388408;1;0;381;1#2;60;
0432;145388409;1;0;425;1#2;60;
0432;145388410;1;0;558;1#2;60;
0432;145388411;1;0;640;1#2;60;
0432;145388412;1;0;1130;1#2;60;
0432;145388413;1;0;138;1#2;60;
0432;145388414;1;0;726;1#2;60;
0432;145388415;1;0;549;1#2;60;
0432;145388416;1;0;910;1#2;60;
0432;145388417;1;0;184;1#2;60;
0432;145388418;1;0;292;1#2;60;
0432;145388419;1;0;471;1#2;60;
0432;145388420;1;0;188;1#2;60;
0432;145388421;1;0;443;1#2;60;
0432;145388422;1;0;216;1#2;60;
0432;145388423;1;0;8;1#2;60;
0432;145388424;1;0;24;1#2;60;
0432;145388425;1;0;161;1#2;60;
0432;145388426;1;0;78;1#2;60;
0432;145388427;1;0;527;1#2;60;
0432;145388428;1;0;497;1#2;60;
0432;145388429;1;0;12;1#2;60;
0432;145388430;1;0;708;1#2;60;
0432;145388431;1;0;421;1#2;60;
0432;145388432;1;0;643;1#2;60;
0432;145388433;1;0;1295;1#2;60;
0432;145388434;1;0;888;1#2;60;
0432;145388435;1;0;1451;1#2;60;
0432;145388436;1;0;31;1#2;60;
0432;145388437;1;0;500;1#2;60;
0432;145388438;1;0;1457;1#2;60;
0432;145388439;1;0;742;1#2;60;
0432;145388440;1;0;35;1#2;60;
0432;145388441;1;0;2136;1#2;60;
0432;145388442;1;0;287;1#2;60;
0432;145388443;1;0;784;1#2;60;
0432;145388444;1;0;845;1#2;60;
0432;145388445;1;0;401;1#2;60;
0432;145388446;1;0;379;1#2;60;
0432;145388447;1;0;323;1#2;60;
0432;145388448;1;0;549;1#2;60;
0432;145388449;1;0;340;1#2;60;
0432;145388450;1;0;565;1#2;60;
0432;145388451;1;0;62;1#2;60;
0432;145388452;1;0;452;1#2;60;
0432;145388453;1;0;151;1#2;60;
0432;145388454;1;0;660;1#2;60;
0432;145388455;1;0;1475;1#2;60;
0432;145388456;1;0;933;1#2;60;
0432;145388457;1;0;356;1#2;60;
0432;145388458;1;0;195;1#2;60;
0432;145388459;1;0;156;1#2;60;
0432;145388460;1;0;981;1#2;60;
0432;145388461;1;0;732;1#2;60;
0432;145388462;1;0;1415;1#2;60;
0432;145388463;1;0;2;1#2;60;
0432;145388464;1;0;275;1#2;60;
0432;145388465;1;0;484;1#2;60;
0432;145388466;1;0;126;1#2;60;
0432;145388467;1;0;3582;1#2;60;
0432;145388468;1;0;205;1#2;60;
0432;145388469;1;0;163;1#2;60;
0432;145388470;1;0;157;1#2;60;
0432;145388471;1;0;12;1#2;60;
0432;145388472;1;0;270;1#2;60;
0432;145388473;1;0;166;1#2;60;
0432;145388474;1;0;168;1#2;60;
0432;145388475;1;0;163;1#2;60;
0432;145388476;1;0;175;1#2;60;
0432;145388477;1;0;177;1#2;60;
0432;145388478;1;0;153;1#2;60;
0432;145388479;1;0;64;1#2;60;
0432;145388480;1;0;187;1#2;60;
0432;145388481;1;0;3303;1#2;60;
0432;145388482;1;0;360;1#2;60;
0432;145388483;1;0;883;1#2;60;
0432;145388484;1;0;468;1#2;60;
0432;145388485;1;0;5109;1#2;60;
0432;145388486;1;0;164;1#2;60;
0432;145388487;1;0;786;1#2;60;
0432;145388488;1;0;1932;1#2;60;
0432;145388489;1;0;110;1#2;60;
0432;145388490;1;0;258;1#2;60;
0432;145388491;1;0;69;1#2;60;
0432;145388492;1;0;220;1#2;60;
0432;145388493;1;0;161;1#2;60;
0432;145388494;1;0;863;1#2;60;
0432;145388495;1;0;205;1#2;60;
0432;145388496;1;0;201;1#2;60;
0432;145388497;1;0;1322;1#2;60;
0432;145388498;1;0;601;1#2;60;
0432;145388499;1;0;179;1#2;60;
0432;145388500;1;0;77;1#2;60;
0432;145388501;1;0;64;1#2;60;
0432;145388502;1;0;93;1#2;60;
0432;145388503;1;0;2330;1#2;60;
0432;145388504;1;0;649;1#2;60;
0432;145388505;1;0;124;1#2;60;
0432;145388506;1;0;56;1#2;60;
0432;145388507;1;0;414;1#2;60;
0432;145388508;1;0;113;1#2;60;
0432;145388509;1;0;1766;1#2;60;
0432;145388510;1;0;10;1#2;60;
0432;145388511;1;0;380;1#2;60;
0432;145388512;1;0;238;1#2;60;
0432;145388513;1;0;191;1#2;60;
0432;145388514;1;0;55;1#2;60;
0432;145388515;1;0;565;1#2;60;
0432;145388516;1;0;2675;1#2;60;
0432;145388517;1;0;271;1#2;60;
0432;145388518;1;0;284;1#2;60;
0432;145388519;1;0;345;1#2;60;
0432;145388520;1;0;469;1#2;60;
0432;145388521;1;0;1601;1#2;60;
0432;145388522;1;0;1786;1#2;60;
0432;145388523;1;0;1774;1#2;60;
0432;145388524;1;0;26;1#2;60;
0432;145388525;1;0;2043;1#2;60;
0432;145388526;1;0;1575;1#2;60;
0432;145388527;1;0;1372;1#2;60;
0432;145388528;1;0;3366;1#2;60;
0432;145388529;1;0;130;1#2;60;
0432;145388530;1;0;198;1#2;60;
0432;145388531;1;0;153;1#2;60;
0432;145388532;1;0;5;1#2;60;
0432;145388533;1;0;33;1#2;60;
0432;145388534;1;0;93;1#2;60;
0432;145388535;1;0;3399;1#2;60;
0432;145388536;1;0;9;1#2;60;
0432;145388537;1;0;24;1#2;60;
0432;145388538;1;0;1681;1#2;60;
0432;145388539;1;0;211;1#2;60;
0432;145388540;1;0;378;1#2;60;
0432;145388541;1;0;39;1#2;60;
0432;145388542;1;0;161;1#2;60;
0432;145388543;1;0;240;1#2;60;
0432;145388544;1;0;17;1#2;60;
0432;145388545;1;0;503;1#2;60;
0432;145388546;1;0;502;1#2;60;
0432;145388547;1;0;26;1#2;60;
0432;145388548;1;0;209;1#2;60;
0432;145388549;1;0;93;1#2;60;
0432;145388550;1;0;297;1#2;60;
0432;145388551;1;0;2260;1#2;60;
0432;145388552;1;0;943;1#2;60;
0432;145388553;1;0;2;1#2;60;
0432;145388554;1;0;23;1#2;60;
0432;145388555;1;0;235;1#2;60;
0432;145388556;1;0;61;1#2;60;
0432;145388557;1;0;101;1#2;60;
0432;145388558;1;0;556;1#2;60;
0432;145388559;1;0;1325;1#2;60;
0432;145388560;1;0;4217;1#2;60;
0432;145388561;1;0;3642;1#2;60;
0432;145388562;1;0;132;1#2;60;
0432;145388563;1;0;71;1#2;60;
0432;145388564;1;0;588;1#2;60;
0432;145388565;1;0;278;1#2;60;
0432;145388566;1;0;692;1#2;60;
0432;145388567;1;0;156;1#2;60;
0432;145388568;1;0;759;1#2;60;
0432;145388569;1;0;4194;1#2;60;
0432;145388570;1;0;8;1#2;60;
0432;145388571;1;0;68;1#2;60;
0432;145388572;1;0;88;1#2;60;
0432;145388573;1;0;417;1#2;60;
0432;145388574;1;0;1106;1#2;60;
0432;145388575;1;0;1533;1#2;60;
0432;145388576;1;0;417;1#2;60;
0432;145388577;1;0;719;1#2;60;
0432;145388578;1;0;215;1#2;60;
0432;145388579;1;0;122;1#2;60;
0432;145388580;1;0;15;1#2;60;
0432;145388581;1;0;1107;1#2;60;
0432;145388582;1;0;983;1#2;60;
0432;145388583;1;0;42;1#2;60;
0432;145388584;1;0;48;1#2;60;
0432;145388585;1;0;191;1#2;60;
0432;145388586;1;0;273;1#2;60;
0432;145388587;1;0;2351;1#2;60;
0432;145388588;1;0;234;1#2;60;
0432;145388589;1;0;2619;1#2;60;
0432;145388590;1;0;680;1#2;60;
0432;145388591;1;0;2134;1#2;60;
0432;145388592;1;0;30;1#2;60;
0432;145388593;1;0;2782;1#2;60;
0432;145388594;1;0;7;1#2;60;
0432;145388595;1;0;7931;1#2;60;
0432;145388596;1;0;139;1#2;60;
0432;145388597;1;0;2105;1#2;60;
0432;145388598;1;0;3003;1#2;60;
0432;145388599;1;0;1499;1#2;60;
0432;145388600;1;0;2652;1#2;60;
0432;145388601;1;0;344;1#2;60;
0432;145388602;1;0;44;1#2;30;
0432;145388603;1;0;3934;1#2;60;
0432;145388604;1;0;46;1#2;30;
0432;145388605;1;0;4426;1#2;60;
0432;145388606;1;0;598;1#2;60;
0432;145388607;1;0;1886;1#2;60;
0432;145388608;1;0;4207;1#2;60;
0432;145388609;1;0;4162;1#2;60;
0432;145388610;1;0;1732;1#2;60;
0432;145391160;1;0;1402;1#2;80;
0432;145391161;1;0;2073;1#2;80;
0432;145391162;1;0;1719;1#2;80;
0432;145391163;1;0;91;1#2;80;
0432;145391164;1;0;336;1#2;80;
0432;145391165;1;0;1621;1#2;80;
0432;145391166;1;0;596;1#2;80;
0432;145391167;1;0;1619;1#2;80;
0432;145391167;2;1516;1619;1#2;70;
0432;145391168;1;0;256;1#2;70;
0432;145391169;1;0;111;1#2;70;
0432;145391170;1;0;6;1#2;70;
0432;145391171;1;0;2086;1#2;70;
0432;145391171;1;0;2086;1#2;70;
0432;145391171;2;288;2086;1#2;80;
0432;145391172;1;0;1462;1#2;80;
0432;145391173;1;0;23;1#2;80;
0432;145391174;1;0;167;1#2;80;
0432;145391175;1;0;1505;1#2;80;
0432;145391176;1;0;1975;1#2;80;
0432;145391177;1;0;220;1#2;80;
0432;145391178;1;0;1082;1#2;80;
0432;145391179;1;0;1636;1#2;80;
0432;145391180;1;0;2216;1#2;80;
0432;145391181;1;0;246;1#2;80;
0432;145391182;1;0;985;1#2;80;
0432;145392987;1;0;2141;1#2;80;
0432;145392988;1;0;405;1#2;80;
0432;145392989;1;0;297;1#2;80;
0432;145392990;1;0;726;1#2;80;
0432;145392991;1;0;5391;1#2;80;
0432;145392992;1;0;180;1#2;80;
0432;145392993;1;0;103;1#2;80;
0432;145392994;1;0;415;1#2;80;
0432;145392995;1;0;348;1#2;80;
0432;145392996;1;0;332;1#2;80;
0432;145392997;1;0;2;1#2;80;
0432;145392998;1;0;102;1#2;80;
0432;145392999;1;0;66;1#2;80;
0432;145393000;1;0;153;1#2;80;
0432;145393001;1;0;265;1#2;80;
0432;145393002;1;0;338;1#2;80;
0432;145393003;1;0;388;1#2;80;
0432;145393004;1;0;40;1#2;80;
0432;145393005;1;0;47;1#2;80;
0432;145393006;1;0;785;1#2;80;
0432;145393007;1;0;199;1#2;80;
0432;145393008;1;0;38;1#2;80;
0432;145393009;1;0;66;1#2;80;
0432;145393010;1;0;128;1#2;80;
0432;145393011;1;0;139;1#2;80;
0432;145393012;1;0;15;1#2;80;
0432;145393013;1;0;93;1#2;80;
0432;145393014;1;0;406;1#2;80;
0432;145393015;1;0;149;1#2;80;
0432;145393016;1;0;298;1#2;80;
0432;145393017;1;0;232;1#2;80;
0432;145393017;2;209;232;1#2;80;
0432;145393018;1;0;216;1#2;80;
0432;145393018;2;149;216;1#2;50;
0432;145393019;1;0;63;1#2;50;
0432;145393020;1;0;57;1#2;50;
0432;145393021;1;0;15;1#2;50;
0432;145393022;1;0;58;1#2;50;
0432;145393023;1;0;63;1#2;50;
0432;145393024;1;0;13;1#2;50;
0432;145393025;1;0;138;1#2;50;
0432;145393026;1;0;118;1#2;50;
0432;145393027;1;0;9;1#2;50;
0432;145393028;1;0;156;1#2;50;
0432;145393029;1;0;33;1#2;50;
0432;145393030;1;0;107;1#2;50;
0432;145393031;1;0;9;1#2;50;
0432;145393032;1;0;8;1#2;50;
0432;145393033;1;0;53;1#2;50;
0432;145393034;1;0;109;1#2;50;
0432;145393035;1;0;671;1#2;70;
0432;145393036;1;0;6;1#2;70;
0432;145393037;1;0;34;1#2;70;
0432;145393038;1;0;36;1#2;70;
0432;145393039;1;0;270;1#2;70;
0432;145393040;1;0;331;1#2;70;
0432;145393041;1;0;80;1#2;70;
0432;145393042;1;0;56;1#2;70;
0432;145393043;1;0;111;1#2;70;
0432;145393044;1;0;13;1#2;70;
0432;145393045;1;0;102;1#2;70;
0432;145393046;1;0;160;1#2;70;
0432;145393047;1;0;221;1#2;70;
0432;145393048;1;0;16;1#2;70;
0432;145393049;1;0;62;1#2;70;
0432;145393050;1;0;447;1#2;70;
0432;145393051;1;0;21;1#2;70;
0432;145393052;1;0;266;1#2;70;
0432;145393053;1;0;315;1#2;70;
0432;145393054;1;0;22;1#2;70;
0432;145393055;1;0;88;1#2;70;
0432;145393056;1;0;2;1#2;70;
0432;145393057;1;0;39;1#2;70;
0432;145393058;1;0;172;1#2;70;
0432;145393059;1;0;309;1#2;70;
0432;145393059;2;6;309;1#2;60;
0432;145393060;1;0;64;1#2;60;
0432;145393061;1;0;52;1#2;60;
0432;145393062;1;0;183;1#2;60;
0432;145393063;1;0;44;1#2;60;
0432;145393064;1;0;433;1#2;60;
0432;145393064;2;93;433;1#2;70;
0432;145393065;1;0;67;1#2;70;
0432;145393066;1;0;15;1#2;70;
0432;145393067;1;0;5;1#2;70;
0432;145393068;1;0;155;1#2;70;
0432;145393069;1;0;484;1#2;70;
0432;145393069;2;42;484;1#2;80;
0432;145393070;1;0;165;1#2;80;
0432;145393071;1;0;406;1#2;80;
0432;145393072;1;0;1205;1#2;80;
0432;145393073;1;0;796;1#2;80;
0432;145393074;1;0;163;1#2;80;
0432;145393075;1;0;2299;1#2;80;
0432;145393076;1;0;33;1#2;80;
0432;145393077;1;0;963;1#2;80;
0432;145393078;1;0;318;1#2;80;
0432;145393079;1;0;503;1#2;80;
0432;145393080;1;0;335;1#2;80;
0432;145393081;1;0;168;1#2;80;
0432;145393082;1;0;79;1#2;80;
0432;145393083;1;0;107;1#2;80;
0432;145393084;1;0;204;1#2;80;
0432;145393085;1;0;189;1#2;80;
0432;145393086;1;0;47;1#2;80;
0432;145393087;1;0;1790;1#2;80;
0432;145393088;1;0;174;1#2;80;
0432;145393089;1;0;6;1#2;80;
0432;145393090;1;0;129;1#2;80;
0432;145393091;1;0;1292;1#2;80;
0432;145393092;1;0;5;1#2;80;
0432;145393093;1;0;467;1#2;80;
0432;145393094;1;0;620;1#2;80;
0432;145393095;1;0;25;1#2;80;
0432;145393096;1;0;1351;1#2;80;
0432;145393097;1;0;324;1#2;80;
0432;145393098;1;0;638;1#2;80;
0432;145393099;1;0;1010;1#2;80;
0432;145393100;1;0;2097;1#2;80;
0432;145393101;1;0;264;1#2;80;
0432;145393102;1;0;31;1#2;80;
0432;145393103;1;0;609;1#2;80;
0432;145393104;1;0;228;1#2;80;
0432;145393105;1;0;406;1#2;80;
0432;145394572;1;0;1069;1#2;80;
0432;145394573;1;0;993;1#2;80;
0432;145394574;1;0;42;1#2;80;
0432;145394575;1;0;839;1#2;80;
0432;145394576;1;0;239;1#2;80;
0432;145394577;1;0;144;1#2;80;
0432;145394578;1;0;3375;1#2;80;
0432;145394579;1;0;163;1#2;80;
0432;145394580;1;0;75;1#2;80;
0432;145394581;1;0;487;1#2;80;
0432;145394582;1;0;554;1#2;80;
0432;145394583;1;0;176;1#2;80;
0432;145394584;1;0;3003;1#2;80;
0432;145394585;1;0;250;1#2;80;
0432;145394586;1;0;669;1#2;80;
0432;145394587;1;0;74;1#2;80;
0432;145394588;1;0;71;1#2;80;
0432;145394589;1;0;2500;1#2;80;
0432;145394590;1;0;1041;1#2;80;
0432;145394591;1;0;215;1#2;80;
0432;145394592;1;0;1474;1#2;80;
0432;145394593;1;0;299;1#2;80;
0432;145394594;1;0;60;1#2;80;
0432;145394595;1;0;275;1#2;80;
0432;145394596;1;0;141;1#2;80;
0432;145394597;1;0;149;1#2;80;
0432;145394598;1;0;90;1#2;80;
0432;145394599;1;0;2284;1#2;80;
0432;145394600;1;0;879;1#2;80;
0432;145394601;1;0;889;1#2;80;
0432;145394602;1;0;876;1#2;80;
0432;145394603;1;0;110;1#2;80;
0432;145394604;1;0;443;1#2;80;
0432;145394605;1;0;551;1#2;80;
0432;145394606;1;0;252;1#2;80;
0432;145394607;1;0;711;1#2;80;
0432;145394607;2;589;711;1#2;60;
0432;145394608;1;0;363;1#2;60;
0432;145394609;1;0;90;1#2;60;
0432;145394610;1;0;24;1#2;60;
0432;145394611;1;0;262;1#2;60;
0432;145394612;1;0;6;1#2;60;
0432;145394613;1;0;515;1#2;60;
0432;145394613;2;33;515;1#2;70;
0432;145394614;1;0;185;1#2;70;
0432;145394614;2;156;185;1#2;50;
0432;145394615;1;0;229;1#2;50;
0432;145394616;1;0;112;1#2;50;
0432;145394617;1;0;13;1#2;50;
0432;145394618;1;0;5;1#2;50;
0432;145394619;1;0;129;1#2;50;
0432;145394619;2;49;129;1#2;50;
0432;145394620;1;0;127;1#2;50;
0432;145394621;1;0;37;1#2;50;
0432;145394622;1;0;2;1#2;50;
0432;145394623;1;0;98;1#2;50;
0432;145394624;1;0;132;1#2;50;
0432;145394625;1;0;49;1#2;50;
0432;145394626;1;0;43;1#2;50;
0432;145394627;1;0;249;1#2;50;
0432;145394628;1;0;19;1#2;50;
0432;145394629;1;0;53;1#2;50;
0432;145394630;1;0;15;1#2;50;
0432;145394631;1;0;4;1#2;50;
0432;240326955;1;0;656;1#2;80;
0432;240326956;1;0;293;1#2;80;
0432;145402747;1;0;333;1#2;80;
0432;145402748;1;0;754;1#2;80;
0432;145402748;2;659;754;1#2;60;
0432;145402749;1;0;186;1#2;60;
0432;145402750;1;0;310;1#2;60;
0432;145402751;1;0;130;1#2;60;
0432;145402752;1;0;90;1#2;60;
0432;145402752;2;69;90;1#2;60;
0432;145402753;1;0;76;1#2;60;
0432;145402754;1;0;684;1#2;60;
0432;145402754;2;473;684;1#2;80;
0432;145402755;1;0;608;1#2;80;
0432;145402756;1;0;592;1#2;80;
0432;145402757;1;0;176;1#2;80;
0432;240326957;1;0;505;1#2;80;
0432;240326958;1;0;1131;1#2;80;
0432;240326959;1;0;918;1#2;80;
0432;240326960;1;0;38;1#2;80;
0432;145402760;1;0;3508;1#2;80;
0432;145402761;1;0;281;1#2;80;
0432;145402762;1;0;1270;1#2;80;
0432;145402763;1;0;315;1#2;80;
0432;145402764;1;0;1941;1#2;80;
0432;145402765;1;0;676;1#2;80;
0432;145402766;1;0;2008;1#2;80;
0432;145402767;1;0;38;1#2;80;
0432;145402768;1;0;2773;1#2;80;
0432;145402769;1;0;53;1#2;80;
0432;145402770;1;0;462;1#2;80;
0432;145402771;1;0;544;1#2;80;
0432;145402772;1;0;1263;1#2;80;
0432;145402773;1;0;2165;1#2;80;
0432;145402774;1;0;2017;1#2;80;
0432;145402775;1;0;273;1#2;80;
0432;145402776;1;0;27;1#2;80;
0432;145402777;1;0;74;1#2;80;
0432;145402778;1;0;35;1#2;80;
0432;145402779;1;0;481;1#2;80;
0432;145402779;2;358;481;1#2;60;
0432;145402780;1;0;16;1#2;60;
0432;145402781;1;0;44;1#2;60;
0432;145402782;1;0;110;1#2;60;
0432;145402783;1;0;69;1#2;60;
0432;145402784;1;0;202;1#2;60;
0432;145402785;1;0;311;1#2;60;
0432;145402786;1;0;188;1#2;60;
0432;145402787;1;0;240;1#2;60;
0432;145402788;1;0;99;1#2;60;
0432;145402789;1;0;82;1#2;60;
0432;145402790;1;0;15;1#2;60;
0432;145402791;1;0;78;1#2;60;
0432;145402792;1;0;65;1#2;60;
0432;145402793;1;0;94;1#2;60;
0432;145402794;1;0;65;1#2;60;
0432;145402795;1;0;90;1#2;60;
0432;145402796;1;0;77;1#2;60;
0432;145402797;1;0;134;1#2;60;
0432;145402798;1;0;5;1#2;60;
0432;145402799;1;0;57;1#2;60;
0432;145402800;1;0;126;1#2;60;
0432;145402801;1;0;181;1#2;60;
0432;145402802;1;0;174;1#2;60;
0432;145402803;1;0;233;1#2;60;
0432;145402804;1;0;32;1#2;60;
0432;145402805;1;0;221;1#2;60;
0432;145402806;1;0;126;1#2;60;
0432;145402807;1;0;258;1#2;60;
0432;145402808;1;0;28;1#2;60;
0432;145402809;1;0;59;1#2;60;
0432;145402810;1;0;2;1#2;60;
0432;145402811;1;0;4;1#2;60;
0432;145402895;1;0;341;1#2;80;
0432;145402896;1;0;83;1#2;80;
0432;145402897;1;0;79;1#2;80;
0432;145402898;1;0;4;1#2;80;
0432;145402992;1;0;4;1#2;60;
0432;145402993;1;0;13;1#2;60;
0432;145402994;1;0;66;1#2;60;
0432;145402995;1;0;66;1#2;60;
0432;145402996;1;0;35;1#2;60;
0432;145402997;1;0;232;1#2;60;
0432;145402997;2;210;232;1#2;60;
0432;145402998;1;0;102;1#2;60;
0432;145402999;1;0;293;1#2;60;
0432;145403000;1;0;175;1#2;60;
0432;145403001;1;0;242;1#2;60;
0432;145403002;1;0;192;1#2;60;
0432;145403003;1;0;64;1#2;60;
0432;145403004;1;0;166;1#2;60;
0432;145403005;1;0;7;1#2;60;
0432;145403006;1;0;493;1#2;60;
0432;145403007;1;0;70;1#2;60;
0432;145403008;1;0;150;1#2;60;
0432;145403009;1;0;193;1#2;60;
0432;145403010;1;0;167;1#2;60;
0432;145403011;1;0;143;1#2;60;
0432;145403012;1;0;132;1#2;60;
0432;145403013;1;0;153;1#2;60;
0432;145403014;1;0;128;1#2;60;
0432;145403015;1;0;233;1#2;60;
0432;145403016;1;0;1327;1#2;60;
0432;145403017;1;0;119;1#2;60;
0432;145403018;1;0;178;1#2;60;
0432;145403019;1;0;161;1#2;60;
0432;145403020;1;0;222;1#2;60;
0432;145403021;1;0;187;1#2;60;
0432;145403022;1;0;178;1#2;60;
0432;145403023;1;0;164;1#2;60;
0432;145403024;1;0;96;1#2;60;
0432;145403025;1;0;202;1#2;60;
0432;145403026;1;0;653;1#2;60;
0432;145403026;2;51;653;1#2;80;
0432;145403027;1;0;200;1#2;80;
0432;145403028;1;0;468;1#2;80;
0432;145403029;1;0;557;1#2;80;
0432;145403030;1;0;132;1#2;80;
0432;145403031;1;0;171;1#2;80;
0432;145403032;1;0;4;1#2;60;
0432;145403033;1;0;62;1#2;60;
0432;145403034;1;0;55;1#2;60;
0432;145403035;1;0;447;1#2;60;
0432;145403035;2;343;447;1#2;80;
0432;145403036;1;0;58;1#2;80;
0432;145403037;1;0;216;1#2;80;
0432;145403038;1;0;150;1#2;80;
0432;145403039;1;0;16;1#2;80;
0432;145403040;1;0;4;1#2;80;
0432;145403041;1;0;3;1#2;80;
0432;145403042;1;0;255;1#2;80;
0432;145403043;1;0;118;1#2;80;
0432;145403044;1;0;4;1#2;80;
0432;145403045;1;0;4;1#2;80;
0432;145403046;1;0;25;1#2;80;
0432;145403047;1;0;32;1#2;80;
0432;145403048;1;0;2520;1#2;80;
0432;145403049;1;0;6197;1#2;80;
0432;145403050;1;0;52;1#2;80;
0432;145403051;1;0;178;1#2;80;
0432;145403052;1;0;217;1#2;80;
0432;145403053;1;0;196;1#2;80;
0432;145403054;1;0;274;1#2;80;
0432;145403055;1;0;135;1#2;80;
0432;145403056;1;0;191;1#2;80;
0432;145403057;1;0;345;1#2;80;
0432;145403058;1;0;414;1#2;80;
0432;145403059;1;0;5;1#2;80;
0432;145403060;1;0;631;1#2;80;
0432;145403061;1;0;2793;1#2;80;
0432;145403062;1;0;28;1#2;80;
0432;145403063;1;0;218;1#2;80;
0432;145403064;1;0;116;1#2;80;
0432;145403065;1;0;201;1#2;80;
0432;145403066;1;0;1055;1#2;80;
0432;145403067;1;0;141;1#2;80;
0432;145403068;1;0;55;1#2;80;
0432;145403069;1;0;377;1#2;80;
0432;145403069;2;326;377;1#2;50;
0432;145403070;1;0;91;1#2;50;
0432;145403071;1;0;39;1#2;50;
0432;145403072;1;0;72;1#2;50;
0432;145403073;1;0;101;1#2;50;
0432;145403074;1;0;54;1#2;50;
0432;145403075;1;0;91;1#2;50;
0432;145403076;1;0;78;1#2;50;
0432;145403077;1;0;9;1#2;50;
0432;145403078;1;0;47;1#2;50;
0432;145403079;1;0;25;1#2;50;
0432;145403080;1;0;8;1#2;50;
0432;145403081;1;0;4;1#2;50;
0432;145403082;1;0;4;1#2;80;
0432;145403083;1;0;16;1#2;80;
0432;145403084;1;0;1107;1#2;80;
0432;145403085;1;0;24;1#2;80;
0432;145403086;1;0;897;1#2;80;
0432;145403087;1;0;32;1#2;80;
0432;145403088;1;0;224;1#2;80;
0432;145403089;1;0;60;1#2;80;
0432;145403090;1;0;1037;1#2;80;
0432;145403091;1;0;48;1#2;80;
0432;145403092;1;0;485;1#2;80;
0432;145403093;1;0;336;1#2;80;
0432;145403093;2;240;336;1#2;60;
0432;145403094;1;0;120;1#2;60;
0432;145403095;1;0;170;1#2;60;
0432;145403096;1;0;101;1#2;60;
0432;145403097;1;0;99;1#2;60;
0432;145403098;1;0;35;1#2;60;
0432;145403099;1;0;108;1#2;60;
0432;145403100;1;0;70;1#2;60;
0432;145403101;1;0;47;1#2;60;
0432;145403102;1;0;94;1#2;60;
0432;145403103;1;0;251;1#2;60;
0432;145403104;1;0;28;1#2;60;
0432;145403105;1;0;292;1#2;60;
0432;145403106;1;0;119;1#2;60;
0432;145403107;1;0;68;1#2;60;
0432;145403108;1;0;350;1#2;60;
0432;145403109;1;0;1677;1#2;60;
0432;145403109;2;132;1677;1#2;80;
0432;145403110;1;0;769;1#2;80;
0432;145403111;1;0;221;1#2;80;
0432;145403112;1;0;471;1#2;80;
0432;145403113;1;0;322;1#2;80;
0432;145404440;1;0;638;1#2;80;
0432;145404441;1;0;1310;1#2;80;
0432;145404442;1;0;77;1#2;80;
0432;145404443;1;0;379;1#2;80;
0432;145405812;1;0;2014;1#2;80;
0432;145405813;1;0;726;1#2;80;
0432;145405814;1;0;109;1#2;80;
0432;145405815;1;0;147;1#2;80;
0432;145405816;1;0;124;1#2;80;
0432;145405817;1;0;3964;1#2;80;
0432;145405818;1;0;333;1#2;80;
0432;145405819;1;0;548;1#2;80;
0432;145405820;1;0;31;1#2;80;
0432;145405821;1;0;499;1#2;80;
0432;145405821;2;442;499;1#2;80;
0432;145405822;1;0;155;1#2;80;
0432;145405823;1;0;43;1#2;80;
0432;145405824;1;0;961;1#2;80;
0432;145405824;2;373;961;1#2;80;
0432;145405825;1;0;276;1#2;80;
0432;145405826;1;0;7;1#2;80;
0432;145405827;1;0;191;1#2;80;
0432;145405828;1;0;178;1#2;80;
0432;145405829;1;0;185;1#2;80;
0432;145405829;2;124;185;1#2;60;
0432;145405830;1;0;132;1#2;60;
0432;145405831;1;0;434;1#2;60;
0432;145405831;2;302;434;1#2;50;
0432;145405832;1;0;133;1#2;50;
0432;145405833;1;0;42;1#2;50;
0432;145405834;1;0;78;1#2;50;
0432;145405835;1;0;3;1#2;50;
0432;145405836;1;0;68;1#2;50;
0432;145405837;1;0;231;1#2;50;
0432;145405838;1;0;69;1#2;50;
0432;145405839;1;0;226;1#2;50;
0432;145405840;1;0;91;1#2;50;
0432;145405841;1;0;171;1#2;50;
0432;145405842;1;0;13;1#2;50;
0432;145405843;1;0;52;1#2;50;
0432;145405844;1;0;5;1#2;50;
0432;145405845;1;0;74;1#2;50;
0432;145405846;1;0;123;1#2;50;
0432;145405847;1;0;76;1#2;50;
0432;145405848;1;0;44;1#2;50;
0432;145405849;1;0;245;1#2;50;
0432;145405850;1;0;195;1#2;50;
0432;145405850;2;56;195;1;80;
0432;145405850;2;56;195;2;70;
0432;145405851;1;0;91;1;80;
0432;145405851;1;0;91;2;70;
0432;145405851;2;86;91;1#2;80;
0432;145405852;1;0;259;1#2;80;
0432;145405853;1;0;83;1#2;80;
0432;145405854;1;0;27;1#2;80;
0432;145405855;1;0;54;1#2;80;
0432;145405856;1;0;391;1#2;80;
0432;145405857;1;0;128;1#2;80;
0432;145405858;1;0;91;1#2;80;
0432;145405859;1;0;3;1#2;80;
0432;145405860;1;0;980;1#2;80;
0432;145405861;1;0;146;1#2;80;
0432;145405862;1;0;90;1#2;80;
0432;145405863;1;0;182;1#2;80;
0432;145405864;1;0;108;1#2;80;
0432;145405865;1;0;186;1#2;80;
0432;145405865;2;56;186;1#2;60;
0432;145405866;1;0;303;1#2;60;
0432;145405867;1;0;227;1#2;60;
0432;145405868;1;0;132;1#2;60;
0432;145405869;1;0;134;1#2;60;
0432;145405870;1;0;48;1#2;60;
0432;145405871;1;0;94;1#2;60;
0432;145405872;1;0;79;1#2;60;
0432;145405873;1;0;19;1#2;60;
0432;145405874;1;0;47;1#2;60;
0432;145405875;1;0;44;1#2;60;
0432;145405876;1;0;210;1#2;60;
0432;145405876;2;129;210;1#2;80;
0432;145405877;1;0;462;1#2;80;
0432;145405878;1;0;541;1#2;80;
0432;145405879;1;0;651;1#2;80;
0432;248737150;1;0;268;1#2;80;
0432;248737151;1;0;319;1#2;80;
0432;240326962;1;0;6;1#2;80;
0432;145410791;1;0;3;1#2;80;
0432;145410792;1;0;436;1#2;80;
0432;145410793;1;0;73;1#2;80;
0432;145410794;1;0;63;1#2;80;
0432;145410795;1;0;461;1#2;80;
0432;145410832;1;0;685;1#2;80;
0432;145410833;1;0;946;1#2;80;
0432;145410834;1;0;34;1#2;80;
0432;145410886;1;0;422;1#2;80;
0432;145410887;1;0;23;1#2;80;
0432;145410888;1;0;213;1#2;80;
0432;145410889;1;0;57;1#2;80;
0432;145410890;1;0;282;1#2;80;
0432;145410891;1;0;9;1#2;80;
0432;145410892;1;0;129;1#2;80;
0432;145410893;1;0;354;1#2;80;
0432;145410894;1;0;223;1#2;80;
0432;145410895;1;0;243;1#2;80;
0432;145410896;1;0;262;1#2;80;
0432;145410897;1;0;196;1#2;80;
0432;145410898;1;0;211;1#2;80;
0432;145410899;1;0;101;1#2;80;
0432;145410900;1;0;121;1#2;80;
0432;145410901;1;0;176;1#2;80;
0432;145410902;1;0;63;1#2;80;
0432;145410903;1;0;61;1#2;80;
0432;145410904;1;0;93;1#2;80;
0432;145410905;1;0;54;1#2;80;
0432;145410906;1;0;1072;1#2;80;
0432;145410907;1;0;157;1#2;80;
0432;145410908;1;0;472;1#2;80;
0432;145410909;1;0;289;1#2;80;
0432;145410910;1;0;1814;1#2;80;
0432;145410911;1;0;467;1#2;80;
0432;145410912;1;0;367;1#2;80;
0432;145410913;1;0;371;1#2;80;
0432;145410914;1;0;177;1#2;80;
0432;145410915;1;0;581;1#2;80;
0432;145410916;1;0;213;1#2;80;
0432;145410917;1;0;204;1#2;80;
0432;145410918;1;0;620;1#2;80;
0432;145410919;1;0;363;1#2;80;
0432;145410920;1;0;181;1#2;80;
0432;145410921;1;0;91;1#2;80;
0432;145410922;1;0;54;1#2;80;
0432;145410923;1;0;70;1#2;80;
0432;145410924;1;0;60;1#2;80;
0432;145410925;1;0;87;1#2;80;
0432;145410926;1;0;6;1#2;80;
0432;145410927;1;0;163;1#2;80;
0432;145410928;1;0;214;1#2;80;
0432;145410929;1;0;246;1#2;80;
0432;145410930;1;0;161;1#2;80;
0432;145410931;1;0;10;1#2;80;
0432;145410932;1;0;85;1#2;80;
0432;145410933;1;0;77;1#2;80;
0432;145410934;1;0;4;1#2;80;
0432;145410935;1;0;278;1#2;80;
0432;145410936;1;0;3471;1#2;80;
0432;145410965;1;0;4;1#2;80;
0432;145410966;1;0;5;1#2;80;
0432;145410967;1;0;13;1#2;80;
0432;145410968;1;0;17;1#2;80;
0432;145410969;1;0;49;1#2;80;
0432;145410970;1;0;175;1#2;80;
0432;145410970;2;170;175;1#2;60;
0432;145410971;1;0;35;1#2;60;
0432;145410972;1;0;64;1#2;60;
0432;145410973;1;0;53;1#2;60;
0432;145410974;1;0;47;1#2;60;
0432;145410975;1;0;82;1#2;60;
0432;145410976;1;0;179;1#2;60;
0432;145410977;1;0;79;1#2;60;
0432;145410978;1;0;67;1#2;60;
0432;145410979;1;0;120;1#2;60;
0432;145410980;1;0;20;1#2;60;
0432;145410981;1;0;105;1#2;60;
0432;145410982;1;0;241;1#2;60;
0432;145410983;1;0;460;1#2;60;
0432;145410984;1;0;141;1#2;60;
0432;145410985;1;0;491;1#2;60;
0432;145410986;1;0;152;1#2;60;
0432;145410987;1;0;50;1#2;60;
0432;145410988;1;0;92;1#2;60;
0432;145410989;1;0;10;1#2;60;
0432;145410990;1;0;7;1#2;60;
0432;145410991;1;0;63;1#2;60;
0432;145410992;1;0;408;1#2;60;
0432;145410992;2;112;408;1#2;80;
0432;145410993;1;0;10;1#2;80;
0432;145410994;1;0;47;1#2;80;
0432;145410995;1;0;12;1#2;80;
0432;145410996;1;0;124;1#2;80;
0432;145410997;1;0;633;1#2;80;
0432;145410998;1;0;4;1#2;80;
0432;240326963;1;0;57;1#2;30;
0432;240326964;1;0;208;1#2;30;
0432;240326965;1;0;59;1#2;30;
0432;240326966;1;0;971;1#2;30;
0432;240326967;1;0;657;1#2;60;
0432;240326968;1;0;85;1#2;60;
0432;240326969;1;0;233;1#2;30;
0432;240326970;1;0;406;1#2;30;
0432;240326971;1;0;259;1#2;30;
0432;240326972;1;0;464;1#2;30;
0432;240326973;1;0;213;1#2;60;
0432;240326974;1;0;2522;1#2;60;
0432;240326975;1;0;709;1#2;30;
0432;240326976;1;0;1086;1#2;30;
0432;240326977;1;0;10;1#2;30;
0432;240326978;1;0;18;1#2;30;
0432;240326979;1;0;1783;1#2;30;
0432;240326980;1;0;26;1#2;30;
0432;240326982;1;0;386;1#2;30;
0432;240326983;1;0;142;1#2;30;
0432;240326984;1;0;111;1#2;30;
0432;240326985;1;0;14;1#2;30;
0432;240326987;1;0;22;1#2;30;
0432;240326988;1;0;1175;1#2;60;
0432;240326989;1;0;345;1#2;30;
0432;240326990;1;0;568;1#2;60;
0432;240326991;1;0;111;1#2;30;
0432;240326992;1;0;133;1#2;30;
0432;240326993;1;0;230;1#2;30;
