*0230*2011 VEGNETT*20110511*FART*20110511*VDB SVNT*AHT
..Eksport-dato 20110511
50;

Komm; TransID;kode;Fra;   Til;felt; Fart;
0230;145167854;1;0;3356;1#2;50;
0230;145181564;1;0;17;1;50;
0230;145181565;1;0;38;1;50;
0230;231638742;1;0;42;1;50;
0230;231638743;1;0;9;1;50;
0230;145181567;1;0;10;1;80;
0230;231638744;1;0;11;1;50;
0230;231638745;1;0;110;1;50;
0230;145181571;1;0;123;1;50;
0230;231638746;1;0;38;1;50;
0230;231638747;1;0;8;1;50;
0230;145181573;1;0;60;1;50;
0230;145181574;1;0;40;1;50;
0230;145181575;1;0;87;1;50;
0230;145181577;1;0;139;1#2;50;
0230;145181578;1;0;103;1#2;50;
0230;145181579;1;0;43;1#2;50;
0230;145181580;1;0;297;1#2;50;
0230;145181581;1;0;48;1#2;50;
0230;145181582;1;0;57;1#2;50;
0230;145181583;1;0;348;1#2;50;
0230;145181584;1;0;52;1#2;50;
0230;145181585;1;0;56;1#2;50;
0230;145181586;1;0;15;1#2;50;
0230;145181587;1;0;52;1#2;50;
0230;145181588;1;0;138;1#2;30;
0230;145181589;1;0;75;1#2;30;
0230;145181590;1;0;88;1#2;50;
0230;145181591;1;0;248;1#2;50;
0230;145181592;1;0;21;1#2;30;
0230;145181593;1;0;24;1#2;30;
0230;145181594;1;0;65;1#2;30;
0230;145181595;1;0;129;1#2;50;
0230;145181596;1;0;110;1#2;50;
0230;145181597;1;0;99;1#2;50;
0230;145181598;1;0;58;1#2;50;
0230;145181599;1;0;68;1#2;50;
0230;145181600;1;0;90;1#2;30;
0230;145181601;1;0;55;1#2;30;
0230;145181602;1;0;40;1#2;30;
0230;145181603;1;0;21;1#2;30;
0230;145181604;1;0;86;1#2;30;
0230;145181605;1;0;59;1#2;30;
0230;145181606;1;0;57;1#2;30;
0230;145181607;1;0;52;1#2;30;
0230;145181608;1;0;20;1#2;30;
0230;145181609;1;0;88;1#2;50;
0230;145181610;1;0;62;1#2;50;
0230;145181611;1;0;125;1#2;50;
0230;145181613;1;0;46;1#2;40;
0230;145181614;1;0;7;1#2;40;
0230;145181615;1;0;203;1#2;40;
0230;145181616;1;0;309;1#2;50;
0230;145181617;1;0;102;1#2;50;
0230;145181618;1;0;174;1#2;50;
0230;145181619;1;0;116;1#2;50;
0230;145181620;1;0;45;1#2;50;
0230;145181621;1;0;60;1#2;50;
0230;145181622;1;0;20;1#2;50;
0230;186066405;1;0;128;1#2;50;
0230;186066406;1;0;50;1#2;50;
0230;145181624;1;0;93;1#2;50;
0230;145181625;1;0;151;1#2;50;
0230;145181626;1;0;120;1#2;50;
0230;145181627;1;0;13;1#2;50;
0230;145181628;1;0;119;1#2;50;
0230;145181629;1;0;229;1#2;50;
0230;145181630;1;0;101;1#2;30;
0230;145181631;1;0;11;1#2;30;
0230;145181632;1;0;77;1#2;30;
0230;145181633;1;0;151;1#2;50;
0230;145181634;1;0;92;1#2;50;
0230;145181635;1;0;35;1#2;50;
0230;145181636;1;0;26;1#2;50;
0230;145181637;1;0;70;1#2;50;
0230;145181638;1;0;55;1#2;50;
0230;145181639;1;0;42;1#2;30;
0230;145181640;1;0;271;1#2;50;
0230;145181641;1;0;89;1#2;50;
0230;145181642;1;0;24;1#2;50;
0230;145181643;1;0;21;1#2;50;
0230;145181644;1;0;43;1#2;50;
0230;145181645;1;0;23;1#2;50;
0230;145181646;1;0;449;1#2;30;
0230;145181647;1;0;43;1#2;30;
0230;145181648;1;0;36;1#2;30;
0230;145181649;1;0;244;1#2;50;
0230;145181650;1;0;110;1#2;30;
0230;145181651;1;0;75;1#2;50;
0230;264895159;1;0;116;1#2;30;
0230;264895160;1;0;44;1#2;30;
0230;145181653;1;0;228;1#2;50;
0230;145181654;1;0;24;1#2;30;
0230;145181655;1;0;38;1#2;30;
0230;145181656;1;0;114;1#2;50;
0230;145181657;1;0;95;1#2;30;
0230;145181658;1;0;52;1#2;30;
0230;145181659;1;0;92;1#2;30;
0230;145181660;1;0;203;1#2;30;
0230;145181661;1;0;283;1#2;30;
0230;145181662;1;0;56;1#2;50;
0230;145181663;1;0;257;1#2;50;
0230;145181664;1;0;92;1#2;50;
0230;145181665;1;0;39;1#2;50;
0230;145181666;1;0;59;1#2;30;
0230;145181667;1;0;98;1#2;50;
0230;145181668;1;0;45;1#2;50;
0230;145181669;1;0;41;1#2;50;
0230;145181670;1;0;66;1#2;50;
0230;145181671;1;0;78;1#2;30;
0230;145181672;1;0;125;1#2;50;
0230;145181673;1;0;36;1#2;50;
0230;145181674;1;0;80;1#2;50;
0230;145181675;1;0;25;1#2;30;
0230;145181676;1;0;140;1#2;50;
0230;264895161;1;0;5;1#2;50;
0230;264895162;1;0;11;1#2;50;
0230;264895163;1;0;232;1#2;50;
0230;145181678;1;0;61;1#2;50;
0230;145181679;1;0;36;1#2;50;
0230;145181680;1;0;64;1#2;50;
0230;145181681;1;0;35;1#2;50;
0230;145181682;1;0;62;1#2;30;
0230;145181683;1;0;115;1#2;30;
0230;145181684;1;0;163;1#2;50;
0230;145181685;1;0;100;1#2;50;
0230;145181686;1;0;94;1#2;30;
0230;145181687;1;0;123;1#2;50;
0230;145181688;1;0;93;1#2;30;
0230;145181690;1;0;7;1#2;50;
0230;145181691;1;0;27;1#2;50;
0230;145181692;1;0;22;1#2;50;
0230;145181693;1;0;41;1#2;50;
0230;145181694;1;0;111;1#2;50;
0230;145181695;1;0;113;1#2;50;
0230;145181696;1;0;17;1#2;50;
0230;145181697;1;0;345;1#2;50;
0230;145181698;1;0;35;1#2;50;
0230;145181699;1;0;35;1#2;30;
0230;145181700;1;0;77;1#2;50;
0230;145181701;1;0;60;1#2;30;
0230;145181702;1;0;40;1#2;30;
0230;145181703;1;0;61;1#2;30;
0230;145181704;1;0;8;1#2;30;
0230;145181705;1;0;84;1#2;50;
0230;145181706;1;0;80;1#2;50;
0230;145181707;1;0;28;1#2;50;
0230;145181708;1;0;32;1#2;50;
0230;145181709;1;0;22;1#2;50;
0230;145181710;1;0;68;1#2;50;
0230;145181711;1;0;121;1#2;50;
0230;145181712;1;0;64;1#2;50;
0230;145181713;1;0;96;1#2;30;
0230;145181714;1;0;106;1#2;30;
0230;145181715;1;0;24;1#2;30;
0230;145181716;1;0;7;1#2;30;
0230;145181717;1;0;69;1#2;30;
0230;145181718;1;0;45;1#2;30;
0230;145181719;1;0;133;1#2;30;
0230;145181720;1;0;199;1#2;30;
0230;145181721;1;0;7;1#2;50;
0230;145181722;1;0;21;1#2;50;
0230;145181723;1;0;22;1#2;50;
0230;145181724;1;0;94;1#2;50;
0230;145181725;1;0;3;1#2;50;
0230;145181726;1;0;91;1#2;50;
0230;145181727;1;0;112;1#2;50;
0230;145181728;1;0;24;1#2;50;
0230;145181729;1;0;14;1#2;50;
0230;145181730;1;0;62;1#2;50;
0230;145181731;1;0;101;1#2;40;
0230;145181732;1;0;62;1#2;50;
0230;145181734;1;0;167;1#2;50;
0230;145181735;1;0;112;1#2;40;
0230;145181736;1;0;84;1#2;50;
0230;145181737;1;0;46;1#2;50;
0230;145181738;1;0;11;1#2;40;
0230;145181739;1;0;24;1#2;50;
0230;145181740;1;0;26;1#2;50;
0230;145181741;1;0;106;1#2;40;
0230;145181742;1;0;29;1#2;40;
0230;145181743;1;0;32;1#2;40;
0230;145181744;1;0;28;1#2;40;
0230;145181745;1;0;31;1#2;40;
0230;145181746;1;0;42;1#2;40;
0230;145181747;1;0;15;1#2;40;
0230;145181748;1;0;74;1#2;40;
0230;145181749;1;0;94;1#2;40;
0230;145181750;1;0;188;1#2;50;
0230;145181752;1;0;55;1#2;50;
0230;145181753;1;0;8;1#2;50;
0230;145181754;1;0;61;1#2;30;
0230;145181755;1;0;46;1#2;30;
0230;145181756;1;0;176;1#2;50;
0230;145181757;1;0;28;1#2;50;
0230;145181758;1;0;95;1#2;50;
0230;145181759;1;0;136;1#2;50;
0230;145181760;1;0;46;1#2;30;
0230;145181761;1;0;62;1#2;30;
0230;145181762;1;0;9;1#2;30;
0230;145181763;1;0;42;1#2;30;
0230;145181764;1;0;33;1#2;30;
0230;145181765;1;0;26;1#2;30;
0230;145181766;1;0;87;1#2;50;
0230;145181767;1;0;34;1#2;50;
0230;145181768;1;0;165;1#2;30;
0230;145181769;1;0;9;1#2;50;
0230;145181770;1;0;49;1#2;50;
0230;145181771;1;0;26;1#2;50;
0230;145181772;1;0;48;1#2;50;
0230;145181773;1;0;317;1#2;50;
0230;145181774;1;0;130;1#2;30;
0230;145181775;1;0;25;1#2;30;
0230;145181776;1;0;336;1#2;50;
0230;145181777;1;0;17;1#2;30;
0230;145181778;1;0;51;1#2;30;
0230;145181779;1;0;205;1#2;30;
0230;145181780;1;0;164;1#2;50;
0230;145181781;1;0;42;1#2;30;
0230;145181782;1;0;4;1#2;30;
0230;145181783;1;0;101;1#2;30;
0230;145181784;1;0;85;1#2;50;
0230;145181785;1;0;42;1#2;50;
0230;145181786;1;0;34;1#2;30;
0230;145181787;1;0;56;1#2;30;
0230;145181788;1;0;121;1#2;30;
0230;145181789;1;0;88;1#2;30;
0230;145181790;1;0;174;1#2;50;
0230;145181791;1;0;87;1#2;30;
0230;145181792;1;0;106;1#2;30;
0230;145181793;1;0;139;1#2;50;
0230;145181794;1;0;35;1#2;30;
0230;145181795;1;0;78;1#2;30;
0230;145181796;1;0;25;1#2;50;
0230;145181797;1;0;104;1#2;30;
0230;145181798;1;0;399;1#2;50;
0230;145181799;1;0;10;1#2;50;
0230;145181800;1;0;34;1#2;50;
0230;145181801;1;0;104;1#2;50;
0230;145181802;1;0;92;1#2;50;
0230;145181803;1;0;43;1#2;50;
0230;145181804;1;0;14;1#2;50;
0230;145181805;1;0;99;1#2;50;
0230;145181806;1;0;152;1#2;50;
0230;145181807;1;0;65;1#2;50;
0230;264895164;1;0;87;1#2;30;
0230;145181809;1;0;152;1#2;30;
0230;145181810;1;0;120;1#2;30;
0230;265085243;1;0;31;1#2;30;
0230;145181812;1;0;267;1#2;30;
0230;145181813;1;0;84;1#2;30;
0230;145181814;1;0;56;1#2;30;
0230;145181815;1;0;61;1#2;30;
0230;145181816;1;0;65;1#2;50;
0230;145181817;1;0;127;1#2;50;
0230;145181818;1;0;6;1#2;50;
0230;145181819;1;0;56;1#2;50;
0230;145181820;1;0;34;1#2;50;
0230;145181821;1;0;188;1#2;50;
0230;145181822;1;0;20;1#2;50;
0230;145181823;1;0;31;1#2;50;
0230;145181824;1;0;9;1#2;30;
0230;145181825;1;0;148;1#2;30;
0230;145181826;1;0;131;1#2;50;
0230;145181827;1;0;60;1#2;50;
0230;145181828;1;0;40;1#2;50;
0230;145181829;1;0;86;1#2;50;
0230;145181830;1;0;111;1#2;50;
0230;145181831;1;0;120;1#2;30;
0230;145181832;1;0;30;1#2;30;
0230;145181833;1;0;82;1#2;30;
0230;145181834;1;0;72;1#2;30;
0230;145181835;1;0;30;1#2;50;
0230;145181836;1;0;30;1#2;50;
0230;145181837;1;0;33;1#2;50;
0230;145181838;1;0;63;1#2;30;
0230;145181839;1;0;26;1#2;30;
0230;145181840;1;0;197;1#2;30;
0230;145181841;1;0;96;1#2;50;
0230;145181842;1;0;14;1#2;30;
0230;145181843;1;0;78;1#2;30;
0230;145181844;1;0;40;1#2;50;
0230;145181845;1;0;55;1#2;50;
0230;145181846;1;0;101;1#2;30;
0230;145181847;1;0;104;1#2;30;
0230;145181848;1;0;33;1#2;30;
0230;145181849;1;0;39;1#2;30;
0230;145181850;1;0;19;1#2;50;
0230;145181851;1;0;18;1#2;50;
0230;145181852;1;0;63;1#2;30;
0230;145181853;1;0;68;1#2;30;
0230;145181854;1;0;106;1#2;50;
0230;145181855;1;0;13;1#2;50;
0230;145181856;1;0;44;1#2;50;
0230;145181857;1;0;238;1#2;50;
0230;145181858;1;0;94;1#2;50;
0230;145181859;1;0;135;1#2;50;
0230;145181860;1;0;33;1#2;50;
0230;145181861;1;0;26;1#2;50;
0230;145181862;1;0;170;1#2;50;
0230;145181863;1;0;22;1#2;50;
0230;145181864;1;0;97;1#2;30;
0230;145181865;1;0;78;1#2;30;
0230;145181866;1;0;44;1#2;50;
0230;145181867;1;0;52;1#2;50;
0230;145181868;1;0;76;1#2;30;
0230;145181869;1;0;94;1#2;30;
0230;145181870;1;0;48;1#2;50;
0230;145181871;1;0;118;1#2;30;
0230;145181872;1;0;86;1#2;50;
0230;145181873;1;0;42;1#2;30;
0230;145181874;1;0;65;1#2;30;
0230;145181875;1;0;43;1#2;30;
0230;145181876;1;0;40;1#2;30;
0230;145181877;1;0;66;1#2;50;
0230;145181878;1;0;105;1#2;50;
0230;145181879;1;0;165;1#2;50;
0230;145181880;1;0;41;1#2;50;
0230;145181881;1;0;60;1#2;50;
0230;145181882;1;0;38;1#2;50;
0230;145181883;1;0;58;1#2;50;
0230;145181884;1;0;72;1#2;50;
0230;145181885;1;0;77;1#2;50;
0230;145181886;1;0;20;1#2;50;
0230;145181887;1;0;95;1#2;30;
0230;145181888;1;0;82;1#2;50;
0230;145181889;1;0;119;1#2;50;
0230;145181890;1;0;26;1#2;30;
0230;145181891;1;0;193;1#2;30;
0230;145181892;1;0;106;1#2;30;
0230;145181893;1;0;148;1#2;30;
0230;145181894;1;0;52;1#2;50;
0230;145181896;1;0;111;1#2;30;
0230;145181897;1;0;38;1#2;30;
0230;145181898;1;0;71;1#2;30;
0230;145181899;1;0;23;1#2;30;
0230;145181900;1;0;111;1#2;80;
0230;145181903;1;0;100;1#2;30;
0230;145181904;1;0;32;1#2;30;
0230;145181905;1;0;58;1#2;30;
0230;145181906;1;0;37;1#2;30;
0230;145181907;1;0;142;1#2;30;
0230;145181908;1;0;38;1#2;50;
0230;145181909;1;0;36;1#2;50;
0230;145181911;1;0;40;1#2;30;
0230;145181912;1;0;40;1#2;30;
0230;145181913;1;0;48;1#2;30;
0230;145181914;1;0;208;1#2;30;
0230;145181915;1;0;205;1#2;30;
0230;145181916;1;0;89;1#2;30;
0230;145181917;1;0;45;1#2;30;
0230;145181918;1;0;90;1#2;50;
0230;145181919;1;0;40;1#2;50;
0230;145181920;1;0;80;1#2;30;
0230;145181921;1;0;67;1#2;50;
0230;145181922;1;0;122;1#2;50;
0230;145181923;1;0;141;1#2;50;
0230;145181924;1;0;19;1#2;30;
0230;145181925;1;0;77;1#2;30;
0230;145181926;1;0;63;1#2;30;
0230;145181927;1;0;11;1#2;30;
0230;145181928;1;0;148;1#2;30;
0230;145181929;1;0;76;1#2;30;
0230;145181930;1;0;83;1#2;30;
0230;145181931;1;0;9;1#2;30;
0230;145181932;1;0;64;1#2;30;
0230;145181933;1;0;124;1#2;30;
0230;145181934;1;0;33;1#2;30;
0230;145181936;1;0;46;1#2;50;
0230;145181937;1;0;4;1#2;30;
0230;145181938;1;0;47;1#2;30;
0230;145181939;1;0;194;1#2;50;
0230;145181940;1;0;53;1#2;50;
0230;145181941;1;0;54;1#2;30;
0230;145181942;1;0;8;1#2;30;
0230;145181943;1;0;55;1#2;30;
0230;145181944;1;0;49;1#2;30;
0230;145181945;1;0;37;1#2;30;
0230;145181946;1;0;275;1#2;50;
0230;145181947;1;0;156;1#2;30;
0230;145181948;1;0;249;1#2;50;
0230;145181949;1;0;80;1#2;50;
0230;145181950;1;0;24;1#2;50;
0230;145181951;1;0;59;1#2;50;
0230;145181952;1;0;25;1#2;50;
0230;145181953;1;0;65;1#2;50;
0230;145181954;1;0;91;1#2;50;
0230;145181955;1;0;19;1#2;50;
0230;145181956;1;0;129;1#2;50;
0230;145181957;1;0;239;1#2;30;
0230;145181958;1;0;99;1#2;30;
0230;145181959;1;0;13;1#2;30;
0230;145181960;1;0;114;1#2;30;
0230;145181961;1;0;36;1#2;30;
0230;145181962;1;0;75;1#2;30;
0230;145181963;1;0;513;1#2;30;
0230;145181964;1;0;82;1#2;30;
0230;265085244;1;0;327;1#2;50;
0230;265085245;1;0;18;1#2;50;
0230;145181967;1;0;31;1#2;50;
0230;145181968;1;0;148;1#2;50;
0230;145181969;1;0;22;1#2;50;
0230;145181970;1;0;128;1#2;50;
0230;145181971;1;0;4;1#2;40;
0230;145181972;1;0;83;1#2;40;
0230;145181973;1;0;123;1#2;40;
0230;145181974;1;0;111;1#2;50;
0230;145181975;1;0;77;1#2;50;
0230;145181976;1;0;24;1#2;50;
0230;145181977;1;0;111;1#2;50;
0230;145181978;1;0;472;1#2;30;
0230;145181979;1;0;117;1#2;50;
0230;145181980;1;0;85;1#2;50;
0230;145181981;1;0;46;1#2;30;
0230;145181982;1;0;62;1#2;30;
0230;145181983;1;0;47;1#2;30;
0230;145181984;1;0;11;1#2;30;
0230;145181985;1;0;41;1#2;30;
0230;145181986;1;0;14;1#2;30;
0230;145181987;1;0;89;1#2;30;
0230;145181988;1;0;131;1#2;30;
0230;145181989;1;0;54;1#2;50;
0230;145181990;1;0;20;1#2;50;
0230;145181991;1;0;42;1#2;50;
0230;145181992;1;0;46;1#2;30;
0230;145181993;1;0;103;1#2;50;
0230;145181994;1;0;26;1#2;50;
0230;145181995;1;0;23;1#2;30;
0230;145181996;1;0;154;1#2;30;
0230;145181997;1;0;227;1#2;30;
0230;145181998;1;0;42;1#2;50;
0230;264895012;1;0;7;1#2;50;
0230;145182000;1;0;51;1#2;30;
0230;145182001;1;0;115;1#2;30;
0230;145182002;1;0;95;1#2;30;
0230;145182003;1;0;40;1#2;30;
0230;145182004;1;0;70;1#2;50;
0230;145182006;1;0;308;1#2;30;
0230;145182007;1;0;231;1#2;50;
0230;145182008;1;0;41;1#2;50;
0230;145182009;1;0;49;1#2;50;
0230;145182010;1;0;72;1#2;50;
0230;145182011;1;0;43;1#2;30;
0230;145182012;1;0;111;1#2;30;
0230;145182013;1;0;205;1#2;30;
0230;145182014;1;0;130;1#2;30;
0230;145182015;1;0;36;1#2;30;
0230;145182016;1;0;58;1#2;30;
0230;145182017;1;0;47;1#2;30;
0230;145182018;1;0;132;1#2;50;
0230;145182019;1;0;89;1#2;30;
0230;145182020;1;0;26;1#2;50;
0230;145182021;1;0;50;1#2;50;
0230;145182022;1;0;49;1#2;50;
0230;145182023;1;0;163;1#2;50;
0230;145182024;1;0;35;1#2;30;
0230;145182025;1;0;9;1#2;30;
0230;145182026;1;0;95;1#2;30;
0230;145182027;1;0;57;1#2;30;
0230;145182028;1;0;75;1#2;30;
0230;145182029;1;0;22;1#2;30;
0230;145182030;1;0;128;1#2;30;
0230;145182031;1;0;112;1#2;50;
0230;145182032;1;0;108;1#2;30;
0230;145182033;1;0;149;1#2;50;
0230;145182034;1;0;25;1#2;50;
0230;145182035;1;0;117;1#2;30;
0230;145182036;1;0;84;1#2;50;
0230;145182037;1;0;104;1#2;50;
0230;145182038;1;0;23;1#2;50;
0230;145182039;1;0;64;1#2;50;
0230;145182040;1;0;145;1#2;50;
0230;145182041;1;0;11;1#2;30;
0230;145182042;1;0;30;1#2;50;
0230;145182043;1;0;172;1#2;50;
0230;145182044;1;0;101;1#2;50;
0230;151817042;1;0;41;1#2;50;
0230;145182046;1;0;90;1#2;50;
0230;145182047;1;0;169;1#2;50;
0230;145182048;1;0;74;1#2;50;
0230;145182049;1;0;74;1#2;30;
0230;145182050;1;0;94;1#2;30;
0230;145182051;1;0;148;1#2;30;
0230;145182052;1;0;16;1#2;50;
0230;145182053;1;0;53;1#2;50;
0230;145182054;1;0;61;1#2;50;
0230;145182055;1;0;119;1#2;30;
0230;145182056;1;0;133;1#2;50;
0230;145182057;1;0;228;1#2;50;
0230;145182058;1;0;163;1#2;50;
0230;145182059;1;0;118;1#2;30;
0230;145182060;1;0;147;1#2;50;
0230;145182061;1;0;80;1#2;50;
0230;145182062;1;0;81;1#2;30;
0230;145182063;1;0;33;1#2;50;
0230;145182064;1;0;28;1#2;50;
0230;145182065;1;0;60;1#2;50;
0230;145182066;1;0;50;1#2;50;
0230;145182067;1;0;46;1#2;30;
0230;145182068;1;0;217;1#2;50;
0230;145182069;1;0;251;1#2;50;
0230;145182070;1;0;88;1#2;30;
0230;145182071;1;0;220;1#2;30;
0230;145182072;1;0;48;1#2;30;
0230;145182073;1;0;130;1#2;50;
0230;145182074;1;0;4;1#2;50;
0230;145182075;1;0;55;1#2;50;
0230;145182076;1;0;54;1#2;50;
0230;145182077;1;0;157;1#2;50;
0230;145182078;1;0;98;1#2;30;
0230;145182079;1;0;35;1#2;50;
0230;145182080;1;0;227;1#2;50;
0230;145182081;1;0;17;1#2;50;
0230;145182082;1;0;207;1#2;50;
0230;145182083;1;0;112;1#2;30;
0230;145182084;1;0;114;1#2;30;
0230;145182085;1;0;32;1#2;30;
0230;145182086;1;0;81;1#2;30;
0230;145182088;1;0;157;1#2;50;
0230;145182089;1;0;228;1#2;50;
0230;145182090;1;0;52;1#2;50;
0230;145182091;1;0;39;1#2;30;
0230;145182092;1;0;33;1#2;50;
0230;145182093;1;0;38;1#2;50;
0230;145182094;1;0;34;1#2;50;
0230;145182095;1;0;164;1#2;50;
0230;145182096;1;0;172;1#2;50;
0230;145182097;1;0;10;1#2;50;
0230;145182098;1;0;33;1#2;50;
0230;145182099;1;0;21;1#2;40;
0230;145182100;1;0;74;1#2;40;
0230;145182101;1;0;189;1#2;50;
0230;145182102;1;0;81;1#2;50;
0230;145182103;1;0;319;1#2;50;
0230;145182104;1;0;112;1#2;50;
0230;145182105;1;0;21;1#2;50;
0230;145182106;1;0;26;1#2;30;
0230;145182107;1;0;137;1#2;50;
0230;145182110;1;0;112;1#2;50;
0230;145182111;1;0;86;1#2;30;
0230;145182112;1;0;49;1#2;30;
0230;145182113;1;0;36;1#2;30;
0230;145182114;1;0;58;1#2;30;
0230;145182115;1;0;248;1#2;30;
0230;145182116;1;0;73;1#2;30;
0230;145182117;1;0;30;1#2;30;
0230;145182119;1;0;13;1#2;50;
0230;145182120;1;0;52;1#2;50;
0230;145182121;1;0;70;1#2;50;
0230;145182122;1;0;61;1#2;50;
0230;145182123;1;0;61;1#2;50;
0230;145182124;1;0;151;1#2;30;
0230;145182125;1;0;74;1#2;50;
0230;145182126;1;0;99;1#2;50;
0230;145182127;1;0;52;1#2;50;
0230;145182128;1;0;24;1#2;50;
0230;145182129;1;0;18;1#2;30;
0230;145182130;1;0;70;1#2;30;
0230;145182131;1;0;61;1#2;50;
0230;145182132;1;0;6;1#2;50;
0230;145182133;1;0;108;1#2;50;
0230;145182134;1;0;90;1#2;50;
0230;145182135;1;0;204;1#2;50;
0230;145182137;1;0;336;1#2;50;
0230;145182138;1;0;193;1#2;40;
0230;145182139;1;0;9;1#2;40;
0230;145182140;1;0;78;1#2;40;
0230;145182141;1;0;54;1#2;40;
0230;145182142;1;0;20;1#2;40;
0230;145182143;1;0;49;1#2;50;
0230;145182144;1;0;44;1#2;50;
0230;145182145;1;0;427;1#2;50;
0230;145182146;1;0;205;1#2;40;
0230;145182147;1;0;32;1#2;30;
0230;145182148;1;0;101;1#2;30;
0230;145182149;1;0;177;1#2;50;
0230;145182150;1;0;121;1#2;50;
0230;145182151;1;0;12;1#2;50;
0230;145182152;1;0;43;1#2;50;
0230;145182153;1;0;77;1#2;50;
0230;145182154;1;0;34;1#2;50;
0230;145182155;1;0;5;1#2;50;
0230;145182156;1;0;62;1#2;50;
0230;145182157;1;0;169;1#2;50;
0230;145182158;1;0;90;1#2;50;
0230;145182160;1;0;95;1#2;50;
0230;145182161;1;0;30;1#2;50;
0230;145182162;1;0;65;1#2;50;
0230;145182163;1;0;503;1#2;50;
0230;145182165;1;0;157;1#2;50;
0230;145182166;1;0;73;1#2;30;
0230;145182167;1;0;287;1#2;50;
0230;145182168;1;0;270;1#2;50;
0230;145182169;1;0;186;1#2;50;
0230;145182170;1;0;56;1#2;30;
0230;145182171;1;0;57;1#2;30;
0230;145182172;1;0;154;1#2;30;
0230;264895165;1;0;71;1#2;30;
0230;264895166;1;0;10;1#2;30;
0230;145182174;1;0;83;1#2;30;
0230;145182175;1;0;77;1#2;50;
0230;145182176;1;0;18;1#2;30;
0230;145182177;1;0;160;1#2;50;
0230;145182178;1;0;132;1#2;50;
0230;145182179;1;0;25;1#2;50;
0230;145182180;1;0;74;1#2;50;
0230;145182181;1;0;52;1#2;50;
0230;145182182;1;0;146;1#2;50;
0230;145182183;1;0;56;1#2;50;
0230;145182184;1;0;18;1#2;50;
0230;145182185;1;0;22;1#2;50;
0230;145182186;1;0;165;1#2;50;
0230;145182187;1;0;8;1#2;50;
0230;145182188;1;0;52;1#2;50;
0230;145182189;1;0;144;1#2;50;
0230;145182190;1;0;48;1#2;50;
0230;145182191;1;0;540;1#2;30;
0230;145182192;1;0;78;1#2;30;
0230;145182193;1;0;150;1#2;50;
0230;145182194;1;0;107;1#2;30;
0230;145182195;1;0;103;1#2;30;
0230;145182196;1;0;175;1#2;50;
0230;145182197;1;0;41;1#2;30;
0230;145182198;1;0;74;1#2;30;
0230;145182199;1;0;26;1#2;30;
0230;145182200;1;0;99;1#2;30;
0230;145182201;1;0;203;1#2;30;
0230;145182202;1;0;107;1#2;30;
0230;145182203;1;0;94;1#2;30;
0230;145182204;1;0;72;1#2;50;
0230;145182205;1;0;56;1#2;30;
0230;145182206;1;0;52;1#2;30;
0230;145182207;1;0;27;1#2;30;
0230;145182208;1;0;61;1#2;30;
0230;145182209;1;0;58;1#2;30;
0230;145182210;1;0;84;1#2;50;
0230;145182211;1;0;37;1#2;50;
0230;145182212;1;0;104;1#2;30;
0230;145182213;1;0;15;1#2;50;
0230;145182214;1;0;66;1#2;50;
0230;145182215;1;0;24;1#2;30;
0230;145182216;1;0;19;1#2;30;
0230;145182217;1;0;56;1#2;50;
0230;145182218;1;0;70;1#2;30;
0230;145182219;1;0;81;1#2;50;
0230;145182220;1;0;83;1#2;50;
0230;145182221;1;0;205;1#2;50;
0230;145182223;1;0;61;1#2;50;
0230;145182224;1;0;409;1#2;30;
0230;145182225;1;0;52;1#2;30;
0230;145182226;1;0;59;1#2;30;
0230;145182227;1;0;133;1#2;30;
0230;145182228;1;0;239;1#2;30;
0230;145182229;1;0;8;1#2;30;
0230;145182231;1;0;29;1#2;50;
0230;145182232;1;0;62;1#2;50;
0230;145182233;1;0;84;1#2;50;
0230;145182234;1;0;37;1#2;50;
0230;145182235;1;0;30;1#2;50;
0230;145182236;1;0;56;1#2;50;
0230;145182237;1;0;56;1#2;50;
0230;145182238;1;0;49;1#2;50;
0230;145182239;1;0;9;1#2;50;
0230;145182240;1;0;5;1#2;50;
0230;145182241;1;0;122;1#2;50;
0230;145182242;1;0;120;1#2;50;
0230;145182243;1;0;74;1#2;30;
0230;145182244;1;0;193;1#2;30;
0230;145182245;1;0;77;1#2;50;
0230;145182246;1;0;55;1#2;50;
0230;145182247;1;0;28;1#2;30;
0230;145182248;1;0;68;1#2;30;
0230;145182249;1;0;132;1#2;30;
0230;145182250;1;0;98;1#2;50;
0230;145182251;1;0;215;1#2;50;
0230;145182252;1;0;105;1#2;30;
0230;145182253;1;0;106;1#2;50;
0230;145182254;1;0;60;1#2;50;
0230;145182255;1;0;29;1#2;50;
0230;145182256;1;0;26;1#2;30;
0230;145182257;1;0;28;1#2;50;
0230;145182258;1;0;52;1#2;50;
0230;145182259;1;0;74;1#2;50;
0230;145182260;1;0;152;1#2;40;
0230;145182261;1;0;180;1#2;50;
0230;145182262;1;0;127;1#2;50;
0230;145182263;1;0;35;1#2;50;
0230;145182264;1;0;123;1#2;50;
0230;145182265;1;0;121;1#2;50;
0230;145182266;1;0;95;1#2;50;
0230;145182267;1;0;78;1#2;50;
0230;145182268;1;0;118;1#2;50;
0230;145182269;1;0;67;1#2;50;
0230;145182270;1;0;67;1#2;50;
0230;145182271;1;0;14;1#2;50;
0230;145182272;1;0;132;1#2;50;
0230;145182273;1;0;79;1#2;50;
0230;145182274;1;0;126;1#2;50;
0230;145182275;1;0;137;1#2;50;
0230;145182276;1;0;161;1#2;50;
0230;145182277;1;0;81;1#2;50;
0230;145182278;1;0;5;1#2;50;
0230;145182279;1;0;55;1#2;50;
0230;145182280;1;0;39;1#2;50;
0230;145182281;1;0;39;1#2;50;
0230;145182282;1;0;7;1#2;50;
0230;145182283;1;0;55;1#2;50;
0230;145182284;1;0;5;1#2;50;
0230;145182285;1;0;126;1#2;50;
0230;145182286;1;0;16;1#2;50;
0230;145182287;1;0;16;1#2;50;
0230;145182288;1;0;64;1#2;50;
0230;145182289;1;0;11;1#2;50;
0230;145182290;1;0;204;1#2;50;
0230;145182291;1;0;37;1#2;50;
0230;145182292;1;0;61;1#2;50;
0230;145182293;1;0;71;1#2;50;
0230;145182294;1;0;20;1#2;50;
0230;145182295;1;0;31;1#2;50;
0230;145182296;1;0;15;1#2;50;
0230;145182297;1;0;42;1#2;50;
0230;145182298;1;0;5;1#2;50;
0230;145182299;1;0;31;1#2;50;
0230;145182300;1;0;35;1#2;50;
0230;145182301;1;0;54;1#2;50;
0230;145182302;1;0;93;1#2;50;
0230;145182303;1;0;34;1#2;50;
0230;145182304;1;0;51;1#2;50;
0230;145182305;1;0;81;1#2;30;
0230;145182306;1;0;58;1#2;30;
0230;145182307;1;0;125;1#2;30;
0230;145182308;1;0;50;1#2;30;
0230;145182309;1;0;84;1#2;30;
0230;145182310;1;0;177;1#2;50;
0230;145182311;1;0;99;1#2;50;
0230;145182312;1;0;69;1#2;50;
0230;145182313;1;0;148;1#2;50;
0230;145182315;1;0;30;1#2;50;
0230;145182316;1;0;59;1#2;50;
0230;145182317;1;0;64;1#2;50;
0230;145182318;1;0;75;1#2;50;
0230;145182319;1;0;12;1#2;50;
0230;145182320;1;0;57;1#2;50;
0230;145182321;1;0;102;1#2;30;
0230;145182322;1;0;28;1#2;30;
0230;145182323;1;0;175;1#2;30;
0230;145182324;1;0;199;1#2;30;
0230;145182325;1;0;94;1#2;30;
0230;145182326;1;0;23;1#2;30;
0230;145182327;1;0;55;1#2;30;
0230;145182328;1;0;45;1#2;50;
0230;145182329;1;0;39;1#2;50;
0230;145182330;1;0;37;1#2;50;
0230;145182331;1;0;61;1#2;50;
0230;145182332;1;0;69;1#2;50;
0230;145182333;1;0;51;1#2;50;
0230;145182334;1;0;43;1#2;50;
0230;145182335;1;0;86;1#2;50;
0230;145182336;1;0;4;1#2;50;
0230;145182337;1;0;60;1#2;50;
0230;145182338;1;0;64;1#2;50;
0230;145182339;1;0;64;1#2;50;
0230;145182340;1;0;30;1#2;50;
0230;145182341;1;0;28;1#2;50;
0230;145182342;1;0;57;1#2;50;
0230;145182343;1;0;37;1#2;50;
0230;145182344;1;0;262;1#2;50;
0230;145182345;1;0;222;1#2;50;
0230;145182346;1;0;61;1#2;50;
0230;145182347;1;0;50;1#2;30;
0230;145182348;1;0;33;1#2;30;
0230;145182349;1;0;31;1#2;30;
0230;264895013;1;0;50;1#2;30;
0230;264895014;1;0;54;1#2;30;
0230;145182351;1;0;43;1#2;30;
0230;145182352;1;0;84;1#2;30;
0230;145182353;1;0;373;1#2;30;
0230;145182354;1;0;233;1#2;30;
0230;145182355;1;0;65;1#2;50;
0230;145182356;1;0;114;1#2;30;
0230;145182357;1;0;118;1#2;50;
0230;145182358;1;0;19;1#2;50;
0230;145182359;1;0;86;1#2;50;
0230;145182360;1;0;79;1#2;50;
0230;145182361;1;0;28;1#2;50;
0230;145182362;1;0;39;1#2;50;
0230;145182363;1;0;72;1#2;50;
0230;145182364;1;0;24;1#2;50;
0230;145182365;1;0;144;1#2;50;
0230;145182366;1;0;38;1#2;50;
0230;145182367;1;0;50;1#2;50;
0230;145182368;1;0;106;1#2;50;
0230;145182369;1;0;79;1#2;50;
0230;145182370;1;0;79;1#2;50;
0230;145182371;1;0;60;1#2;50;
0230;145182372;1;0;96;1#2;50;
0230;145182373;1;0;311;1#2;50;
0230;145182374;1;0;42;1#2;50;
0230;145182375;1;0;45;1#2;50;
0230;145182376;1;0;34;1#2;50;
0230;145182377;1;0;66;1#2;50;
0230;145182378;1;0;159;1#2;50;
0230;145209696;1;0;27;1#2;50;
0230;145209697;1;0;69;1#2;30;
0230;145209698;1;0;56;1#2;40;
0230;145209699;1;0;69;1#2;40;
0230;145209700;1;0;74;1#2;30;
0230;145209701;1;0;51;1#2;30;
0230;145209702;1;0;63;1#2;50;
0230;145209703;1;0;527;1#2;40;
0230;145209704;1;0;606;1#2;40;
0230;145209705;1;0;70;1#2;40;
0230;145209706;1;0;64;1#2;30;
0230;145209707;1;0;121;1#2;30;
0230;145209708;1;0;172;1#2;30;
0230;145209709;1;0;30;1#2;30;
0230;145209710;1;0;112;1#2;30;
0230;145209711;1;0;72;1#2;30;
0230;145209712;1;0;155;1#2;30;
0230;186066407;1;0;100;1#2;40;
0230;186066408;1;0;131;1#2;40;
0230;265085246;1;0;51;1#2;50;
0230;265085247;1;0;9;1#2;50;
0230;145209715;1;0;136;1#2;50;
0230;145209716;1;0;83;1#2;50;
0230;145209717;1;0;88;1#2;50;
0230;145209718;1;0;31;1#2;30;
0230;145209719;1;0;69;1#2;30;
0230;145209720;1;0;81;1#2;30;
0230;145209721;1;0;49;1#2;30;
0230;145209722;1;0;38;1#2;30;
0230;145209723;1;0;62;1#2;30;
0230;145209724;1;0;56;1#2;30;
0230;145209725;1;0;17;1#2;40;
0230;145209726;1;0;61;1#2;40;
0230;145209727;1;0;2;1#2;40;
0230;145209728;1;0;71;1#2;40;
0230;145209729;1;0;102;1#2;30;
0230;145209730;1;0;163;1#2;30;
0230;145209731;1;0;128;1#2;30;
0230;145209732;1;0;43;1#2;30;
0230;145209733;1;0;34;1#2;30;
0230;145209734;1;0;51;1#2;30;
0230;145209735;1;0;174;1#2;30;
0230;145209736;1;0;140;1#2;40;
0230;145209737;1;0;63;1#2;40;
0230;145209738;1;0;139;1#2;40;
0230;145209739;1;0;270;1#2;30;
0230;145209740;1;0;63;1#2;40;
0230;145209741;1;0;51;1#2;30;
0230;145209742;1;0;51;1#2;40;
0230;145209743;1;0;54;1#2;40;
0230;145209744;1;0;11;1#2;30;
0230;145209745;1;0;15;1#2;40;
0230;145209746;1;0;170;1#2;50;
0230;145209747;1;0;418;1#2;40;
0230;145209748;1;0;209;1#2;40;
0230;145209749;1;0;209;1#2;50;
0230;145209750;1;0;395;1#2;50;
0230;145209751;1;0;389;1#2;50;
0230;145209752;1;0;321;1#2;40;
0230;145209753;1;0;347;1#2;50;
0230;145209754;1;0;131;1#2;30;
0230;145209755;1;0;135;1#2;30;
0230;145209757;1;0;32;1#2;40;
0230;145209758;1;0;256;1#2;30;
0230;145209760;1;0;160;1#2;30;
0230;145209761;1;0;55;1#2;30;
0230;145209763;1;0;243;1#2;40;
0230;145209764;1;0;52;1#2;30;
0230;145209765;1;0;155;1#2;40;
0230;145209766;1;0;105;1#2;50;
0230;145209767;1;0;160;1#2;50;
0230;145209768;1;0;94;1#2;30;
0230;145209769;1;0;221;1#2;30;
0230;145209770;1;0;37;1#2;40;
0230;145209771;1;0;157;1#2;40;
0230;145209772;1;0;74;1#2;50;
0230;145209773;1;0;163;1#2;30;
0230;145209774;1;0;152;1#2;50;
0230;145209775;1;0;46;1#2;50;
0230;145209776;1;0;34;1#2;50;
0230;145209777;1;0;42;1#2;50;
0230;145209778;1;0;253;1#2;50;
0230;145209779;1;0;13;1#2;50;
0230;145209780;1;0;13;1#2;50;
0230;145209781;1;0;49;1#2;50;
0230;145209782;1;0;95;1#2;30;
0230;145209783;1;0;41;1#2;30;
0230;145209784;1;0;83;1#2;30;
0230;145209785;1;0;117;1#2;40;
0230;145209786;1;0;97;1#2;30;
0230;145209787;1;0;62;1#2;30;
0230;145209788;1;0;18;1#2;30;
0230;145209789;1;0;177;1#2;30;
0230;145209790;1;0;109;1#2;30;
0230;145209791;1;0;45;1#2;30;
0230;145209792;1;0;30;1#2;30;
0230;145209793;1;0;70;1#2;30;
0230;145209794;1;0;31;1#2;30;
0230;145209795;1;0;125;1#2;30;
0230;145209796;1;0;177;1#2;30;
0230;145209797;1;0;64;1#2;30;
0230;145209798;1;0;45;1#2;40;
0230;145209799;1;0;38;1#2;40;
0230;145209800;1;0;26;1#2;40;
0230;145209801;1;0;70;1#2;40;
0230;145209802;1;0;239;1#2;40;
0230;145209803;1;0;168;1#2;30;
0230;145209804;1;0;65;1#2;30;
0230;145209805;1;0;39;1#2;40;
0230;145209806;1;0;101;1#2;30;
0230;145209807;1;0;30;1#2;30;
0230;145209808;1;0;106;1#2;30;
0230;145209809;1;0;36;1#2;40;
0230;145209810;1;0;187;1#2;40;
0230;145209811;1;0;107;1#2;30;
0230;145209812;1;0;48;1#2;30;
0230;145209813;1;0;25;1#2;40;
0230;145209814;1;0;84;1#2;40;
0230;145209815;1;0;71;1#2;30;
0230;145209816;1;0;24;1#2;40;
0230;145209817;1;0;61;1#2;40;
0230;145209818;1;0;36;1#2;40;
0230;145209819;1;0;103;1#2;40;
0230;145209820;1;0;124;1#2;40;
0230;145209821;1;0;453;1#2;40;
0230;145209822;1;0;359;1#2;50;
0230;145209823;1;0;370;1#2;50;
0230;145209824;1;0;155;1#2;50;
0230;145209825;1;0;11;1#2;50;
0230;145209826;1;0;68;1#2;50;
0230;145209827;1;0;19;1#2;40;
0230;145209828;1;0;17;1#2;30;
0230;145209829;1;0;51;1#2;30;
0230;145209830;1;0;22;1#2;40;
0230;145209831;1;0;13;1#2;40;
0230;145209832;1;0;85;1#2;40;
0230;145209833;1;0;41;1#2;30;
0230;145209834;1;0;6;1#2;30;
0230;145209835;1;0;79;1#2;40;
0230;145209836;1;0;36;1#2;40;
0230;145209837;1;0;41;1#2;40;
0230;145209838;1;0;22;1#2;40;
0230;145209839;1;0;86;1#2;40;
0230;145209840;1;0;30;1#2;40;
0230;145209841;1;0;22;1#2;40;
0230;145209842;1;0;116;1#2;30;
0230;264895015;1;0;8;1#2;30;
0230;264895016;1;0;23;1#2;30;
0230;145209844;1;0;104;1#2;40;
0230;145209845;1;0;30;1#2;30;
0230;145209847;1;0;134;1#2;30;
0230;145209848;1;0;148;1#2;30;
0230;145209849;1;0;148;1#2;30;
0230;145209850;1;0;55;1#2;30;
0230;145209851;1;0;48;1#2;30;
0230;145209852;1;0;94;1#2;30;
0230;145209853;1;0;59;1#2;30;
0230;145209854;1;0;6;1#2;30;
0230;145209855;1;0;69;1#2;30;
0230;145209856;1;0;24;1#2;30;
0230;145209857;1;0;149;1#2;30;
0230;264895017;1;0;69;1#2;30;
0230;264895018;1;0;40;1#2;30;
0230;145209859;1;0;131;1#2;30;
0230;145209860;1;0;21;1#2;40;
0230;145209861;1;0;42;1#2;40;
0230;145209862;1;0;492;1#2;50;
0230;145209863;1;0;162;1#2;30;
0230;145209864;1;0;264;1#2;30;
0230;145209865;1;0;641;1#2;50;
0230;145209866;1;0;106;1#2;30;
0230;145209867;1;0;257;1#2;30;
0230;145209868;1;0;167;1#2;30;
0230;145209870;1;0;28;1#2;40;
0230;145209871;1;0;26;1#2;30;
0230;145209873;1;0;158;1#2;30;
0230;145209874;1;0;21;1#2;30;
0230;145209875;1;0;46;1#2;30;
0230;145209876;1;0;24;1#2;40;
0230;145209877;1;0;76;1#2;30;
0230;145209878;1;0;27;1#2;30;
0230;145209879;1;0;40;1#2;40;
0230;145209880;1;0;104;1#2;40;
0230;145209881;1;0;25;1#2;40;
0230;145209882;1;0;36;1#2;40;
0230;145209883;1;0;11;1#2;30;
0230;145209884;1;0;14;1#2;30;
0230;145209885;1;0;85;1#2;40;
0230;145209886;1;0;59;1#2;40;
0230;145209887;1;0;25;1#2;40;
0230;145209888;1;0;103;1#2;40;
0230;145209889;1;0;48;1#2;40;
0230;145209890;1;0;73;1#2;30;
0230;145209891;1;0;74;1#2;50;
0230;145209892;1;0;1305;1#2;50;
0230;145209893;1;0;1401;1#2;50;
0230;145209894;1;0;133;1#2;50;
0230;145209895;1;0;73;1#2;50;
0230;145209896;1;0;250;1#2;50;
0230;145209897;1;0;211;1#2;30;
0230;145209899;1;0;68;1#2;40;
0230;145209900;1;0;24;1#2;30;
0230;145209901;1;0;56;1#2;30;
0230;145209902;1;0;81;1#2;30;
0230;145209903;1;0;34;1#2;30;
0230;145209904;1;0;85;1#2;30;
0230;145209905;1;0;62;1#2;30;
0230;145209906;1;0;47;1#2;30;
0230;145209907;1;0;29;1#2;30;
0230;145209908;1;0;111;1#2;30;
0230;145209909;1;0;138;1#2;30;
0230;145209910;1;0;48;1#2;30;
0230;145209911;1;0;101;1#2;30;
0230;145209912;1;0;58;1#2;30;
0230;145209913;1;0;89;1#2;30;
0230;145209914;1;0;62;1#2;30;
0230;145209915;1;0;59;1#2;30;
0230;145209917;1;0;29;1#2;40;
0230;145209918;1;0;94;1#2;40;
0230;145209919;1;0;90;1#2;30;
0230;145209920;1;0;219;1#2;40;
0230;145209921;1;0;37;1#2;40;
0230;145209922;1;0;224;1#2;40;
0230;145209923;1;0;65;1#2;50;
0230;145209927;1;0;126;1#2;40;
0230;145209928;1;0;131;1#2;40;
0230;145209929;1;0;11;1#2;30;
0230;145209930;1;0;62;1#2;30;
0230;145209931;1;0;202;1#2;40;
0230;145209932;1;0;136;1#2;30;
0230;145209933;1;0;8;1#2;30;
0230;145209934;1;0;13;1#2;50;
0230;145209935;1;0;79;1#2;30;
0230;145209936;1;0;76;1#2;30;
0230;145209937;1;0;72;1#2;30;
0230;145209938;1;0;72;1#2;30;
0230;145209939;1;0;81;1#2;30;
0230;145209940;1;0;165;1#2;30;
0230;145209941;1;0;37;1#2;30;
0230;145209942;1;0;54;1#2;30;
0230;145209943;1;0;41;1#2;30;
0230;145209944;1;0;88;1#2;30;
0230;145209945;1;0;44;1#2;50;
0230;145209946;1;0;38;1#2;30;
0230;145209947;1;0;48;1#2;30;
0230;145209948;1;0;13;1#2;30;
0230;145209949;1;0;18;1#2;30;
0230;145209950;1;0;98;1#2;30;
0230;145209951;1;0;56;1#2;30;
0230;145209952;1;0;34;1#2;30;
0230;145209953;1;0;124;1#2;30;
0230;145209954;1;0;76;1#2;30;
0230;145209955;1;0;98;1#2;30;
0230;145209956;1;0;85;1#2;30;
0230;145209957;1;0;58;1#2;30;
0230;145209958;1;0;183;1#2;30;
0230;145209959;1;0;41;1#2;30;
0230;145209960;1;0;36;1#2;30;
0230;145209961;1;0;56;1#2;30;
0230;145209962;1;0;90;1#2;30;
0230;145209963;1;0;79;1#2;30;
0230;145209965;1;0;144;1#2;40;
0230;145209966;1;0;180;1#2;40;
0230;145209967;1;0;228;1#2;40;
0230;145209968;1;0;233;1#2;40;
0230;145209969;1;0;223;1#2;40;
0230;145209970;1;0;236;1#2;30;
0230;145209971;1;0;137;1#2;30;
0230;145209972;1;0;23;1#2;50;
0230;145209973;1;0;30;1#2;50;
0230;145209974;1;0;143;1#2;50;
0230;145209975;1;0;32;1#2;40;
0230;145209976;1;0;31;1#2;40;
0230;145209977;1;0;3;1#2;40;
0230;145209978;1;0;50;1#2;30;
0230;145209979;1;0;104;1#2;30;
0230;145209980;1;0;29;1#2;40;
0230;145209981;1;0;47;1#2;40;
0230;145209982;1;0;35;1#2;40;
0230;145209983;1;0;38;1#2;30;
0230;145209984;1;0;31;1#2;40;
0230;145209985;1;0;83;1#2;40;
0230;145209986;1;0;68;1#2;30;
0230;145209987;1;0;51;1#2;40;
0230;145209988;1;0;170;1#2;30;
0230;145209989;1;0;56;1#2;30;
0230;145209990;1;0;154;1#2;30;
0230;145209991;1;0;86;1#2;40;
0230;145209992;1;0;17;1#2;40;
0230;145209993;1;0;47;1#2;40;
0230;145209994;1;0;64;1#2;40;
0230;145209995;1;0;66;1#2;40;
0230;145209996;1;0;168;1#2;30;
0230;145209998;1;0;47;1#2;40;
0230;145209999;1;0;20;1#2;40;
0230;145210000;1;0;139;1#2;40;
0230;145210001;1;0;91;1#2;40;
0230;145210002;1;0;14;1#2;40;
0230;145210003;1;0;53;1#2;40;
0230;145210006;1;0;262;1#2;30;
0230;145210007;1;0;303;1#2;30;
0230;145210008;1;0;24;1#2;40;
0230;145210009;1;0;52;1#2;40;
0230;145210010;1;0;142;1#2;30;
0230;145210011;1;0;50;1#2;30;
0230;145210012;1;0;60;1#2;30;
0230;145210014;1;0;28;1#2;30;
0230;145210015;1;0;147;1#2;30;
0230;145210016;1;0;161;1#2;40;
0230;145210017;1;0;50;1#2;40;
0230;265085248;1;0;123;1#2;40;
0230;265085249;1;0;10;1#2;40;
0230;145210019;1;0;66;1#2;40;
0230;145210020;1;0;87;1#2;40;
0230;145210021;1;0;151;1#2;40;
0230;145210022;1;0;49;1#2;40;
0230;145210023;1;0;61;1#2;40;
0230;145210024;1;0;276;1#2;40;
0230;145210025;1;0;170;1#2;40;
0230;145210026;1;0;205;1#2;50;
0230;145210027;1;0;55;1#2;50;
0230;145210028;1;0;119;1#2;30;
0230;145210029;1;0;29;1#2;30;
0230;145210030;1;0;18;1#2;30;
0230;145210031;1;0;38;1#2;30;
0230;145210032;1;0;67;1#2;30;
0230;145210033;1;0;46;1#2;30;
0230;145210034;1;0;122;1#2;40;
0230;145210035;1;0;90;1#2;30;
0230;145210036;1;0;136;1#2;30;
0230;145210037;1;0;103;1#2;40;
0230;145210038;1;0;18;1#2;30;
0230;145210039;1;0;34;1#2;30;
0230;145210040;1;0;13;1#2;30;
0230;145210041;1;0;38;1#2;30;
0230;145210042;1;0;126;1#2;50;
0230;145210043;1;0;88;1#2;40;
0230;145210044;1;0;99;1#2;40;
0230;145210045;1;0;217;1#2;30;
0230;145210046;1;0;135;1#2;40;
0230;145210047;1;0;27;1#2;40;
0230;145210048;1;0;64;1#2;40;
0230;145210049;1;0;18;1#2;30;
0230;145210050;1;0;162;1#2;40;
0230;145210051;1;0;21;1#2;40;
0230;145210052;1;0;21;1#2;40;
0230;145210053;1;0;163;1#2;30;
0230;145210054;1;0;200;1#2;30;
0230;145210055;1;0;44;1#2;30;
0230;145210056;1;0;59;1#2;50;
0230;145210057;1;0;97;1#2;30;
0230;145210058;1;0;45;1#2;30;
0230;145210059;1;0;28;1#2;40;
0230;145210060;1;0;143;1#2;30;
0230;145210061;1;0;58;1#2;30;
0230;145210062;1;0;336;1#2;30;
0230;145210063;1;0;92;1#2;40;
0230;145210064;1;0;31;1#2;40;
0230;145210065;1;0;15;1#2;40;
0230;145210066;1;0;68;1#2;40;
0230;145210067;1;0;118;1#2;40;
0230;145210068;1;0;15;1#2;50;
0230;145210069;1;0;297;1#2;50;
0230;145210070;1;0;716;1#2;30;
0230;145210071;1;0;43;1#2;30;
0230;145210072;1;0;236;1#2;50;
0230;145210073;1;0;156;1#2;50;
0230;145210074;1;0;179;1#2;50;
0230;145210075;1;0;86;1#2;50;
0230;145210076;1;0;48;1#2;30;
0230;145210077;1;0;291;1#2;30;
0230;145210078;1;0;127;1#2;40;
0230;145210079;1;0;75;1#2;40;
0230;145210080;1;0;7;1#2;40;
0230;145210081;1;0;70;1#2;40;
0230;145210082;1;0;53;1#2;30;
0230;145210083;1;0;49;1#2;30;
0230;145210084;1;0;70;1#2;30;
0230;145210085;1;0;71;1#2;30;
0230;145210087;1;0;355;1#2;30;
0230;145210088;1;0;88;1#2;30;
0230;145210089;1;0;189;1#2;30;
0230;145210090;1;0;61;1#2;30;
0230;145210091;1;0;32;1#2;30;
0230;145210092;1;0;175;1#2;30;
0230;145210093;1;0;236;1#2;40;
0230;145210094;1;0;66;1#2;30;
0230;145210095;1;0;47;1#2;30;
0230;145210096;1;0;17;1#2;40;
0230;145210097;1;0;118;1#2;40;
0230;145210098;1;0;46;1#2;40;
0230;145210099;1;0;30;1#2;40;
0230;145210100;1;0;29;1#2;50;
0230;145210101;1;0;13;1#2;50;
0230;145210102;1;0;38;1#2;50;
0230;145210103;1;0;16;1#2;50;
0230;145210104;1;0;32;1#2;30;
0230;145210105;1;0;71;1#2;30;
0230;145210106;1;0;28;1#2;30;
0230;145210107;1;0;18;1#2;30;
0230;145210108;1;0;14;1#2;30;
0230;145210109;1;0;122;1#2;30;
0230;145210111;1;0;8;1#2;40;
0230;145210112;1;0;33;1#2;30;
0230;145210113;1;0;18;1#2;30;
0230;145210114;1;0;20;1#2;30;
0230;145210115;1;0;114;1#2;30;
0230;145210116;1;0;52;1#2;30;
0230;145210117;1;0;153;1#2;30;
0230;145210119;1;0;72;1#2;30;
0230;145210120;1;0;62;1#2;30;
0230;145210121;1;0;10;1#2;40;
0230;145210122;1;0;74;1#2;40;
0230;145210123;1;0;84;1#2;30;
0230;145210124;1;0;34;1#2;30;
0230;145210125;1;0;14;1#2;50;
0230;145210126;1;0;167;1#2;40;
0230;145210127;1;0;166;1#2;50;
0230;145210128;1;0;291;1#2;50;
0230;145210129;1;0;356;1#2;50;
0230;145210130;1;0;302;1#2;50;
0230;145210131;1;0;84;1#2;50;
0230;145210132;1;0;119;1#2;50;
0230;145210133;1;0;104;1#2;50;
0230;145210134;1;0;65;1#2;30;
0230;145210135;1;0;198;1#2;40;
0230;145210136;1;0;183;1#2;50;
0230;145210137;1;0;115;1#2;50;
0230;145210138;1;0;114;1#2;50;
0230;145210139;1;0;157;1#2;30;
0230;145210140;1;0;96;1#2;30;
0230;145210141;1;0;54;1#2;30;
0230;145210142;1;0;74;1#2;30;
0230;145210143;1;0;85;1#2;30;
0230;145210144;1;0;438;1#2;30;
0230;145210145;1;0;95;1#2;50;
0230;145210146;1;0;59;1#2;40;
0230;145210147;1;0;23;1#2;30;
0230;145210148;1;0;49;1#2;30;
0230;145210149;1;0;19;1#2;30;
0230;145210150;1;0;148;1#2;30;
0230;145210151;1;0;153;1#2;30;
0230;145210152;1;0;116;1#2;30;
0230;145210153;1;0;56;1#2;50;
0230;145210154;1;0;8;1#2;40;
0230;145210155;1;0;13;1#2;50;
0230;145210156;1;0;184;1#2;40;
0230;145210157;1;0;290;1#2;30;
0230;145210158;1;0;134;1#2;30;
0230;145210159;1;0;49;1#2;40;
0230;145210160;1;0;38;1#2;40;
0230;145210161;1;0;50;1#2;30;
0230;145210162;1;0;146;1#2;40;
0230;145210163;1;0;31;1#2;40;
0230;145210164;1;0;320;1#2;40;
0230;145210165;1;0;236;1#2;40;
0230;145210166;1;0;23;1#2;50;
0230;145210167;1;0;47;1#2;30;
0230;145210168;1;0;28;1#2;40;
0230;145210169;1;0;51;1#2;30;
0230;145210170;1;0;63;1#2;30;
0230;145210171;1;0;143;1#2;40;
0230;145210172;1;0;51;1#2;30;
0230;145210173;1;0;176;1#2;30;
0230;145210174;1;0;252;1#2;30;
0230;145210175;1;0;42;1#2;30;
0230;145210176;1;0;86;1#2;30;
0230;145210177;1;0;30;1#2;30;
0230;145210178;1;0;25;1#2;40;
0230;145210179;1;0;24;1#2;40;
0230;145210180;1;0;54;1#2;30;
0230;145210181;1;0;169;1#2;30;
0230;145210182;1;0;60;1#2;30;
0230;145210183;1;0;67;1#2;40;
0230;145210184;1;0;118;1#2;30;
0230;145210185;1;0;207;1#2;40;
0230;145210186;1;0;83;1#2;30;
0230;145210187;1;0;127;1#2;30;
0230;145210188;1;0;71;1#2;30;
0230;145210189;1;0;40;1#2;40;
0230;145210190;1;0;44;1#2;30;
0230;145210191;1;0;80;1#2;40;
0230;145210192;1;0;25;1#2;30;
0230;145210193;1;0;99;1#2;30;
0230;145210194;1;0;68;1#2;30;
0230;145210195;1;0;143;1#2;40;
0230;145210196;1;0;44;1#2;30;
0230;145210197;1;0;32;1#2;40;
0230;145210198;1;0;116;1#2;30;
0230;145210199;1;0;46;1#2;30;
0230;145210200;1;0;53;1#2;30;
0230;145210201;1;0;57;1#2;30;
0230;145210202;1;0;69;1#2;30;
0230;145210203;1;0;59;1#2;30;
0230;145210204;1;0;68;1#2;30;
0230;145210205;1;0;128;1#2;30;
0230;145210206;1;0;33;1#2;30;
0230;145210207;1;0;61;1#2;30;
0230;145210208;1;0;30;1#2;30;
0230;145210209;1;0;81;1#2;40;
0230;145210210;1;0;63;1#2;40;
0230;145210211;1;0;153;1#2;40;
0230;145210212;1;0;59;1#2;30;
0230;145210213;1;0;60;1#2;30;
0230;145210214;1;0;51;1#2;30;
0230;145210215;1;0;54;1#2;30;
0230;145210216;1;0;10;1#2;30;
0230;145210217;1;0;54;1#2;30;
0230;265085250;1;0;20;1#2;30;
0230;265085251;1;0;32;1#2;30;
0230;145210219;1;0;34;1#2;40;
0230;145210221;1;0;112;1#2;30;
0230;145210222;1;0;7;1#2;40;
0230;145210223;1;0;72;1#2;40;
0230;145210224;1;0;41;1#2;40;
0230;145210225;1;0;94;1#2;40;
0230;145210226;1;0;198;1#2;40;
0230;145210227;1;0;23;1#2;40;
0230;145210228;1;0;68;1#2;40;
0230;145210229;1;0;77;1#2;30;
0230;145210230;1;0;83;1#2;40;
0230;145210231;1;0;78;1#2;40;
0230;145210232;1;0;33;1#2;40;
0230;145210233;1;0;30;1#2;40;
0230;145210234;1;0;37;1#2;40;
0230;145210235;1;0;98;1#2;30;
0230;145210236;1;0;32;1#2;40;
0230;145210237;1;0;18;1#2;40;
0230;145210238;1;0;6;1#2;30;
0230;145210239;1;0;47;1#2;40;
0230;145210240;1;0;52;1#2;30;
0230;145210241;1;0;106;1#2;30;
0230;145210242;1;0;26;1#2;30;
0230;145210245;1;0;30;1#2;30;
0230;145210247;1;0;44;1#2;40;
0230;145210248;1;0;71;1#2;40;
0230;145210249;1;0;227;1#2;50;
0230;145210250;1;0;48;1#2;40;
0230;145210251;1;0;44;1#2;30;
0230;145210252;1;0;25;1#2;30;
0230;145210253;1;0;133;1#2;30;
0230;145210254;1;0;56;1#2;30;
0230;145210255;1;0;41;1#2;40;
0230;145210256;1;0;49;1#2;40;
0230;145210257;1;0;40;1#2;40;
0230;145210258;1;0;39;1#2;40;
0230;145210260;1;0;53;1#2;40;
0230;145210261;1;0;48;1#2;30;
0230;145210262;1;0;61;1#2;40;
0230;145210263;1;0;44;1#2;40;
0230;145210264;1;0;54;1#2;30;
0230;145210265;1;0;45;1#2;40;
0230;145210266;1;0;54;1#2;40;
0230;145210267;1;0;49;1#2;40;
0230;145210268;1;0;58;1#2;40;
0230;145210269;1;0;52;1#2;40;
0230;145210270;1;0;47;1#2;40;
0230;145210271;1;0;44;1#2;40;
0230;145210272;1;0;74;1#2;40;
0230;145210273;1;0;53;1#2;40;
0230;145210274;1;0;58;1#2;40;
0230;145210275;1;0;50;1#2;40;
0230;145210276;1;0;47;1#2;40;
0230;145210277;1;0;58;1#2;40;
0230;145210278;1;0;77;1#2;40;
0230;145210279;1;0;45;1#2;40;
0230;145210280;1;0;45;1#2;40;
0230;145210281;1;0;56;1#2;40;
0230;145210282;1;0;42;1#2;40;
0230;145210283;1;0;36;1#2;40;
0230;145210284;1;0;53;1#2;40;
0230;145210285;1;0;42;1#2;40;
0230;145210286;1;0;44;1#2;40;
0230;145210287;1;0;44;1#2;40;
0230;145210288;1;0;65;1#2;40;
0230;145210289;1;0;64;1#2;40;
0230;145210290;1;0;58;1#2;30;
0230;145210291;1;0;114;1#2;30;
0230;145210292;1;0;58;1#2;30;
0230;145210293;1;0;28;1#2;40;
0230;145210294;1;0;64;1#2;30;
0230;145210295;1;0;141;1#2;30;
0230;145210296;1;0;39;1#2;30;
0230;145210297;1;0;26;1#2;40;
0230;145210298;1;0;10;1#2;40;
0230;145210299;1;0;15;1#2;40;
0230;145210300;1;0;40;1#2;30;
0230;145210301;1;0;54;1#2;30;
0230;145210302;1;0;44;1#2;40;
0230;145210303;1;0;72;1#2;30;
0230;145210304;1;0;53;1#2;40;
0230;145210305;1;0;92;1#2;30;
0230;145210306;1;0;76;1#2;40;
0230;145210308;1;0;101;1#2;30;
0230;145210309;1;0;54;1#2;40;
0230;145210310;1;0;17;1#2;40;
0230;145210311;1;0;11;1#2;40;
0230;145210312;1;0;45;1#2;40;
0230;145210313;1;0;60;1#2;40;
0230;145210314;1;0;48;1#2;40;
0230;145210315;1;0;77;1#2;40;
0230;145210316;1;0;38;1#2;40;
0230;145210317;1;0;81;1#2;30;
0230;145210318;1;0;77;1#2;30;
0230;145210320;1;0;51;1#2;30;
0230;145210321;1;0;105;1#2;30;
0230;145210322;1;0;48;1#2;30;
0230;145210323;1;0;41;1#2;30;
0230;145210324;1;0;28;1#2;40;
0230;145210325;1;0;52;1#2;40;
0230;145210326;1;0;56;1#2;40;
0230;145210328;1;0;63;1#2;40;
0230;145210329;1;0;41;1#2;40;
0230;145210330;1;0;25;1#2;40;
0230;145210331;1;0;22;1#2;40;
0230;145210333;1;0;53;1#2;30;
0230;145210334;1;0;8;1#2;30;
0230;145210335;1;0;30;1#2;30;
0230;145210336;1;0;58;1#2;30;
0230;145210337;1;0;44;1#2;30;
0230;145210338;1;0;84;1#2;30;
0230;145210339;1;0;73;1#2;30;
0230;145210340;1;0;7;1#2;30;
0230;145210341;1;0;70;1#2;30;
0230;145210342;1;0;42;1#2;40;
0230;145210344;1;0;250;1#2;40;
0230;145210345;1;0;54;1#2;40;
0230;145210346;1;0;49;1#2;30;
0230;145210347;1;0;55;1#2;30;
0230;145210348;1;0;89;1#2;40;
0230;145210349;1;0;82;1#2;40;
0230;145210350;1;0;138;1#2;40;
0230;145210351;1;0;143;1#2;40;
0230;145210352;1;0;104;1#2;30;
0230;145210353;1;0;38;1#2;30;
0230;145210354;1;0;88;1#2;40;
0230;145210355;1;0;125;1#2;30;
0230;145210356;1;0;347;1#2;30;
0230;145210357;1;0;57;1#2;40;
0230;264931682;1;0;38;1#2;40;
0230;145210359;1;0;51;1#2;30;
0230;145210361;1;0;51;1#2;30;
0230;145210362;1;0;55;1#2;40;
0230;145210363;1;0;59;1#2;40;
0230;145210364;1;0;67;1#2;40;
0230;145210365;1;0;57;1#2;40;
0230;145210366;1;0;172;1#2;30;
0230;145210367;1;0;56;1#2;40;
0230;145210369;1;0;69;1#2;30;
0230;145210370;1;0;69;1#2;30;
0230;145210371;1;0;78;1#2;30;
0230;145210372;1;0;108;1#2;30;
0230;145210376;1;0;172;1#2;30;
0230;145210377;1;0;293;1#2;40;
0230;145210378;1;0;55;1#2;40;
0230;145210379;1;0;152;1#2;30;
0230;145210380;1;0;37;1#2;30;
0230;145210381;1;0;45;1#2;30;
0230;145210384;1;0;59;1#2;30;
0230;145210385;1;0;82;1#2;30;
0230;145210386;1;0;42;1#2;30;
0230;145210387;1;0;43;1#2;30;
0230;145210388;1;0;87;1#2;30;
0230;145210389;1;0;96;1#2;40;
0230;145210390;1;0;73;1#2;30;
0230;145210391;1;0;137;1#2;30;
0230;145210392;1;0;134;1#2;30;
0230;145210393;1;0;135;1#2;30;
0230;145210394;1;0;36;1#2;30;
0230;145210395;1;0;68;1#2;30;
0230;145210396;1;0;26;1#2;40;
0230;145210397;1;0;95;1#2;40;
0230;145210398;1;0;38;1#2;30;
0230;151817043;1;0;124;1#2;30;
0230;145210407;1;0;89;1#2;40;
0230;145210408;1;0;109;1#2;40;
0230;145210409;1;0;138;1#2;40;
0230;145210410;1;0;266;1#2;40;
0230;145210411;1;0;265;1#2;30;
0230;145210412;1;0;74;1#2;40;
0230;145210417;1;0;57;1#2;40;
0230;145210418;1;0;66;1#2;30;
0230;145210419;1;0;44;1#2;30;
0230;145210420;1;0;63;1#2;30;
0230;145210421;1;0;122;1#2;30;
0230;145210422;1;0;144;1#2;30;
0230;145210423;1;0;40;1#2;30;
0230;145210424;1;0;20;1#2;30;
0230;145210425;1;0;37;1#2;40;
0230;145210426;1;0;49;1#2;40;
0230;145210427;1;0;60;1#2;30;
0230;145210428;1;0;52;1#2;30;
0230;145210429;1;0;43;1#2;30;
0230;145210430;1;0;32;1#2;30;
0230;145210431;1;0;44;1#2;30;
0230;265085252;1;0;5;1#2;30;
0230;265085253;1;0;30;1#2;30;
0230;265085254;1;0;50;1#2;30;
0230;265085255;1;0;4;1#2;30;
0230;265085256;1;0;81;1#2;30;
0230;145210435;1;0;82;1#2;30;
0230;145210436;1;0;51;1#2;30;
0230;145210437;1;0;36;1#2;30;
0230;145210438;1;0;31;1#2;30;
0230;145210439;1;0;56;1#2;30;
0230;145210440;1;0;63;1#2;30;
0230;145210441;1;0;52;1#2;30;
0230;145210442;1;0;56;1#2;30;
0230;145210443;1;0;74;1#2;30;
0230;145210444;1;0;55;1#2;30;
0230;145210445;1;0;60;1#2;30;
0230;145210446;1;0;13;1#2;30;
0230;145210447;1;0;13;1#2;30;
0230;145210448;1;0;20;1#2;40;
0230;145210449;1;0;23;1#2;30;
0230;145210450;1;0;21;1#2;40;
0230;145210451;1;0;40;1#2;30;
0230;145210452;1;0;41;1#2;30;
0230;145210453;1;0;82;1#2;30;
0230;145210454;1;0;185;1#2;30;
0230;145210455;1;0;118;1#2;30;
0230;145210456;1;0;65;1#2;30;
0230;145210457;1;0;141;1#2;30;
0230;145210458;1;0;162;1#2;30;
0230;145210459;1;0;43;1#2;40;
0230;145210460;1;0;115;1#2;30;
0230;145210461;1;0;51;1#2;40;
0230;145210462;1;0;52;1#2;40;
0230;145210463;1;0;41;1#2;30;
0230;145210464;1;0;39;1#2;30;
0230;145210465;1;0;92;1#2;30;
0230;145210466;1;0;56;1#2;30;
0230;145210467;1;0;45;1#2;30;
0230;145210468;1;0;40;1#2;30;
0230;145210469;1;0;15;1#2;30;
0230;145210470;1;0;45;1#2;30;
0230;145210471;1;0;52;1#2;30;
0230;145210472;1;0;46;1#2;40;
0230;145210473;1;0;38;1#2;40;
0230;145210474;1;0;40;1#2;30;
0230;145210475;1;0;69;1#2;40;
0230;145210476;1;0;148;1#2;40;
0230;145210477;1;0;73;1#2;30;
0230;145210483;1;0;67;1#2;30;
0230;145210486;1;0;151;1#2;30;
0230;145210490;1;0;31;1#2;30;
0230;145210491;1;0;31;1#2;30;
0230;145210492;1;0;28;1#2;30;
0230;145210494;1;0;132;1#2;30;
0230;145210495;1;0;30;1#2;30;
0230;145210497;1;0;28;1#2;30;
0230;145210498;1;0;16;1#2;30;
0230;145210499;1;0;165;1#2;30;
0230;145210500;1;0;88;1#2;30;
0230;145210501;1;0;66;1#2;40;
0230;145210502;1;0;26;1#2;40;
0230;145210503;1;0;243;1#2;30;
0230;145210504;1;0;170;1#2;30;
0230;145210506;1;0;45;1#2;30;
0230;145210507;1;0;134;1#2;30;
0230;145210508;1;0;173;1#2;30;
0230;145210509;1;0;98;1#2;30;
0230;145210510;1;0;330;1#2;30;
0230;145210512;1;0;78;1#2;40;
0230;145210513;1;0;9;1#2;30;
0230;145210514;1;0;63;1#2;40;
0230;145210515;1;0;61;1#2;40;
0230;145210516;1;0;408;1#2;30;
0230;145210517;1;0;56;1#2;30;
0230;145210518;1;0;19;1#2;30;
0230;145210519;1;0;56;1#2;40;
0230;145210520;1;0;40;1#2;40;
0230;145210521;1;0;20;1#2;30;
0230;145210522;1;0;22;1#2;30;
0230;145210523;1;0;20;1#2;30;
0230;145210524;1;0;76;1#2;30;
0230;145210525;1;0;28;1#2;40;
0230;145210526;1;0;44;1#2;40;
0230;145210527;1;0;33;1#2;30;
0230;145210528;1;0;18;1#2;30;
0230;145210529;1;0;24;1#2;40;
0230;145210530;1;0;38;1#2;40;
0230;145210531;1;0;30;1#2;40;
0230;145210532;1;0;33;1#2;40;
0230;145210533;1;0;63;1#2;40;
0230;145210535;1;0;190;1#2;30;
0230;145210537;1;0;73;1#2;30;
0230;145210539;1;0;113;1#2;30;
0230;145210540;1;0;181;1#2;30;
0230;145210541;1;0;52;1#2;30;
0230;145210542;1;0;8;1#2;40;
0230;145210543;1;0;541;1#2;40;
0230;145210544;1;0;37;1#2;40;
0230;145210545;1;0;519;1#2;40;
0230;145210546;1;0;65;1#2;30;
0230;145210547;1;0;64;1#2;30;
0230;145210548;1;0;292;1#2;30;
0230;145210549;1;0;27;1#2;30;
0230;145210550;1;0;6;1#2;30;
0230;145210551;1;0;38;1#2;40;
0230;145210552;1;0;50;1#2;40;
0230;145210553;1;0;33;1#2;40;
0230;145210554;1;0;132;1#2;40;
0230;145210555;1;0;54;1#2;30;
0230;145210556;1;0;60;1#2;30;
0230;145210557;1;0;54;1#2;30;
0230;145210558;1;0;117;1#2;30;
0230;145210559;1;0;79;1#2;30;
0230;145210560;1;0;51;1#2;40;
0230;145210561;1;0;221;1#2;40;
0230;145210562;1;0;48;1#2;30;
0230;145210563;1;0;137;1#2;30;
0230;264895019;1;0;43;1#2;30;
0230;264895020;1;0;49;1#2;30;
0230;145210565;1;0;39;1#2;30;
0230;145210566;1;0;51;1#2;30;
0230;145210567;1;0;56;1#2;30;
0230;145210568;1;0;60;1#2;30;
0230;145210569;1;0;34;1#2;30;
0230;145210570;1;0;46;1#2;30;
0230;145210571;1;0;78;1#2;30;
0230;145210572;1;0;120;1#2;30;
0230;145210573;1;0;65;1#2;30;
0230;145210574;1;0;96;1#2;30;
0230;145210575;1;0;160;1#2;30;
0230;145210576;1;0;85;1#2;30;
0230;145210577;1;0;51;1#2;30;
0230;145210578;1;0;14;1#2;30;
0230;145210579;1;0;7;1#2;30;
0230;145210580;1;0;114;1#2;30;
0230;145210581;1;0;56;1#2;30;
0230;145210582;1;0;26;1#2;30;
0230;145210583;1;0;115;1#2;30;
0230;145210584;1;0;10;1#2;30;
0230;145210585;1;0;60;1#2;30;
0230;145210586;1;0;43;1#2;30;
0230;145210587;1;0;70;1#2;30;
0230;145210588;1;0;5;1#2;30;
0230;145210589;1;0;26;1#2;30;
0230;145210590;1;0;47;1#2;30;
0230;145210591;1;0;110;1#2;30;
0230;145210592;1;0;52;1#2;40;
0230;145210593;1;0;18;1#2;40;
0230;145210594;1;0;60;1#2;40;
0230;145210595;1;0;153;1#2;30;
0230;145210596;1;0;98;1#2;30;
0230;145210597;1;0;68;1#2;30;
0230;145210598;1;0;58;1#2;30;
0230;145210599;1;0;58;1#2;30;
0230;145210600;1;0;37;1#2;30;
0230;145210601;1;0;46;1#2;30;
0230;145210602;1;0;70;1#2;30;
0230;145210603;1;0;47;1#2;40;
0230;145210604;1;0;60;1#2;30;
0230;145210605;1;0;161;1#2;30;
0230;145210606;1;0;68;1#2;30;
0230;145210607;1;0;41;1#2;40;
0230;145210608;1;0;74;1#2;40;
0230;145210609;1;0;98;1#2;40;
0230;145210610;1;0;43;1#2;40;
0230;145210611;1;0;26;1#2;30;
0230;145210612;1;0;45;1#2;30;
0230;145210613;1;0;47;1#2;30;
0230;145210614;1;0;56;1#2;30;
0230;145210615;1;0;54;1#2;40;
0230;145210616;1;0;51;1#2;30;
0230;145210617;1;0;88;1#2;30;
0230;145210618;1;0;81;1#2;40;
0230;145210619;1;0;44;1#2;30;
0230;145210620;1;0;68;1#2;30;
0230;145210621;1;0;64;1#2;30;
0230;145210622;1;0;58;1#2;30;
0230;145210623;1;0;67;1#2;30;
0230;145210624;1;0;86;1#2;30;
0230;145210625;1;0;82;1#2;30;
0230;145210626;1;0;54;1#2;30;
0230;145210627;1;0;71;1#2;30;
0230;145210628;1;0;85;1#2;30;
0230;145210629;1;0;126;1#2;30;
0230;145210630;1;0;60;1#2;30;
0230;145210631;1;0;53;1#2;30;
0230;145210632;1;0;54;1#2;30;
0230;145210633;1;0;37;1#2;30;
0230;145210635;1;0;69;1#2;40;
0230;145210636;1;0;7;1#2;40;
0230;145210637;1;0;68;1#2;40;
0230;145210638;1;0;55;1#2;40;
0230;145210639;1;0;50;1#2;40;
0230;145210640;1;0;83;1#2;30;
0230;145210641;1;0;74;1#2;30;
0230;145210642;1;0;35;1#2;30;
0230;145210643;1;0;87;1#2;30;
0230;145210644;1;0;49;1#2;30;
0230;145210645;1;0;53;1#2;30;
0230;145210646;1;0;51;1#2;30;
0230;145210647;1;0;46;1#2;30;
0230;145210648;1;0;55;1#2;30;
0230;145210649;1;0;51;1#2;30;
0230;145210650;1;0;48;1#2;30;
0230;145210651;1;0;46;1#2;40;
0230;145210652;1;0;48;1#2;30;
0230;145210653;1;0;86;1#2;30;
0230;145210654;1;0;75;1#2;30;
0230;145210655;1;0;80;1#2;30;
0230;145210656;1;0;77;1#2;40;
0230;145210657;1;0;47;1#2;40;
0230;145210658;1;0;71;1#2;30;
0230;145210659;1;0;74;1#2;30;
0230;145210660;1;0;39;1#2;40;
0230;145210661;1;0;62;1#2;40;
0230;145210662;1;0;72;1#2;30;
0230;145210663;1;0;44;1#2;40;
0230;145210664;1;0;42;1#2;30;
0230;145210665;1;0;58;1#2;30;
0230;145210666;1;0;49;1#2;40;
0230;145210667;1;0;21;1#2;40;
0230;145210668;1;0;12;1#2;40;
0230;264895167;1;0;28;1#2;30;
0230;264895168;1;0;15;1#2;40;
0230;145210671;1;0;104;1#2;30;
0230;145210673;1;0;66;1#2;30;
0230;145210674;1;0;64;1#2;30;
0230;145210675;1;0;62;1#2;30;
0230;145210676;1;0;45;1#2;30;
0230;145210677;1;0;58;1#2;40;
0230;145210678;1;0;107;1#2;30;
0230;145210679;1;0;123;1#2;30;
0230;145210680;1;0;68;1#2;30;
0230;145210682;1;0;59;1#2;40;
0230;145210683;1;0;59;1#2;30;
0230;145210684;1;0;32;1#2;40;
0230;145210685;1;0;59;1#2;40;
0230;145210686;1;0;61;1#2;40;
0230;145210687;1;0;77;1#2;30;
0230;145210688;1;0;87;1#2;30;
0230;145210689;1;0;42;1#2;40;
0230;145210690;1;0;32;1#2;30;
0230;145210691;1;0;44;1#2;40;
0230;145210692;1;0;40;1#2;30;
0230;145210693;1;0;63;1#2;30;
0230;145210694;1;0;77;1#2;30;
0230;145210695;1;0;51;1#2;30;
0230;145210696;1;0;81;1#2;40;
0230;264895169;1;0;22;1#2;30;
0230;145210700;1;0;44;1#2;40;
0230;264895170;1;0;29;1#2;30;
0230;145210702;1;0;59;1#2;30;
0230;145210703;1;0;45;1#2;30;
0230;145210704;1;0;57;1#2;40;
0230;145210705;1;0;47;1#2;40;
0230;145210709;1;0;19;1#2;30;
0230;145210710;1;0;48;1#2;30;
0230;145210711;1;0;222;1#2;30;
0230;145210716;1;0;64;1#2;40;
0230;145210717;1;0;86;1#2;40;
0230;145210718;1;0;29;1#2;30;
0230;145210719;1;0;45;1#2;40;
0230;145210720;1;0;59;1#2;30;
0230;145210721;1;0;56;1#2;30;
0230;145210722;1;0;58;1#2;40;
0230;145210723;1;0;45;1#2;30;
0230;264895171;1;0;25;1#2;40;
0230;145210725;1;0;43;1#2;30;
0230;264895172;1;0;28;1#2;40;
0230;264895173;1;0;15;1#2;40;
0230;145210728;1;0;21;1#2;30;
0230;145210731;1;0;114;1#2;40;
0230;145210732;1;0;98;1#2;40;
0230;145210733;1;0;74;1#2;30;
0230;145210734;1;0;38;1#2;30;
0230;145210735;1;0;80;1#2;30;
0230;145210736;1;0;19;1#2;30;
0230;145210737;1;0;41;1#2;30;
0230;145210738;1;0;79;1#2;30;
0230;264895174;1;0;34;1#2;40;
0230;264895175;1;0;50;1#2;40;
0230;264895176;1;0;38;1#2;40;
0230;145210741;1;0;44;1#2;30;
0230;264895177;1;0;42;1#2;30;
0230;145210743;1;0;49;1#2;30;
0230;264895178;1;0;34;1#2;40;
0230;145210745;1;0;60;1#2;40;
0230;145210748;1;0;51;1#2;40;
0230;145210749;1;0;56;1#2;30;
0230;145210750;1;0;58;1#2;30;
0230;145210751;1;0;44;1#2;40;
0230;145210752;1;0;35;1#2;40;
0230;145210753;1;0;73;1#2;40;
0230;145210754;1;0;37;1#2;40;
0230;145210755;1;0;36;1#2;40;
0230;145210756;1;0;21;1#2;40;
0230;145210757;1;0;29;1#2;40;
0230;145210758;1;0;41;1#2;30;
0230;145210759;1;0;81;1#2;40;
0230;145210760;1;0;38;1#2;40;
0230;264895179;1;0;13;1#2;40;
0230;145210762;1;0;25;1#2;40;
0230;145210763;1;0;46;1#2;40;
0230;145210764;1;0;59;1#2;30;
0230;145210768;1;0;55;1#2;40;
0230;145210769;1;0;93;1#2;40;
0230;145210770;1;0;22;1#2;40;
0230;145210771;1;0;104;1#2;40;
0230;264895180;1;0;93;1#2;40;
0230;145210773;1;0;68;1#2;40;
0230;145210774;1;0;61;1#2;30;
0230;145210775;1;0;38;1#2;30;
0230;145210778;1;0;7;1#2;30;
0230;145210779;1;0;45;1#2;30;
0230;145210780;1;0;77;1#2;30;
0230;145210781;1;0;62;1#2;30;
0230;145210782;1;0;45;1#2;30;
0230;145210783;1;0;15;1#2;30;
0230;145210784;1;0;95;1#2;40;
0230;145210785;1;0;77;1#2;30;
0230;145210786;1;0;79;1#2;30;
0230;145210787;1;0;95;1#2;30;
0230;145210788;1;0;93;1#2;30;
0230;145210789;1;0;54;1#2;30;
0230;145210790;1;0;46;1#2;30;
0230;145210791;1;0;55;1#2;40;
0230;145210792;1;0;42;1#2;40;
0230;145210793;1;0;71;1#2;40;
0230;145210794;1;0;40;1#2;30;
0230;145210795;1;0;71;1#2;30;
0230;145210796;1;0;52;1#2;40;
0230;145210797;1;0;64;1#2;30;
0230;145210798;1;0;78;1#2;30;
0230;145210799;1;0;60;1#2;40;
0230;145210800;1;0;58;1#2;30;
0230;145210801;1;0;26;1#2;30;
0230;145210802;1;0;77;1#2;40;
0230;145210803;1;0;27;1#2;30;
0230;145210804;1;0;88;1#2;30;
0230;145210805;1;0;39;1#2;40;
0230;145210806;1;0;112;1#2;30;
0230;145210807;1;0;40;1#2;30;
0230;145210808;1;0;53;1#2;40;
0230;145210809;1;0;40;1#2;40;
0230;145210810;1;0;49;1#2;40;
0230;145210811;1;0;33;1#2;40;
0230;145210812;1;0;48;1#2;40;
0230;145210813;1;0;40;1#2;30;
0230;145210814;1;0;42;1#2;30;
0230;145210815;1;0;57;1#2;40;
0230;145210816;1;0;53;1#2;30;
0230;145210817;1;0;119;1#2;30;
0230;145210818;1;0;97;1#2;30;
0230;145210819;1;0;116;1#2;30;
0230;145210820;1;0;81;1#2;30;
0230;145210821;1;0;41;1#2;40;
0230;145210822;1;0;38;1#2;30;
0230;145210823;1;0;30;1#2;30;
0230;145210824;1;0;42;1#2;30;
0230;231638748;1;0;83;1#2;40;
0230;145210826;1;0;252;1#2;30;
0230;145210827;1;0;249;1#2;30;
0230;145210828;1;0;134;1#2;30;
0230;145210829;1;0;107;1#2;40;
0230;145210830;1;0;48;1#2;40;
0230;145210831;1;0;102;1#2;30;
0230;145210832;1;0;2;1#2;30;
0230;145230302;1;0;54;1#2;30;
0230;145230303;1;0;161;1#2;30;
0230;145230304;1;0;13;1#2;50;
0230;145230305;1;0;875;1#2;50;
0230;145230306;1;0;92;1#2;50;
0230;145230307;1;0;16;1#2;50;
0230;145230308;1;0;1473;1#2;50;
0230;145230309;1;0;439;1#2;50;
0230;145230310;1;0;566;1#2;50;
0230;145230311;1;0;1359;1#2;50;
0230;145230312;1;0;918;1#2;50;
0230;145230313;1;0;14;1#2;50;
0230;145230314;1;0;521;1#2;50;
0230;145230315;1;0;500;1#2;50;
0230;145230316;1;0;278;1#2;50;
0230;145230317;1;0;150;1#2;50;
0230;145230318;1;0;448;1#2;50;
0230;145230319;1;0;207;1#2;50;
0230;145230320;1;0;86;1#2;50;
0230;145230321;1;0;2455;1#2;50;
0230;145230322;1;0;130;1#2;50;
0230;145230323;1;0;247;1#2;50;
0230;145230324;1;0;342;1#2;50;
0230;145230325;1;0;996;1#2;50;
0230;145230326;1;0;17;1#2;50;
0230;145230327;1;0;1214;1#2;50;
0230;145230328;1;0;316;1#2;50;
0230;145230329;1;0;231;1#2;50;
0230;145230330;1;0;147;1#2;50;
0230;145230331;1;0;2453;1#2;50;
0230;145230332;1;0;3088;1#2;50;
0230;145230333;1;0;298;1#2;50;
0230;145230334;1;0;708;1#2;50;
0230;145230335;1;0;848;1#2;50;
0230;145230336;1;0;42;1#2;50;
0230;145230337;1;0;311;1#2;50;
0230;145230338;1;0;99;1#2;50;
0230;145230339;1;0;167;1#2;50;
0230;145230340;1;0;1016;1#2;50;
0230;145230341;1;0;1735;1#2;50;
0230;145230342;1;0;1104;1#2;50;
0230;145230343;1;0;84;1#2;50;
0230;145230344;1;0;80;1#2;50;
0230;145230345;1;0;75;1#2;50;
0230;145230346;1;0;1402;1#2;50;
0230;145230347;1;0;26;1#2;50;
0230;145230348;1;0;68;1#2;50;
0230;145230349;1;0;448;1#2;50;
0230;145230350;1;0;316;1#2;50;
0230;145230351;1;0;324;1#2;50;
0230;145230352;1;0;22;1#2;50;
0230;145230353;1;0;401;1#2;50;
0230;145230354;1;0;104;1#2;50;
0230;145230355;1;0;359;1#2;50;
0230;145230356;1;0;712;1#2;50;
0230;145230357;1;0;146;1#2;50;
0230;145230358;1;0;158;1#2;50;
0230;145230359;1;0;66;1#2;50;
0230;145230360;1;0;687;1#2;50;
0230;145230361;1;0;29;1#2;50;
0230;145230362;1;0;14;1#2;50;
0230;145230363;1;0;300;1#2;50;
0230;145230364;1;0;66;1#2;50;
0230;145230365;1;0;365;1#2;50;
0230;145230366;1;0;151;1#2;50;
0230;145230367;1;0;1372;1#2;50;
0230;145230368;1;0;197;1#2;50;
0230;145230369;1;0;21;1#2;50;
0230;145230370;1;0;354;1#2;50;
0230;145238700;1;0;166;1;60;
0230;145238701;1;0;363;1;60;
0230;145238702;1;0;442;1#2;60;
0230;145238703;1;0;53;1#2;60;
0230;145238704;1;0;26;1#2;60;
0230;145238705;1;0;203;1#2;60;
0230;145238706;1;0;7;1#2;60;
0230;145238707;1;0;40;1#2#2V1;60;
0230;145238708;1;0;35;1#2;60;
0230;145238766;1;0;5;1;60;
0230;145238767;1;0;415;1;60;
0230;145238768;1;0;181;1;60;
0230;145238770;1;0;141;1;90;
0230;145238771;1;0;6;1;90;
0230;145238772;1;0;10;1;90;
0230;145238773;1;0;156;1;90;
0230;145238775;1;0;515;1;90;
0230;145238778;1;0;274;1;90;
0230;145238779;1;0;73;1#2;90;
0230;145238780;1;0;60;1#2;90;
0230;145238785;1;0;10;1;90;
0230;145238786;1;0;296;1;90;
0230;145238787;1;0;202;1;90;
0230;145238790;1;0;279;1;90;
0230;145238791;1;0;104;1;90;
0230;145238794;1;0;170;1;90;
0230;145238795;1;0;35;1;90;
0230;145238796;1;0;11;1;90;
0230;145238799;1;0;37;1#2;80;
0230;145238800;1;0;302;1;90;
0230;145238802;1;0;10;1;90;
0230;145238803;1;0;116;1;90;
0230;145238804;1;0;185;1;90;
0230;145238807;1;0;191;1;90;
0230;145238808;1;0;11;1;90;
0230;145238810;1;0;216;1;90;
0230;145238811;1;0;18;1;90;
0230;145238812;1;0;6;1;90;
0230;145238813;1;0;6;1;90;
0230;145238814;1;0;163;1;90;
0230;145238815;1;0;30;1;90;
0230;145238818;1;0;161;1;80;
0230;145238819;1;0;59;1#2;80;
0230;145238823;1;0;11;1;80;
0230;145238824;1;0;260;1;80;
0230;145238856;1;0;16;1;80;
0230;145238857;1;0;6;1;80;
0230;145238858;1;0;5;1;80;
0230;145238859;1;0;5;1;80;
0230;145238860;1;0;12;1;80;
0230;145238861;1;0;4;1;80;
0230;145238862;1;0;9;1;80;
0230;145238863;1;0;5;1;80;
0230;145238864;1;0;11;1;80;
0230;145238865;1;0;6;1;80;
0230;145238866;1;0;8;1;80;
0230;145238867;1;0;8;1;80;
0230;145238868;1;0;14;1;80;
0230;145238869;1;0;8;1;80;
0230;145238870;1;0;8;1;80;
0230;145239095;1;0;45;1#2;70;
0230;145239096;1;0;5;1#1H1#2;70;
0230;145244503;1;0;41;1#2;50;
0230;145244640;1;0;23;1#2;50;
0230;145244641;1;0;132;1#2;50;
0230;145244642;1;0;24;1#2;50;
0230;145244643;1;0;43;1#2;50;
0230;145244647;1;0;10;1#2#2V1;50;
0230;145244648;1;0;101;1#2;50;
0230;145244651;1;0;23;1#2;50;
0230;145244652;1;0;114;1#2;50;
0230;145244653;1;0;139;1#2;50;
0230;145244654;1;0;421;1#2;50;
0230;145244655;1;0;76;1#2;50;
0230;145244656;1;0;82;1#2;50;
0230;145244657;1;0;68;1#2;50;
0230;145244658;1;0;161;1#2;50;
0230;145244659;1;0;103;1#2;50;
0230;145244660;1;0;6;1#2;50;
0230;145244661;1;0;51;1#2;50;
0230;145244662;1;0;48;1#2;50;
0230;145244663;1;0;70;1#2;50;
0230;145244664;1;0;152;1#2;50;
0230;145244664;2;10;152;1#2;40;
0230;145244665;1;0;133;1#2;40;
0230;145244668;1;0;75;1#2;40;
0230;145244669;1;0;45;1#2;40;
0230;145244670;1;0;18;1#2;40;
0230;145244671;1;0;176;1#2;40;
0230;145244672;1;0;54;1#2;40;
0230;145244672;2;17;54;1#2;50;
0230;145244684;1;0;79;1#2;40;
0230;145244687;1;0;409;1#2;40;
0230;145244687;2;63;409;1#2;60;
0230;145244688;1;0;10;1#2;60;
0230;145244689;1;0;10;1#2;60;
0230;145244690;1;0;58;1#2;60;
0230;145244695;1;0;317;1#2;60;
0230;145244696;1;0;61;1#2;60;
0230;145244697;1;0;11;1#2;60;
0230;145244698;1;0;5;1#2;60;
0230;145244699;1;0;34;1#2;60;
0230;145244701;1;0;264;1#2;60;
0230;145244702;1;0;255;1#2;60;
0230;145244703;1;0;304;1#2;60;
0230;145244704;1;0;176;1#2;60;
0230;145244704;2;94;176;1#2;50;
0230;145244705;1;0;6;1#2;50;
0230;145244706;1;0;297;1#2;50;
0230;145244707;1;0;30;1#2;50;
0230;145244708;1;0;33;1#2;50;
0230;145244709;1;0;165;1#2;50;
0230;145244710;1;0;62;1#2;50;
0230;145244711;1;0;116;1#2;50;
0230;145244712;1;0;113;1#2;50;
0230;145244713;1;0;164;1#2;50;
0230;145244714;1;0;56;1#2;50;
0230;145244717;1;0;82;1#2;50;
0230;145244718;1;0;306;1#2;50;
0230;145244719;1;0;196;1#2;50;
0230;145244719;2;26;196;1#2;40;
0230;145244720;1;0;21;1#2;40;
0230;145244721;1;0;68;1#2;40;
0230;145244722;1;0;54;1#2;40;
0230;145244725;1;0;80;1#2;50;
0230;145244726;1;0;6;1;50;
0230;145244727;1;0;6;1;50;
0230;145244728;1;0;5;1;50;
0230;145244729;1;0;13;1;50;
0230;145244730;1;0;4;1;50;
0230;145244731;1;0;5;1;50;
0230;145244732;1;0;12;1;50;
0230;145244733;1;0;5;1;50;
0230;145244734;1;0;6;1;50;
0230;145244735;1;0;12;1;50;
0230;145244736;1;0;4;1;50;
0230;145244737;1;0;5;1;50;
0230;145244738;1;0;8;1;50;
0230;145244739;1;0;2;1;50;
0230;145244740;1;0;7;1;50;
0230;145244741;1;0;13;1;50;
0230;145244742;1;0;5;1;50;
0230;145244743;1;0;4;1;50;
0230;145244744;1;0;11;1;50;
0230;145244745;1;0;4;1;50;
0230;145244746;1;0;6;1;50;
0230;145244747;1;0;12;1;40;
0230;145244748;1;0;7;1;40;
0230;145244749;1;0;5;1;40;
0230;145244750;1;0;6;1;40;
0230;145244751;1;0;7;1;40;
0230;145244752;1;0;7;1;40;
0230;145244753;1;0;8;1;40;
0230;145244754;1;0;7;1;40;
0230;145244755;1;0;5;1;40;
0230;145244756;1;0;5;1;40;
0230;145244757;1;0;6;1;40;
0230;145244758;1;0;18;1;50;
0230;145244759;1;0;3;1;50;
0230;145244760;1;0;9;1;50;
0230;145244761;1;0;6;1;50;
0230;145244762;1;0;5;1;50;
0230;145244763;1;0;8;1;50;
0230;145244764;1;0;7;1;50;
0230;145244765;1;0;21;1;50;
0230;145244766;1;0;6;1;50;
0230;145244767;1;0;6;1;50;
0230;145244768;1;0;10;1;50;
0230;145244769;1;0;7;1;50;
0230;145244770;1;0;6;1;50;
0230;145244771;1;0;7;1;50;
0230;145244772;1;0;7;1;50;
0230;145244773;1;0;3;1;50;
0230;145244774;1;0;16;1;50;
0230;145244775;1;0;3;1;50;
0230;145244776;1;0;8;1;50;
0230;145244777;1;0;10;1;50;
0230;145244778;1;0;22;1;50;
0230;145244779;1;0;10;1;50;
0230;145244780;1;0;8;1;50;
0230;151817044;1;0;57;1#2;40;
0230;145244784;1;0;65;1#2;40;
0230;145244785;1;0;32;1#2;40;
0230;145244786;1;0;108;1#2;40;
0230;145244787;1;0;71;1#2;40;
0230;145244799;1;0;12;1#2;50;
0230;145244800;1;0;305;1#2;50;
0230;145244801;1;0;14;1#2;50;
0230;145244802;1;0;12;1#2;50;
0230;145244803;1;0;198;1#2;50;
0230;145244804;1;0;86;1#2;50;
0230;145244805;1;0;6;1#2;50;
0230;145244830;1;0;585;1#2;50;
0230;145244830;2;9;585;1#2;80;
0230;145244831;1;0;205;1#2;80;
0230;145244831;2;151;205;1#2;60;
0230;145244836;1;0;66;1#2;60;
0230;145244839;1;0;8;1#2;50;
0230;145244843;1;0;364;1#2;50;
0230;145244844;1;0;38;1#2;50;
0230;145244845;1;0;81;1#2;50;
0230;145244846;1;0;13;1#2;50;
0230;145244847;1;0;6;1#2;50;
0230;145244848;1;0;7;1#2;50;
0230;145244849;1;0;180;1#2;50;
0230;145244850;1;0;52;1#2;50;
0230;145244851;1;0;128;1#2;50;
0230;145244852;1;0;12;1#2;50;
0230;145244853;1;0;7;1#2;50;
0230;145244854;1;0;44;1#2;50;
0230;145244855;1;0;40;1#2;50;
0230;145244856;1;0;6;1;50;
0230;145244857;1;0;5;1;50;
0230;145244858;1;0;9;1;50;
0230;145244859;1;0;24;1;50;
0230;145244860;1;0;6;1;50;
0230;145244861;1;0;5;1;50;
0230;145244862;1;0;9;1;50;
0230;145244863;1;0;5;1;50;
0230;145244864;1;0;7;1;50;
0230;145244865;1;0;6;1;50;
0230;145244866;1;0;5;1;50;
0230;145244867;1;0;6;1;50;
0230;145244868;1;0;6;1;50;
0230;145244869;1;0;5;1;50;
0230;145244870;1;0;5;1;50;
0230;145244871;1;0;8;1;50;
0230;145244872;1;0;8;1;50;
0230;145244873;1;0;8;1;50;
0230;145244874;1;0;6;1;50;
0230;264931683;1;0;3;1;50;
0230;264931684;1;0;2;1;50;
0230;264931685;1;0;3;1;50;
0230;264931686;1;0;2;1;50;
0230;145244876;1;0;5;1;50;
0230;145244877;1;0;6;1;50;
0230;145244878;1;0;8;1;50;
0230;145244879;1;0;5;1;50;
0230;145244880;1;0;7;1;50;
0230;145244881;1;0;9;1;50;
0230;145244882;1;0;6;1;50;
0230;145244883;1;0;6;1;50;
0230;145244893;1;0;5;1;50;
0230;145244894;1;0;9;1;50;
0230;145244895;1;0;6;1;50;
0230;145244896;1;0;9;1;50;
0230;145244897;1;0;8;1;50;
0230;145244898;1;0;22;1;50;
0230;145244899;1;0;9;1;50;
0230;145244900;1;0;8;1;50;
0230;145244901;1;0;11;1;50;
0230;145244902;1;0;10;1;50;
0230;145244903;1;0;14;1;50;
0230;145244904;1;0;9;1;50;
0230;145244905;1;0;6;1;50;
0230;145244906;1;0;9;1;50;
0230;145244907;1;0;5;1;50;
0230;145244908;1;0;6;1;50;
0230;145244909;1;0;8;1;50;
0230;145244910;1;0;34;1;50;
0230;145244911;1;0;6;1;50;
0230;145244912;1;0;5;1;50;
0230;145244913;1;0;14;1;50;
0230;145244914;1;0;5;1;50;
0230;145244915;1;0;13;1;50;
0230;145244916;1;0;8;1;50;
0230;145244917;1;0;2;1;50;
0230;145244918;1;0;3;1;50;
0230;145244919;1;0;5;1;50;
0230;145244920;1;0;7;1#2;60;
0230;145244921;1;0;446;1#2;60;
0230;145244922;1;0;253;1#2;60;
0230;145244923;1;0;212;1#2;60;
0230;145244924;1;0;110;1#2;60;
0230;145244930;1;0;47;1#2;50;
0230;145244934;1;0;15;1#2;50;
0230;145244935;1;0;180;1#2;50;
0230;145244936;1;0;79;1#2;50;
0230;145244937;1;0;87;1#2;50;
0230;145244938;1;0;65;1#2;50;
0230;145244939;1;0;23;1#2;50;
0230;145244940;1;0;43;1#2;50;
0230;145244941;1;0;180;1#2;50;
0230;158546414;1;0;106;1#2;50;
0230;158546415;1;0;117;1#2;50;
0230;145244944;1;0;72;1#2;50;
0230;145244945;1;0;78;1#2;50;
0230;145244946;1;0;28;1#2;50;
0230;145244947;1;0;29;1#2;50;
0230;145244948;1;0;28;1#2;50;
0230;145244949;1;0;70;1#2;50;
0230;145244950;1;0;7;1#2;50;
0230;145244951;1;0;2;1;50;
0230;145244952;1;0;6;1;50;
0230;145244952;2;1;6;1;50;
0230;145244953;1;0;10;1;50;
0230;145244954;1;0;6;1;50;
0230;145244955;1;0;10;1;50;
0230;145244956;1;0;13;1;50;
0230;145244957;1;0;8;1;50;
0230;145244958;1;0;8;1;50;
0230;237411489;1;0;59;1#2;50;
0230;145244964;1;0;91;1#2;50;
0230;145244965;1;0;36;1#2;50;
0230;145244966;1;0;218;1#2;50;
0230;145244967;1;0;77;1#2;50;
0230;145244968;1;0;37;1#2;50;
0230;145244969;1;0;50;1#2;50;
0230;145244971;1;0;45;1#2;50;
0230;145244972;1;0;33;1#2;50;
0230;145244973;1;0;67;1#2;50;
0230;145244974;1;0;87;1#2;50;
0230;145244975;1;0;88;1#2;50;
0230;145244976;1;0;82;1#2;50;
0230;145244977;1;0;242;1#2;50;
0230;145244979;1;0;28;1#2;50;
0230;145244980;1;0;119;1#2;50;
0230;145244981;1;0;48;1#2;50;
0230;145244982;1;0;96;1#2;50;
0230;145244985;1;0;52;1#2;50;
0230;145244986;1;0;197;1#2;50;
0230;145244986;2;53;197;1#2;40;
0230;145244987;1;0;98;1#2;40;
0230;145244988;1;0;44;1#2;40;
0230;145244988;2;34;44;1#2;40;
0230;145244991;1;0;43;1#2;50;
0230;145244992;1;0;211;1#2;50;
0230;145244993;1;0;165;1#2;50;
0230;145244993;2;105;165;1#2;30;
0230;145244994;1;0;17;1#2;30;
0230;264895181;1;0;7;1#2;30;
0230;264895182;1;0;103;1#2;30;
0230;145244996;1;0;42;1#2;30;
0230;145244997;1;0;7;1#2;30;
0230;145244998;1;0;55;1#2;30;
0230;145244999;1;0;20;1#2;30;
0230;145245000;1;0;30;1#2;30;
0230;145245001;1;0;27;1#2;50;
0230;145245003;1;0;95;1#2;50;
0230;145245004;1;0;91;1#2;50;
0230;145245005;1;0;10;1#2;50;
0230;145245006;1;0;193;1#2;50;
0230;145245007;1;0;109;1#2;50;
0230;145245008;1;0;83;1#2;50;
0230;157789516;1;0;24;1#2;50;
0230;157789517;1;0;11;1#2;50;
0230;145245010;1;0;3;1#2;50;
0230;145245013;1;0;293;1#2;60;
0230;145245014;1;0;7;1#2;60;
0230;145245015;1;0;8;1#2;60;
0230;145245016;1;0;62;1#2;60;
0230;145245017;1;0;154;1#2;60;
0230;145245020;1;0;6;1;50;
0230;145245021;1;0;5;1;50;
0230;145245022;1;0;5;1;50;
0230;145245023;1;0;6;1;50;
0230;145245024;1;0;5;1;50;
0230;145245025;1;0;4;1;50;
0230;145245026;1;0;5;1;50;
0230;145245027;1;0;5;1;50;
0230;145245028;1;0;6;1;50;
0230;145245029;1;0;6;1;50;
0230;145245030;1;0;5;1;50;
0230;145245031;1;0;4;1;50;
0230;145245034;1;0;173;1#2;60;
0230;145245034;2;121;173;1#2;50;
0230;145245037;1;0;7;1#2;30;
0230;145245038;1;0;93;1#2;30;
0230;145245039;1;0;54;1#2;30;
0230;264895183;1;0;52;1#2;30;
0230;264895184;1;0;91;1#2;30;
0230;145245041;1;0;57;1#2;30;
0230;145245042;1;0;176;1#2;30;
0230;145245042;2;116;176;1#2;50;
0230;145245043;1;0;36;1#2;50;
0230;145245044;1;0;57;1#2;50;
0230;145245045;1;0;157;1#2;50;
0230;145245046;1;0;36;1#2;50;
0230;145245047;1;0;113;1#2;50;
0230;145245048;1;0;120;1#2;50;
0230;145245049;1;0;45;1#2;50;
0230;145245050;1;0;80;1#2;50;
0230;145245051;1;0;57;1#2;50;
0230;145245052;1;0;16;1#2;50;
0230;145245053;1;0;76;1#2;50;
0230;145245054;1;0;141;1#2;50;
0230;145245055;1;0;102;1#2;50;
0230;145245056;1;0;36;1#2;50;
0230;145245057;1;0;163;1#2;50;
0230;145245058;1;0;5;1#2;50;
0230;145245059;1;0;78;1#2;50;
0230;145245060;1;0;16;1#2;50;
0230;145245061;1;0;46;1#2;50;
0230;145245062;1;0;232;1#2;50;
0230;145245063;1;0;42;1#2;50;
0230;145250339;1;0;8;1;90;
0230;231638757;1;0;52;1;90;
0230;231638758;1;0;37;1;90;
0230;145250341;1;0;156;1;90;
0230;145250342;1;0;171;1;90;
0230;231638759;1;0;422;1;90;
0230;231638760;1;0;80;1;90;
0230;145250346;1;0;10;1;90;
0230;145250347;1;0;7;1;80;
0230;145250348;1;0;60;1;80;
0230;145250354;1;0;113;1;80;
0230;145250355;1;0;7;1;80;
0230;145252030;1;0;74;1#2;50;
0230;145252031;1;0;33;1#2;50;
0230;145252032;1;0;8;1#2;50;
0230;145252033;1;0;13;1#2;50;
0230;145252034;1;0;43;1#2;50;
0230;145252035;1;0;59;1#2;50;
0230;145252036;1;0;182;1#2;50;
0230;145252037;1;0;6;1#2;50;
0230;145252038;1;0;7;1#2;50;
0230;145252039;1;0;101;1#2;50;
0230;145252040;1;0;39;1#2;50;
0230;145252041;1;0;190;1#2;50;
0230;145252042;1;0;109;1#2;50;
0230;145252043;1;0;81;1#2;50;
0230;145252044;1;0;145;1#2;50;
0230;145252045;1;0;115;1#2;50;
0230;145252046;1;0;240;1#2;50;
0230;145252047;1;0;26;1#2;50;
0230;145252048;1;0;802;1#2;50;
0230;145252049;1;0;242;1#2;50;
0230;145252050;1;0;152;1#2;50;
0230;145252051;1;0;24;1#2;50;
0230;145252052;1;0;129;1#2;50;
0230;145252053;1;0;161;1#2;50;
0230;145252054;1;0;343;1#2;50;
0230;145252055;1;0;141;1#2;50;
0230;145252056;1;0;80;1#2;50;
0230;145252057;1;0;238;1#2;50;
0230;145252058;1;0;151;1#2;50;
0230;145252059;1;0;3;1#2;50;
0230;145252062;1;0;78;1#2;70;
0230;145252069;1;0;31;1#2;70;
0230;145252074;1;0;670;1#2;70;
0230;145252074;2;653;670;1#2;70;
0230;145252077;1;0;8;1#2;50;
0230;145252078;1;0;196;1#2;50;
0230;145252079;1;0;52;1#2;50;
0230;145252080;1;0;51;1#2;50;
0230;145252081;1;0;23;1#2;50;
0230;145252082;1;0;16;1#2;50;
0230;145252083;1;0;138;1#2;50;
0230;145252084;1;0;37;1#2;50;
0230;145253691;1;0;367;1#3;90;
0230;231638761;1;0;10;1#3;90;
0230;231638762;1;0;194;1#3#5;90;
0230;145253693;1;0;9;1#3#5;90;
0230;145253694;1;0;7;1#3#5;90;
0230;145253695;1;0;16;1#3#5;90;
0230;145253696;1;0;187;1#3#5;90;
0230;231638763;1;0;20;1#3#5;90;
0230;231638764;1;0;28;1#3;90;
0230;145253698;1;0;204;1#3;90;
0230;145253699;1;0;166;1#3;90;
0230;231638765;1;0;37;1#3;90;
0230;231638766;1;0;210;1#3;90;
0230;145253701;1;0;7;1#3;90;
0230;145253702;1;0;38;1#3;90;
0230;231638767;1;0;7;1#3;90;
0230;231638768;1;0;94;1#3#5K;90;
0230;231638769;1;0;229;1#3#5K;90;
0230;231638770;1;0;85;1#3;90;
0230;145253705;1;0;60;1#3;90;
0230;145253706;1;0;68;1#3;90;
0230;145253707;1;0;51;1#3;90;
0230;145253708;1;0;38;1#3;90;
0230;145253709;1;0;26;1#3;90;
0230;145253710;1;0;8;1#3;90;
0230;145253711;1;0;12;1#3;90;
0230;145253712;1;0;8;1#3;90;
0230;145253713;1;0;17;1#3;90;
0230;145253714;1;0;28;1#3;90;
0230;145253715;1;0;98;1#3;90;
0230;145253716;1;0;136;1#3;90;
0230;145253717;1;0;59;1#3;90;
0230;145253718;1;0;84;1#3;90;
0230;145253719;1;0;418;1#3;90;
0230;145253720;1;0;144;1#3;90;
0230;145253721;1;0;68;1#3;90;
0230;145253722;1;0;12;1#3;90;
0230;145253723;1;0;22;1#3;90;
0230;145253724;1;0;136;1#3;90;
0230;145253725;1;0;154;1#3;90;
0230;145253726;1;0;116;1#3;90;
0230;145253727;1;0;56;1#3;90;
0230;145253728;1;0;129;1#3;90;
0230;145253729;1;0;382;1#3;90;
0230;145253729;2;374;382;1#3;80;
0230;145253730;1;0;129;1#3;80;
0230;145253731;1;0;73;1#3;80;
0230;145253732;1;0;132;1#3;80;
0230;145253733;1;0;112;1#3;80;
0230;145253734;1;0;159;1#3;80;
0230;145253735;1;0;71;1#3;80;
0230;145253736;1;0;207;1#3;80;
0230;145253751;1;0;8;1;80;
0230;145253752;1;0;67;1#3;80;
0230;145253753;1;0;12;1#1V1;80;
0230;145253754;1;0;3;1#1V1;80;
0230;145253755;1;0;61;1#1V1;80;
0230;145253756;1;0;3;1#1V1;80;
0230;145253757;1;0;10;1#1V1;80;
0230;145253762;1;0;29;1;80;
0230;145253763;1;0;9;1;60;
0230;145253794;1;0;20;1;60;
0230;145253795;1;0;15;1;90;
0230;145253796;1;0;11;1;90;
0230;145253797;1;0;12;1;90;
0230;145253798;1;0;10;1;90;
0230;145253799;1;0;7;1;90;
0230;145253800;1;0;21;1;90;
0230;145253801;1;0;8;1;90;
0230;145253802;1;0;34;1;90;
0230;145253803;1;0;7;1;90;
0230;145253804;1;0;23;1;90;
0230;145253805;1;0;8;1;90;
0230;145253806;1;0;11;1;90;
0230;145253807;1;0;9;1;90;
0230;145253808;1;0;11;1;90;
0230;145253809;1;0;17;1;90;
0230;145253810;1;0;4;1;80;
0230;145253811;1;0;46;1;80;
0230;145253812;1;0;10;1;90;
0230;145253813;1;0;8;1;90;
0230;145253814;1;0;9;1;90;
0230;145253815;1;0;9;1;90;
0230;145253816;1;0;9;1;90;
0230;145253817;1;0;11;1;80;
0230;145253820;1;0;10;1;80;
0230;145253883;1;0;27;1;80;
0230;145253884;1;0;60;1;80;
0230;145253884;2;53;60;1;70;
0230;145253885;1;0;25;1;70;
0230;145253886;1;0;41;1;70;
0230;145253887;1;0;120;1;70;
0230;145253888;1;0;22;1;70;
0230;145253889;1;0;50;1;70;
0230;145254979;1;0;52;1;50;
0230;145254980;1;0;5;1;50;
0230;145254981;1;0;25;1;50;
0230;145254982;1;0;9;1;50;
0230;145254983;1;0;9;1;50;
0230;145254984;1;0;9;1;50;
0230;145254985;1;0;44;1;50;
0230;145255010;1;0;22;1;50;
0230;145255011;1;0;6;1;50;
0230;145255012;1;0;6;1#1H1;50;
0230;145255013;1;0;50;1#1H1;50;
0230;145255014;1;0;37;1;50;
0230;145255015;1;0;23;1;50;
0230;145255016;1;0;23;1;50;
0230;145255017;1;0;35;1;40;
0230;145255018;1;0;38;1;40;
0230;145255019;1;0;37;1;50;
0230;145255020;1;0;79;1;50;
0230;145255021;1;0;75;1#1V1;50;
0230;145255022;1;0;3;1;50;
0230;145255023;1;0;75;1;50;
0230;145255024;1;0;2;1;50;
0230;145255025;1;0;4;1;50;
0230;145255026;1;0;11;1;50;
0230;145255027;1;0;35;1;50;
0230;145255028;1;0;151;1;50;
0230;145255029;1;0;10;1;50;
0230;145255030;1;0;5;1;40;
0230;145255031;1;0;47;1;40;
0230;145255032;1;0;25;1;40;
0230;145255033;1;0;3;1;40;
0230;145255034;1;0;11;1;40;
0230;145255035;1;0;34;1;40;
0230;145255036;1;0;52;1;60;
0230;145255037;1;0;95;1#1V1;60;
0230;145255038;1;0;5;1;60;
0230;145255039;1;0;116;1;60;
0230;145255040;1;0;44;1;60;
0230;145255041;1;0;38;1;50;
0230;145255042;1;0;24;1;50;
0230;145255043;1;0;43;1;40;
0230;145255044;1;0;36;1;50;
0230;145255047;1;0;12;1;40;
0230;145255048;1;0;11;1;40;
0230;145255049;1;0;5;1;40;
0230;145255050;1;0;10;1;40;
0230;145255051;1;0;59;1;40;
0230;145255051;2;25;59;1;50;
0230;145255052;1;0;80;1#1V1;50;
0230;145255053;1;0;30;1;50;
0230;145255054;1;0;68;1#1V1;50;
0230;145255055;1;0;11;1#1V1;50;
0230;145255056;1;0;77;1;50;
0230;145255057;1;0;11;1;50;
0230;145255058;1;0;9;1;50;
0230;145255059;1;0;63;1;50;
0230;145255060;1;0;79;1;50;
0230;145255061;1;0;81;1#1H1;50;
0230;145255062;1;0;68;1;50;
0230;145255063;1;0;133;1#3;50;
0230;145255094;1;0;39;1;50;
0230;145255095;1;0;49;1;60;
0230;145255096;1;0;24;1#1V1;60;
0230;145255097;1;0;15;1#1V1;60;
0230;145255098;1;0;21;1#1V1;60;
0230;145255099;1;0;62;1;60;
0230;145255100;1;0;38;1;60;
0230;145255101;1;0;37;1;50;
0230;145255102;1;0;62;1;50;
0230;145255103;1;0;25;1;50;
0230;145255104;1;0;33;1;50;
0230;145255105;1;0;26;1;60;
0230;145255106;1;0;9;1;60;
0230;145255107;1;0;4;1;50;
0230;145255108;1;0;39;1;70;
0230;145255109;1;0;63;1;70;
0230;145255110;1;0;4;1;70;
0230;145255111;1;0;46;1;70;
0230;145255112;1;0;36;1#1V1;70;
0230;145255113;1;0;4;1#1V1;70;
0230;145255114;1;0;96;1;70;
0230;145255115;1;0;54;1;70;
0230;145255116;1;0;4;1;70;
0230;145255117;1;0;4;1;70;
0230;145255118;1;0;71;1;70;
0230;145255119;1;0;66;1;70;
0230;145255120;1;0;36;1;70;
0230;145255121;1;0;8;1;70;
0230;145255125;1;0;1;1;50;
0230;145255126;1;0;81;1;50;
0230;145255127;1;0;50;1;50;
0230;145255133;1;0;24;1;50;
0230;145255134;1;0;36;1;50;
0230;145255135;1;0;27;1;40;
0230;145255136;1;0;13;1;50;
0230;145255137;1;0;17;1;50;
0230;145255138;1;0;17;1;50;
0230;145255139;1;0;6;1;50;
0230;145255140;1;0;4;1;60;
0230;145255141;1;0;26;1;60;
0230;145255142;1;0;23;1;60;
0230;145255143;1;0;5;1;60;
0230;145255144;1;0;11;1;60;
0230;145255145;1;0;6;1;60;
0230;145255146;1;0;30;1;60;
0230;145255147;1;0;14;1;40;
0230;145255148;1;0;4;1;40;
0230;145255922;1;0;8;1;50;
0230;145255923;1;0;5;1;50;
0230;145255924;1;0;7;1;50;
0230;145255925;1;0;7;1;50;
0230;145255926;1;0;47;1;50;
0230;145255927;1;0;26;1;50;
0230;145255928;1;0;33;1;50;
0230;145255929;1;0;37;1;50;
0230;145255930;1;0;50;1;50;
0230;145255931;1;0;10;1;80;
0230;145255932;1;0;43;1;80;
0230;145255933;1;0;9;1;50;
0230;145255934;1;0;31;1;50;
0230;145255935;1;0;5;1#2;50;
0230;145255936;1;0;3;1#2;50;
0230;145255937;1;0;8;1;50;
0230;145255938;1;0;43;1;50;
0230;145255939;1;0;8;1;50;
0230;145255940;1;0;26;1;50;
0230;145255941;1;0;13;1;50;
0230;145255942;1;0;15;1;50;
0230;145255943;1;0;25;1;50;
0230;145255944;1;0;13;1;50;
0230;145255945;1;0;21;1;50;
0230;145255948;1;0;25;1;50;
0230;145255949;1;0;104;1;50;
0230;145255950;1;0;5;1;50;
0230;145255951;1;0;32;1;50;
0230;145255952;1;0;12;1;50;
0230;145255953;1;0;33;1;50;
0230;145255954;1;0;36;1;50;
0230;145256240;1;0;41;1;40;
0230;145256241;1;0;39;1;40;
0230;145256242;1;0;32;1;40;
0230;145256243;1;0;9;1#2;40;
0230;145256244;1;0;4;1#2;40;
0230;145256245;1;0;5;1;40;
0230;145256246;1;0;30;1;40;
0230;145256249;1;0;35;1;40;
0230;145256250;1;0;9;1;40;
0230;145256251;1;0;2;1#2;40;
0230;145256252;1;0;6;1#2;40;
0230;145256259;1;0;9;1;40;
0230;145256260;1;0;30;1;40;
0230;145256261;1;0;6;1#2;30;
0230;145256262;1;0;4;1#2;30;
0230;145256263;1;0;13;1;40;
0230;145256264;1;0;47;1;30;
0230;145256265;1;0;31;1;40;
0230;145256266;1;0;4;1#2;30;
0230;145256268;1;0;21;1;30;
0230;145256269;1;0;9;1;40;
0230;145256270;1;0;30;1;40;
0230;145256271;1;0;36;1;40;
0230;145257509;1;0;377;2#4;90;
0230;145257510;1;0;210;2#4#6;90;
0230;145257511;1;0;16;2#4#6;90;
0230;145257512;1;0;6;2#4#6;90;
0230;145257513;1;0;201;2#4#6;90;
0230;145257514;1;0;50;2#4;90;
0230;145257515;1;0;213;2#4;90;
0230;145257516;1;0;172;2#4;90;
0230;145257517;1;0;255;2#4#6K;90;
0230;145257518;1;0;7;2#4#6K;90;
0230;231638775;1;0;126;2#4#6K;90;
0230;231638776;1;0;197;2#4#6K;90;
0230;145257520;1;0;145;2#4;90;
0230;145257521;1;0;68;2#4;90;
0230;145257522;1;0;115;2#4;90;
0230;145257523;1;0;45;2#4;90;
0230;145257524;1;0;28;2#4;90;
0230;145257525;1;0;19;2#4;90;
0230;145257526;1;0;5;2#4;90;
0230;145257527;1;0;150;2#4;90;
0230;145257528;1;0;136;2#4;90;
0230;145257529;1;0;5;2#4;90;
0230;145257530;1;0;62;2#4;90;
0230;234074144;1;0;320;2#4;90;
0230;234074145;1;0;192;2#4;90;
0230;145257532;1;0;5;2#4;90;
0230;145257533;1;0;147;2#4;90;
0230;145257534;1;0;67;2#4;90;
0230;145257535;1;0;5;2#4;90;
0230;145257536;1;0;11;2#4;90;
0230;231638777;1;0;126;2#4;90;
0230;231638778;1;0;37;2#4;90;
0230;145257538;1;0;156;2#4;90;
0230;145257539;1;0;4;2#4;90;
0230;145257540;1;0;305;2#4;90;
0230;145257541;1;0;391;2#4;90;
0230;145257541;2;254;391;2#4;80;
0230;145257542;1;0;205;2#4;80;
0230;145257543;1;0;215;2#4;80;
0230;145257544;1;0;4;2#4;80;
0230;145257545;1;0;123;2#4;80;
0230;145257546;1;0;207;2#4;80;
0230;145257561;1;0;8;2;80;
0230;145257562;1;0;67;2#2V1;80;
0230;145257563;1;0;12;2#2V1;80;
0230;145257564;1;0;63;2#2V1;80;
0230;145257565;1;0;4;2#2V1;80;
0230;145257566;1;0;10;2#2V1;80;
0230;145257571;1;0;29;2;80;
0230;145257602;1;0;21;2;90;
0230;145257603;1;0;8;2;90;
0230;145257604;1;0;34;2;90;
0230;145257605;1;0;7;2;90;
0230;145257606;1;0;23;2;90;
0230;145257607;1;0;8;2;90;
0230;145257608;1;0;4;2;80;
0230;145257609;1;0;46;2;80;
0230;145257670;1;0;27;2;80;
0230;145257671;1;0;60;2;80;
0230;145257671;2;53;60;2;70;
0230;145257672;1;0;25;2;70;
0230;145257673;1;0;4;2;70;
0230;145257674;1;0;37;2;70;
0230;145257675;1;0;4;2;70;
0230;145257676;1;0;116;2;70;
0230;145257677;1;0;22;2;70;
0230;145257678;1;0;50;2;70;
0230;145258780;1;0;52;2;50;
0230;145258781;1;0;5;2#2V1;50;
0230;145258782;1;0;4;2#2V1;50;
0230;145258783;1;0;21;2#2V1;50;
0230;145258784;1;0;18;2;50;
0230;145258785;1;0;53;2;50;
0230;145258807;1;0;28;2;50;
0230;145258808;1;0;3;2#2V1;50;
0230;145258809;1;0;53;2#2V1;50;
0230;145258810;1;0;37;2#2V1;50;
0230;145258811;1;0;23;2;50;
0230;145258812;1;0;23;2;50;
0230;145258813;1;0;35;2;40;
0230;145258814;1;0;38;2;40;
0230;145258815;1;0;37;2;50;
0230;145258816;1;0;79;2;50;
0230;145258817;1;0;74;2;50;
0230;145258818;1;0;4;2;50;
0230;145258819;1;0;14;2;50;
0230;145258820;1;0;63;2;50;
0230;145258821;1;0;4;2#2V1;50;
0230;145258822;1;0;4;2#2V1;50;
0230;145258823;1;0;42;2#2V1;50;
0230;145258824;1;0;151;2;50;
0230;145258825;1;0;10;2;50;
0230;145258826;1;0;5;2;40;
0230;145258827;1;0;47;2;40;
0230;145258828;1;0;23;2;40;
0230;145258829;1;0;5;2;40;
0230;145258830;1;0;11;2;40;
0230;145258831;1;0;34;2;40;
0230;145258832;1;0;52;2;60;
0230;145258833;1;0;90;2;60;
0230;145258834;1;0;5;2;60;
0230;145258835;1;0;5;2;60;
0230;145258836;1;0;6;2;60;
0230;145258837;1;0;110;2;60;
0230;145258838;1;0;44;2;60;
0230;145258839;1;0;38;2;50;
0230;145258840;1;0;24;2;50;
0230;145258841;1;0;43;2;40;
0230;145258842;1;0;36;2;50;
0230;145258845;1;0;7;2;40;
0230;145258846;1;0;5;2;40;
0230;145258847;1;0;6;2;40;
0230;145258848;1;0;10;2;40;
0230;145258849;1;0;69;2#2V1;40;
0230;145258849;2;35;69;2#2V1;50;
0230;145258850;1;0;80;2;50;
0230;145258851;1;0;30;2;50;
0230;145258852;1;0;68;2;50;
0230;145258853;1;0;11;2;50;
0230;145258854;1;0;88;2;50;
0230;145258855;1;0;72;2#2V1;50;
0230;145258856;1;0;79;2;50;
0230;145258857;1;0;81;2;50;
0230;145258858;1;0;68;2;50;
0230;145258859;1;0;133;2#4;50;
0230;145258885;1;0;39;2;50;
0230;145258886;1;0;49;2;60;
0230;145258887;1;0;24;2;60;
0230;145258888;1;0;7;2;60;
0230;145258889;1;0;8;2;60;
0230;145258890;1;0;6;2;60;
0230;145258891;1;0;15;2;60;
0230;145258892;1;0;62;2;60;
0230;145258893;1;0;38;2;60;
0230;145258894;1;0;37;2;50;
0230;145258895;1;0;62;2;50;
0230;145258896;1;0;25;2;50;
0230;145258897;1;0;33;2;50;
0230;145258898;1;0;26;2;60;
0230;145258899;1;0;9;2;60;
0230;145258900;1;0;4;2;50;
0230;145258901;1;0;39;2;70;
0230;145258902;1;0;63;2;70;
0230;145258903;1;0;4;2#2V1;70;
0230;145258904;1;0;46;2#2V1;70;
0230;145258905;1;0;27;2;70;
0230;145258906;1;0;9;2;70;
0230;145258907;1;0;4;2;70;
0230;145258908;1;0;7;2;70;
0230;145258909;1;0;89;2;70;
0230;145258910;1;0;58;2;70;
0230;145258911;1;0;5;2;70;
0230;145258912;1;0;70;2#2V1;70;
0230;145258913;1;0;66;2;70;
0230;145258914;1;0;36;2;70;
0230;145258915;1;0;8;2;70;
0230;145258919;1;0;1;2;50;
0230;145258920;1;0;81;2;50;
0230;145258921;1;0;50;2;50;
0230;145258925;1;0;24;2;50;
0230;145258926;1;0;36;2;50;
0230;145258927;1;0;27;2;40;
0230;145258928;1;0;13;2;50;
0230;145258929;1;0;17;2;50;
0230;145258930;1;0;17;2;50;
0230;145258931;1;0;6;2;50;
0230;145258932;1;0;4;2;60;
0230;145258933;1;0;26;2;60;
0230;145258934;1;0;23;2;60;
0230;145258935;1;0;5;2;60;
0230;145258936;1;0;11;2;60;
0230;145258937;1;0;6;2;60;
0230;145258938;1;0;30;2;60;
0230;145258939;1;0;14;2;40;
0230;145258940;1;0;4;2;40;
0230;145259659;1;0;47;2;50;
0230;145259660;1;0;26;2;50;
0230;145259661;1;0;33;2;50;
0230;145259662;1;0;37;2;50;
0230;145259663;1;0;50;2;50;
0230;145259664;1;0;10;2;80;
0230;145259665;1;0;6;2;80;
0230;145259666;1;0;37;2;80;
0230;145259667;1;0;9;2;50;
0230;145259668;1;0;31;2;50;
0230;145259669;1;0;8;2;50;
0230;145259670;1;0;43;2;50;
0230;145259671;1;0;8;2;50;
0230;145259672;1;0;26;2;50;
0230;145259673;1;0;13;2;50;
0230;145259674;1;0;15;2;50;
0230;145259675;1;0;25;2;50;
0230;145259676;1;0;13;2;50;
0230;145259677;1;0;21;2;50;
0230;145259680;1;0;25;2;50;
0230;145259681;1;0;104;2;50;
0230;145259682;1;0;5;2;50;
0230;145259683;1;0;32;2;50;
0230;145259684;1;0;12;2;50;
0230;145259685;1;0;33;2;50;
0230;145259686;1;0;36;2;50;
0230;145259904;1;0;41;2;40;
0230;145259905;1;0;39;2;40;
0230;145259906;1;0;32;2;40;
0230;145259907;1;0;5;2;40;
0230;145259908;1;0;30;2;40;
0230;145259911;1;0;35;2;40;
0230;145259912;1;0;9;2;40;
0230;145259919;1;0;9;2;40;
0230;145259920;1;0;30;2;40;
0230;145259921;1;0;13;2;40;
0230;145259922;1;0;47;2;30;
0230;145259923;1;0;31;2;40;
0230;145259924;1;0;21;2;30;
0230;145259925;1;0;9;2;40;
0230;145259926;1;0;30;2;40;
0230;145259927;1;0;36;2;40;
0230;145260434;1;0;19;1#2;30;
0230;264895021;1;0;11;1#2;30;
0230;264895022;1;0;30;1#2;30;
0230;145260436;1;0;103;1#2;30;
0230;145260437;1;0;69;1#2;30;
0230;145260439;1;0;160;1#2;50;
0230;145260439;2;50;160;1#2;40;
0230;145260441;1;0;18;2;30;
0230;145260442;1;0;83;1#2;30;
0230;145260443;1;0;54;1#2;30;
0230;145260445;1;0;18;1;30;
0230;145260446;1;0;21;2;50;
0230;145260447;1;0;21;1;50;
0230;145260448;1;0;18;2;30;
0230;145260449;1;0;18;1;30;
0230;145260450;1;0;22;2;50;
0230;145260451;1;0;15;1#2;50;
0230;145260453;1;0;22;1;50;
0230;145260455;1;0;41;1#2;30;
0230;145260456;1;0;25;1;30;
0230;145260458;1;0;54;1#2;30;
0230;145260459;1;0;25;2;30;
0230;145260460;1;0;26;2;40;
0230;145260461;1;0;26;1;40;
0230;145260462;1;0;27;2;40;
0230;145260464;1;0;12;1#2;40;
0230;145260465;1;0;47;1#2;40;
0230;145260467;1;0;27;1;40;
0230;145260469;1;0;21;1#2;40;
0230;145260470;1;0;23;1#2;40;
0230;145260471;1;0;81;1#2;40;
0230;264895023;1;0;11;1#2;40;
0230;264895024;1;0;13;1#2;40;
0230;145260473;1;0;33;1;30;
0230;145260474;1;0;33;2;30;
0230;145260475;1;0;29;2;40;
0230;145260476;1;0;29;1;40;
0230;145260477;1;0;28;2;40;
0230;145260478;1;0;28;1;40;
0230;145260482;1;0;10;1#2;30;
0230;145260485;1;0;5;1#2;30;
0230;145260486;1;0;18;1#2;30;
0230;145260487;1;0;8;1;50;
0230;145260488;1;0;6;1;50;
0230;145260489;1;0;5;1;50;
0230;145260490;1;0;9;1;50;
0230;145260491;1;0;8;1;50;
0230;145260492;1;0;7;1;50;
0230;145260493;1;0;10;1;50;
0230;145260494;1;0;5;1;50;
0230;145260495;1;0;5;1;50;
0230;145260496;1;0;5;1;50;
0230;145260497;1;0;4;1;50;
0230;145260498;1;0;5;1;50;
0230;264895025;1;0;15;1;50;
0230;264895026;1;0;8;1;50;
0230;145260500;1;0;7;1;50;
0230;145260501;1;0;7;1;50;
0230;145260502;1;0;6;1;50;
0230;145260503;1;0;6;1;50;
0230;145260504;1;0;6;1;50;
0230;145260505;1;0;4;1;50;
0230;145260506;1;0;9;1;50;
0230;145260507;1;0;8;1;50;
0230;145260508;1;0;9;1;50;
0230;145260509;1;0;13;1;50;
0230;145260510;1;0;7;1;50;
0230;145260511;1;0;7;1;50;
0230;145260512;1;0;5;1;50;
0230;145260513;1;0;6;1;50;
0230;145260514;1;0;5;1;50;
0230;145260515;1;0;7;1;50;
0230;145260516;1;0;7;1;50;
0230;145260636;1;0;20;1;90;
0230;145260638;1;0;286;1;90;
0230;145260639;1;0;264;1;90;
0230;145260640;1;0;19;1;90;
0230;151817045;1;0;6;1;40;
0230;151817046;1;0;13;1;40;
0230;151817047;1;0;14;1;40;
0230;151817048;1;0;7;1;40;
0230;151817049;1;0;5;1;40;
0230;151817050;1;0;7;1;40;
0230;151817051;1;0;6;1;50;
0230;151817052;1;0;9;1;50;
0230;151817053;1;0;8;1;50;
0230;151817054;1;0;11;1;50;
0230;151817055;1;0;11;1;50;
0230;151817056;1;0;10;1;50;
0230;151817057;1;0;33;1;50;
0230;151817058;1;0;9;1;50;
0230;151817059;1;0;8;1;50;
0230;151817060;1;0;22;1;50;
0230;151817061;1;0;5;1;50;
0230;151817062;1;0;6;1;50;
0230;151817063;1;0;22;1;50;
0230;151817064;1;0;5;1;50;
0230;151817065;1;0;7;1;50;
0230;151817066;1;0;23;1;50;
0230;151817067;1;0;5;1;50;
0230;151817068;1;0;8;1;50;
0230;151817069;1;0;10;1;50;
0230;151817070;1;0;10;1;50;
0230;151817071;1;0;6;1;50;
0230;151817072;1;0;5;1;50;
0230;151817073;1;0;29;1;50;
0230;151817074;1;0;5;1;50;
0230;151817075;1;0;6;1;50;
0230;151817076;1;0;7;1;50;
0230;151817077;1;0;6;1;50;
0230;151817078;1;0;6;1;50;
0230;151817079;1;0;10;1;50;
0230;151817080;1;0;5;1;50;
0230;151817081;1;0;6;1;50;
0230;151817082;1;0;48;1#2;50;
0230;151817083;1;0;105;1#2;30;
0230;151817084;1;0;339;2#4;50;
0230;151817086;1;0;339;1#3;50;
0230;151817091;1;0;132;2#4;50;
0230;151817093;1;0;132;1#3;50;
0230;151817094;1;0;147;2#4;50;
0230;151817096;1;0;147;1#3;50;
0230;151817097;1;0;160;1#3;50;
0230;151817099;1;0;160;2#4;50;
0230;151817101;1;0;89;1#2;50;
0230;151817102;1;0;32;2;50;
0230;151817103;1;0;32;1;50;
0230;151817105;1;0;79;1;40;
0230;151817106;1;0;79;2;40;
0230;151817107;1;0;84;1#2;30;
0230;151817108;1;0;24;1#2;40;
0230;158546416;1;0;8;1;50;
0230;158546416;1;0;8;1;50;
0230;158546417;1;0;7;1;50;
0230;158546417;1;0;7;1;50;
0230;158546418;1;0;8;1;50;
0230;158546419;1;0;7;1;50;
0230;159716036;1;0;84;1#2;50;
0230;186066409;1;0;24;1#2;30;
0230;186066410;1;0;158;1#2;30;
0230;186066411;1;0;22;1#2;30;
0230;186066412;1;0;96;1#2;30;
0230;186066413;1;0;255;1#2;30;
0230;186066414;1;0;239;1#2;30;
0230;218882642;1;0;53;2#4;50;
0230;218882643;1;0;29;2#4;50;
0230;218882644;1;0;102;2#4;50;
0230;218882644;1;0;102;2#4;50;
0230;218882645;1;0;70;2#4;50;
0230;218882645;1;0;70;2#4;50;
0230;218882646;1;0;53;1#3;50;
0230;218882647;1;0;29;1#3;50;
0230;218882648;1;0;102;1#3;50;
0230;218882648;1;0;102;1#3;50;
0230;218882649;1;0;70;1#3;50;
0230;218882649;1;0;70;1#3;50;
0230;237411490;1;0;35;1;70;
0230;237411491;1;0;8;1;70;
0230;237411492;1;0;11;1;70;
0230;237411493;1;0;9;1;70;
0230;237411494;1;0;7;1;70;
0230;237411495;1;0;10;1;70;
0230;237411496;1;0;5;1;70;
0230;237411497;1;0;11;1;70;
0230;237411498;1;0;9;1;70;
0230;237411499;1;0;52;2;50;
0230;237411502;1;0;8;1;50;
0230;237411503;1;0;44;1;50;
0230;237411504;1;0;4;1;80;
0230;237411505;1;0;9;1;80;
0230;237411506;1;0;10;1;80;
0230;237411507;1;0;16;1;80;
0230;237411508;1;0;8;1;80;
0230;237411509;1;0;11;1;80;
0230;237411510;1;0;11;1;80;
0230;237411511;1;0;7;1;80;
0230;237411512;1;0;7;1;80;
0230;237411513;1;0;6;1;80;
0230;237411514;1;0;8;1;80;
0230;237411515;1;0;9;1;80;
0230;237411516;1;0;79;1;80;
0230;237411518;1;0;79;2;80;
0230;237411519;1;0;35;1#2;50;
0230;237411523;1;0;18;1;50;
0230;237411524;1;0;18;2;50;
0230;237411525;1;0;63;2;50;
0230;237411527;1;0;63;1;50;
0230;237411528;1;0;3;1;50;
0230;237411529;1;0;6;1;50;
0230;237411530;1;0;7;1;50;
0230;237411531;1;0;6;1;50;
0230;237411532;1;0;5;1;50;
0230;237411533;1;0;4;1;50;
0230;237411534;1;0;3;1;50;
0230;237411535;1;0;6;1;50;
0230;237411536;1;0;8;1;50;
0230;237411537;1;0;8;1;50;
0230;237411538;1;0;5;1;50;
0230;237411539;1;0;4;1;50;
0230;237411540;1;0;14;1;30;
0230;237411542;1;0;191;1#2;30;
0230;237411543;1;0;14;2;30;
0230;237411544;1;0;12;2;50;
0230;237411546;1;0;42;1#2;50;
0230;237411547;1;0;12;1;50;
0230;237411548;1;0;297;2;70;
0230;237411550;1;0;297;1;70;
0230;237411551;1;0;88;2;30;
0230;237411553;1;0;88;1;30;
0230;237411554;1;0;427;2;70;
0230;237411556;1;0;427;1;70;
0230;237411557;1;0;118;1;30;
0230;237411559;1;0;118;2;30;
0230;237411560;1;0;38;2;80;
0230;237411562;1;0;38;1;80;
0230;237411563;1;0;69;2;80;
0230;237411564;1;0;35;2;80;
0230;237411565;1;0;58;2;80;
0230;237411570;1;0;35;1;80;
0230;237411571;1;0;127;1;80;
0230;237411577;1;0;8;1#2;30;
0230;237411578;1;0;8;1;80;
0230;237411579;1;0;8;1;80;
0230;237411580;1;0;7;1;80;
0230;237411581;1;0;2;1;80;
0230;237411582;1;0;11;1;80;
0230;237411583;1;0;8;1;80;
0230;237411584;1;0;8;1;80;
0230;237411585;1;0;8;1;80;
0230;237411586;1;0;11;1;80;
0230;237411587;1;0;15;1;80;
0230;237411588;1;0;8;1;80;
0230;237411589;1;0;11;1;80;
0230;264895027;1;0;83;1#2;30;
0230;264895028;1;0;91;1#2;30;
0230;264895029;1;0;90;1#2;30;
0230;264895030;1;0;49;1#2;30;
0230;264895031;1;0;52;1#2;30;
0230;264895032;1;0;76;1#2;30;
0230;264895033;1;0;97;1#2;30;
0230;264895034;1;0;73;1#2;30;
0230;264895035;1;0;141;1#2;30;
0230;264895036;1;0;280;1#2;30;
0230;264895037;1;0;61;1#2;30;
0230;264895038;1;0;63;1#2;30;
0230;264895039;1;0;11;1#2;30;
0230;264895040;1;0;102;1#2;30;
0230;264895041;1;0;72;1#2;30;
0230;264895042;1;0;30;1#2;30;
0230;264895043;1;0;139;1#2;30;
0230;264895044;1;0;74;1#2;30;
0230;264895045;1;0;114;1#2;30;
0230;264895046;1;0;27;1#2;30;
0230;264895047;1;0;89;1#2;30;
0230;264895048;1;0;51;1#2;30;
0230;264895049;1;0;48;1#2;30;
0230;264895050;1;0;36;1#2;30;
0230;264895051;1;0;47;1#2;30;
0230;264895052;1;0;48;1#2;30;
0230;264895053;1;0;101;1#2;30;
0230;264895054;1;0;99;1#2;30;
0230;264895055;1;0;160;1#2;30;
0230;264895056;1;0;121;1#2;30;
0230;264895057;1;0;35;1#2;30;
0230;264895185;1;0;89;1#2;30;
0230;264895186;1;0;156;1#2;30;
0230;264895187;1;0;167;1#2;30;
0230;264895188;1;0;45;1#2;30;
0230;264895189;1;0;9;1#2;30;
0230;264895190;1;0;52;1#2;30;
0230;264895191;1;0;39;1#2;30;
0230;264895192;1;0;64;1#2;30;
0230;264895193;1;0;66;1#2;30;
0230;264895194;1;0;15;1#2;30;
0230;264895195;1;0;10;1#2;30;
0230;264895196;1;0;48;1#2;30;
0230;264895197;1;0;87;1#2;30;
0230;264895198;1;0;135;1#2;30;
0230;264895199;1;0;73;1#2;30;
0230;264895200;1;0;100;1#2;30;
0230;264895201;1;0;67;1#2;30;
0230;264895202;1;0;81;1#2;30;
0230;264895203;1;0;3;1#2;30;
0230;264895204;1;0;35;1#2;30;
0230;264895205;1;0;95;1#2;30;
0230;264895206;1;0;66;1#2;30;
0230;264895207;1;0;23;1#2;30;
0230;264895208;1;0;29;1#2;30;
0230;264895209;1;0;94;1#2;30;
0230;264895210;1;0;116;1#2;30;
0230;264895211;1;0;12;1#2;30;
0230;264895212;1;0;13;1#2;30;
0230;264895213;1;0;95;1#2;30;
0230;264895214;1;0;210;1#2;30;
0230;264931687;1;0;186;1#2;30;
0230;264931688;1;0;25;1;30;
0230;264931690;1;0;7;1#2;30;
0230;264931691;1;0;25;2;30;
0230;264931692;1;0;58;1#2;30;
0230;264931693;1;0;37;1#2;30;
0230;264931694;1;0;30;1#2;30;
0230;264931695;1;0;38;1#2;30;
0230;264931696;1;0;26;1#2;30;
0230;264931697;1;0;8;1#2;30;
0230;264931698;1;0;39;1#2;30;
0230;264931699;1;0;31;1#2;30;
0230;264931700;1;0;14;1#2;30;
0230;264931701;1;0;92;1#2;30;
0230;264931702;1;0;58;1#2;30;
0230;264931703;1;0;41;1#2;30;
0230;264931704;1;0;35;1#2;30;
0230;264931705;1;0;19;1#2;30;
0230;264931706;1;0;93;1#2;30;
0230;264931707;1;0;50;1#2;30;
0230;265085257;1;0;172;1#2;30;
0230;265085258;1;0;179;1#2;30;
0230;265085259;1;0;146;1#2;30;
0230;265085260;1;0;57;1#2;30;
0230;265085261;1;0;230;1#2;30;
0230;265085262;1;0;74;1#2;30;
0230;265085263;1;0;60;1#2;30;
0230;265085264;1;0;69;1#2;30;
0230;265085265;1;0;77;1#2;30;
0230;265085266;1;0;425;1#2;30;
0230;265085267;1;0;191;1#2;50;
0230;265085268;1;0;87;1#2;50;
0230;265085269;1;0;212;1#2;30;
0230;265085270;1;0;150;1#2;30;
