*0230*2011 VEGNETT*20110511*INNF*20110511*VDB SVNT*AHT
..Eksport-dato 20110511


Komm; TransID;kode;Fra;   Til;felt;Retning;
0230;145181564;1;0;17;1;2;
0230;145181565;1;0;38;1;2;
0230;231638742;1;0;42;1;2;
0230;231638743;1;0;9;1;2;
0230;145181567;1;0;10;1;2;
0230;231638744;1;0;11;1;2;
0230;231638745;1;0;110;1;2;
0230;145181571;1;0;123;1;2;
0230;231638746;1;0;38;1;2;
0230;231638747;1;0;8;1;2;
0230;145181573;1;0;60;1;2;
0230;145181574;1;0;40;1;2;
0230;145181575;1;0;87;1;2;
0230;145238700;1;0;166;1;2;
0230;145238701;1;0;363;1;2;
0230;145238766;1;0;5;1S;2;
0230;145238767;1;0;415;1;2;
0230;145238768;1;0;181;1;2;
0230;145238770;1;0;141;1;2;
0230;145238771;1;0;6;1S;2;
0230;145238772;1;0;10;1S;2;
0230;145238773;1;0;156;1;2;
0230;145238775;1;0;515;1;2;
0230;145238778;1;0;274;1;2;
0230;145238785;1;0;10;1S;2;
0230;145238786;1;0;296;1;2;
0230;145238787;1;0;202;1;2;
0230;145238790;1;0;279;1;2;
0230;145238791;1;0;104;1;2;
0230;145238794;1;0;170;1;2;
0230;145238795;1;0;35;1;2;
0230;145238796;1;0;11;1S;2;
0230;145238800;1;0;302;1;2;
0230;145238802;1;0;10;1S;2;
0230;145238803;1;0;116;1;2;
0230;145238804;1;0;185;1;2;
0230;145238807;1;0;191;1;2;
0230;145238808;1;0;11;1S;2;
0230;145238810;1;0;216;1;2;
0230;145238811;1;0;18;1;2;
0230;145238812;1;0;6;1;2;
0230;145238813;1;0;6;1;2;
0230;145238814;1;0;163;1;2;
0230;145238815;1;0;30;1;2;
0230;145238818;1;0;161;1;2;
0230;145238823;1;0;11;1S;2;
0230;145238824;1;0;260;1;2;
0230;145238856;1;0;16;1;2;
0230;145238857;1;0;6;1;2;
0230;145238858;1;0;5;1;2;
0230;145238859;1;0;5;1;2;
0230;145238860;1;0;12;1;2;
0230;145238861;1;0;4;1;2;
0230;145238862;1;0;9;1;2;
0230;145238863;1;0;5;1;2;
0230;145238864;1;0;11;1;2;
0230;145238865;1;0;6;1;2;
0230;145238866;1;0;8;1;2;
0230;145238867;1;0;8;1;2;
0230;145238868;1;0;14;1;2;
0230;145238869;1;0;8;1;2;
0230;145238870;1;0;8;1;2;
0230;145244726;1;0;6;1;2;
0230;145244727;1;0;6;1;2;
0230;145244728;1;0;5;1;2;
0230;145244729;1;0;13;1;2;
0230;145244730;1;0;4;1;2;
0230;145244731;1;0;5;1;2;
0230;145244732;1;0;12;1;2;
0230;145244733;1;0;5;1;2;
0230;145244734;1;0;6;1;2;
0230;145244735;1;0;12;1;2;
0230;145244736;1;0;4;1;2;
0230;145244737;1;0;5;1;2;
0230;145244738;1;0;8;1;2;
0230;145244739;1;0;2;1;2;
0230;145244740;1;0;7;1;2;
0230;145244741;1;0;13;1;2;
0230;145244742;1;0;5;1;2;
0230;145244743;1;0;4;1;2;
0230;145244744;1;0;11;1;2;
0230;145244745;1;0;4;1;2;
0230;145244746;1;0;6;1;2;
0230;145244747;1;0;12;1;2;
0230;145244748;1;0;7;1;2;
0230;145244749;1;0;5;1;2;
0230;145244750;1;0;6;1;2;
0230;145244751;1;0;7;1;2;
0230;145244752;1;0;7;1;2;
0230;145244753;1;0;8;1;2;
0230;145244754;1;0;7;1;2;
0230;145244755;1;0;5;1;2;
0230;145244756;1;0;5;1;2;
0230;145244757;1;0;6;1;2;
0230;145244758;1;0;18;1;2;
0230;145244759;1;0;3;1;2;
0230;145244760;1;0;9;1;2;
0230;145244761;1;0;6;1;2;
0230;145244762;1;0;5;1;2;
0230;145244763;1;0;8;1;2;
0230;145244764;1;0;7;1;2;
0230;145244765;1;0;21;1;2;
0230;145244766;1;0;6;1;2;
0230;145244767;1;0;6;1;2;
0230;145244768;1;0;10;1;2;
0230;145244769;1;0;7;1;2;
0230;145244770;1;0;6;1;2;
0230;145244771;1;0;7;1;2;
0230;145244772;1;0;7;1;2;
0230;145244773;1;0;3;1;2;
0230;145244774;1;0;16;1;2;
0230;145244775;1;0;3;1;2;
0230;145244776;1;0;8;1;2;
0230;145244777;1;0;10;1;2;
0230;145244778;1;0;22;1;2;
0230;145244779;1;0;10;1;2;
0230;145244780;1;0;8;1;2;
0230;145244856;1;0;6;1;2;
0230;145244857;1;0;5;1;2;
0230;145244858;1;0;9;1;2;
0230;145244859;1;0;24;1;2;
0230;145244860;1;0;6;1;2;
0230;145244861;1;0;5;1;2;
0230;145244862;1;0;9;1;2;
0230;145244863;1;0;5;1;2;
0230;145244864;1;0;7;1;2;
0230;145244865;1;0;6;1;2;
0230;145244866;1;0;5;1;2;
0230;145244867;1;0;6;1;2;
0230;145244868;1;0;6;1;2;
0230;145244869;1;0;5;1;2;
0230;145244870;1;0;5;1;2;
0230;145244871;1;0;8;1;2;
0230;145244872;1;0;8;1;2;
0230;145244873;1;0;8;1;2;
0230;145244874;1;0;6;1;2;
0230;264931683;1;0;3;1;2;
0230;264931684;1;0;2;1;2;
0230;264931685;1;0;3;1;2;
0230;264931686;1;0;2;1;2;
0230;145244876;1;0;5;1;2;
0230;145244877;1;0;6;1;2;
0230;145244878;1;0;8;1;2;
0230;145244879;1;0;5;1;2;
0230;145244880;1;0;7;1;2;
0230;145244881;1;0;9;1;2;
0230;145244882;1;0;6;1;2;
0230;145244883;1;0;6;1;2;
0230;145244893;1;0;5;1;2;
0230;145244894;1;0;9;1;2;
0230;145244895;1;0;6;1;2;
0230;145244896;1;0;9;1;2;
0230;145244897;1;0;8;1;2;
0230;145244898;1;0;22;1;2;
0230;145244899;1;0;9;1;2;
0230;145244900;1;0;8;1;2;
0230;145244901;1;0;11;1;2;
0230;145244902;1;0;10;1;2;
0230;145244903;1;0;14;1;2;
0230;145244904;1;0;9;1;2;
0230;145244905;1;0;6;1;2;
0230;145244906;1;0;9;1;2;
0230;145244907;1;0;5;1;2;
0230;145244908;1;0;6;1;2;
0230;145244909;1;0;8;1;2;
0230;145244910;1;0;34;1;2;
0230;145244911;1;0;6;1;2;
0230;145244912;1;0;5;1;2;
0230;145244913;1;0;14;1;2;
0230;145244914;1;0;5;1;2;
0230;145244915;1;0;13;1;2;
0230;145244916;1;0;8;1;2;
0230;145244917;1;0;2;1;2;
0230;145244918;1;0;3;1;2;
0230;145244919;1;0;5;1;2;
0230;145244951;1;0;2;1;2;
0230;145244952;1;0;6;1;2;
0230;145244953;1;0;10;1;2;
0230;145244954;1;0;6;1;2;
0230;145244955;1;0;10;1;2;
0230;145244956;1;0;13;1;2;
0230;145244957;1;0;8;1;2;
0230;145244958;1;0;8;1;2;
0230;145245020;1;0;6;1;2;
0230;145245021;1;0;5;1;2;
0230;145245022;1;0;5;1;2;
0230;145245023;1;0;6;1;2;
0230;145245024;1;0;5;1;2;
0230;145245025;1;0;4;1;2;
0230;145245026;1;0;5;1;2;
0230;145245027;1;0;5;1;2;
0230;145245028;1;0;6;1;2;
0230;145245029;1;0;6;1;2;
0230;145245030;1;0;5;1;2;
0230;145245031;1;0;4;1;2;
0230;145250339;1;0;8;1S;2;
0230;231638757;1;0;52;1;2;
0230;231638758;1;0;37;1;2;
0230;145250341;1;0;156;1;2;
0230;145250342;1;0;171;1;2;
0230;231638759;1;0;422;1;2;
0230;231638760;1;0;80;1;2;
0230;145250346;1;0;10;1S;2;
0230;145250347;1;0;7;1S;2;
0230;145250348;1;0;60;1;2;
0230;145250354;1;0;113;1;2;
0230;145250355;1;0;7;1;2;
0230;145253691;1;0;367;1#3;2;
0230;231638761;1;0;10;1#3;2;
0230;231638762;1;0;194;1#3#5;2;
0230;145253693;1;0;9;1#3#5;2;
0230;145253694;1;0;7;1#3#5;2;
0230;145253695;1;0;16;1#3#5;2;
0230;145253696;1;0;187;1#3#5;2;
0230;231638763;1;0;20;1#3#5;2;
0230;231638764;1;0;28;1#3;2;
0230;145253698;1;0;204;1#3;2;
0230;145253699;1;0;166;1#3;2;
0230;231638765;1;0;37;1#3;2;
0230;231638766;1;0;210;1#3;2;
0230;145253701;1;0;7;1#3;2;
0230;145253702;1;0;38;1#3;2;
0230;231638767;1;0;7;1#3;2;
0230;231638768;1;0;94;1#3#5K;2;
0230;231638769;1;0;229;1#3#5K;2;
0230;231638770;1;0;85;1#3;2;
0230;145253705;1;0;60;1#3;2;
0230;145253706;1;0;68;1#3;2;
0230;145253707;1;0;51;1#3;2;
0230;145253708;1;0;38;1#3;2;
0230;145253709;1;0;26;1#3;2;
0230;145253710;1;0;8;1#3;2;
0230;145253711;1;0;12;1#3;2;
0230;145253712;1;0;8;1#3;2;
0230;145253713;1;0;17;1#3;2;
0230;145253714;1;0;28;1#3;2;
0230;145253715;1;0;98;1#3;2;
0230;145253716;1;0;136;1#3;2;
0230;145253717;1;0;59;1#3;2;
0230;145253718;1;0;84;1#3;2;
0230;145253719;1;0;418;1#3;2;
0230;145253720;1;0;144;1#3;2;
0230;145253721;1;0;68;1#3;2;
0230;145253722;1;0;12;1#3;2;
0230;145253723;1;0;22;1#3;2;
0230;145253724;1;0;136;1#3;2;
0230;145253725;1;0;154;1#3;2;
0230;145253726;1;0;116;1#3;2;
0230;145253727;1;0;56;1#3;2;
0230;145253728;1;0;129;1#3;2;
0230;145253729;1;0;382;1#3;2;
0230;145253730;1;0;129;1#3;2;
0230;145253731;1;0;73;1#3;2;
0230;145253732;1;0;132;1#3;2;
0230;145253733;1;0;112;1#3;2;
0230;145253734;1;0;159;1#3;2;
0230;145253735;1;0;71;1#3;2;
0230;145253736;1;0;207;1#3;2;
0230;145253751;1;0;8;1;2;
0230;145253752;1;0;67;1#3;2;
0230;145253753;1;0;12;1#1V1;2;
0230;145253754;1;0;3;1#1V1;2;
0230;145253755;1;0;61;1#1V1;2;
0230;145253756;1;0;3;1#1V1;2;
0230;145253757;1;0;10;1#1V1;2;
0230;145253762;1;0;29;1;2;
0230;145253763;1;0;9;1;2;
0230;145253794;1;0;20;1;2;
0230;145253795;1;0;15;1;2;
0230;145253796;1;0;11;1;2;
0230;145253797;1;0;12;1;2;
0230;145253798;1;0;10;1;2;
0230;145253799;1;0;7;1;2;
0230;145253800;1;0;21;1;2;
0230;145253801;1;0;8;1;2;
0230;145253802;1;0;34;1;2;
0230;145253803;1;0;7;1;2;
0230;145253804;1;0;23;1;2;
0230;145253805;1;0;8;1;2;
0230;145253806;1;0;11;1;2;
0230;145253807;1;0;9;1;2;
0230;145253808;1;0;11;1;2;
0230;145253809;1;0;17;1;2;
0230;145253810;1;0;4;1;2;
0230;145253811;1;0;46;1;2;
0230;145253812;1;0;10;1;2;
0230;145253813;1;0;8;1;2;
0230;145253814;1;0;9;1;2;
0230;145253815;1;0;9;1;2;
0230;145253816;1;0;9;1;2;
0230;145253817;1;0;11;1;2;
0230;145253820;1;0;10;1;2;
0230;145253883;1;0;27;1;2;
0230;145253884;1;0;60;1;2;
0230;145253885;1;0;25;1;2;
0230;145253886;1;0;41;1;2;
0230;145253887;1;0;120;1;2;
0230;145253888;1;0;22;1;2;
0230;145253889;1;0;50;1;2;
0230;145254979;1;0;52;1;2;
0230;145254980;1;0;5;1;2;
0230;145254981;1;0;25;1;2;
0230;145254982;1;0;9;1;2;
0230;145254983;1;0;9;1;2;
0230;145254984;1;0;9;1;2;
0230;145254985;1;0;44;1;2;
0230;145255010;1;0;22;1;2;
0230;145255011;1;0;6;1;2;
0230;145255012;1;0;6;1#1H1;2;
0230;145255013;1;0;50;1#1H1;2;
0230;145255014;1;0;37;1;2;
0230;145255015;1;0;23;1;2;
0230;145255016;1;0;23;1;2;
0230;145255017;1;0;35;1;2;
0230;145255018;1;0;38;1;2;
0230;145255019;1;0;37;1;2;
0230;145255020;1;0;79;1;2;
0230;145255021;1;0;75;1#1V1;2;
0230;145255022;1;0;3;1;2;
0230;145255023;1;0;75;1;2;
0230;145255024;1;0;2;1;2;
0230;145255025;1;0;4;1;2;
0230;145255026;1;0;11;1;2;
0230;145255027;1;0;35;1;2;
0230;145255028;1;0;151;1;2;
0230;145255029;1;0;10;1;2;
0230;145255030;1;0;5;1;2;
0230;145255031;1;0;47;1;2;
0230;145255032;1;0;25;1;2;
0230;145255033;1;0;3;1;2;
0230;145255034;1;0;11;1;2;
0230;145255035;1;0;34;1;2;
0230;145255036;1;0;52;1;2;
0230;145255037;1;0;95;1#1V1;2;
0230;145255038;1;0;5;1;2;
0230;145255039;1;0;116;1;2;
0230;145255040;1;0;44;1;2;
0230;145255041;1;0;38;1;2;
0230;145255042;1;0;24;1;2;
0230;145255043;1;0;43;1;2;
0230;145255044;1;0;36;1;2;
0230;145255047;1;0;12;1;2;
0230;145255048;1;0;11;1;2;
0230;145255049;1;0;5;1;2;
0230;145255050;1;0;10;1;2;
0230;145255051;1;0;59;1;2;
0230;145255052;1;0;80;1#1V1;2;
0230;145255053;1;0;30;1;2;
0230;145255054;1;0;68;1#1V1;2;
0230;145255055;1;0;11;1#1V1;2;
0230;145255056;1;0;77;1;2;
0230;145255057;1;0;11;1;2;
0230;145255058;1;0;9;1;2;
0230;145255059;1;0;63;1;2;
0230;145255060;1;0;79;1;2;
0230;145255061;1;0;81;1#1H1;2;
0230;145255062;1;0;68;1;2;
0230;145255063;1;0;133;1#3;2;
0230;145255094;1;0;39;1;2;
0230;145255095;1;0;49;1;2;
0230;145255096;1;0;24;1#1V1;2;
0230;145255097;1;0;15;1#1V1;2;
0230;145255098;1;0;21;1#1V1;2;
0230;145255099;1;0;62;1;2;
0230;145255100;1;0;38;1;2;
0230;145255101;1;0;37;1;2;
0230;145255102;1;0;62;1;2;
0230;145255103;1;0;25;1;2;
0230;145255104;1;0;33;1;2;
0230;145255105;1;0;26;1;2;
0230;145255106;1;0;9;1;2;
0230;145255107;1;0;4;1;2;
0230;145255108;1;0;39;1;2;
0230;145255109;1;0;63;1;2;
0230;145255110;1;0;4;1;2;
0230;145255111;1;0;46;1;2;
0230;145255112;1;0;36;1#1V1;2;
0230;145255113;1;0;4;1#1V1;2;
0230;145255114;1;0;96;1;2;
0230;145255115;1;0;54;1;2;
0230;145255116;1;0;4;1;2;
0230;145255117;1;0;4;1;2;
0230;145255118;1;0;71;1;2;
0230;145255119;1;0;66;1;2;
0230;145255120;1;0;36;1;2;
0230;145255121;1;0;8;1;2;
0230;145255125;1;0;1;1;2;
0230;145255126;1;0;81;1;2;
0230;145255127;1;0;50;1;2;
0230;145255133;1;0;24;1;2;
0230;145255134;1;0;36;1;2;
0230;145255135;1;0;27;1;2;
0230;145255136;1;0;13;1;2;
0230;145255137;1;0;17;1;2;
0230;145255138;1;0;17;1;2;
0230;145255139;1;0;6;1;2;
0230;145255140;1;0;4;1;2;
0230;145255141;1;0;26;1;2;
0230;145255142;1;0;23;1;2;
0230;145255143;1;0;5;1;2;
0230;145255144;1;0;11;1;2;
0230;145255145;1;0;6;1;2;
0230;145255146;1;0;30;1;2;
0230;145255147;1;0;14;1;2;
0230;145255148;1;0;4;1;2;
0230;145255922;1;0;8;1;2;
0230;145255923;1;0;5;1;2;
0230;145255924;1;0;7;1;2;
0230;145255925;1;0;7;1;2;
0230;145255926;1;0;47;1;2;
0230;145255927;1;0;26;1;2;
0230;145255928;1;0;33;1;2;
0230;145255929;1;0;37;1;2;
0230;145255930;1;0;50;1;2;
0230;145255931;1;0;10;1;2;
0230;145255932;1;0;43;1;2;
0230;145255933;1;0;9;1;2;
0230;145255934;1;0;31;1;2;
0230;145255937;1;0;8;1;2;
0230;145255938;1;0;43;1;2;
0230;145255939;1;0;8;1;2;
0230;145255940;1;0;26;1;2;
0230;145255941;1;0;13;1;2;
0230;145255942;1;0;15;1;2;
0230;145255943;1;0;25;1;2;
0230;145255944;1;0;13;1;2;
0230;145255945;1;0;21;1;2;
0230;145255948;1;0;25;1;2;
0230;145255949;1;0;104;1;2;
0230;145255950;1;0;5;1;2;
0230;145255951;1;0;32;1;2;
0230;145255952;1;0;12;1;2;
0230;145255953;1;0;33;1;2;
0230;145255954;1;0;36;1;2;
0230;145256240;1;0;41;1;2;
0230;145256241;1;0;39;1;2;
0230;145256242;1;0;32;1;2;
0230;145256245;1;0;5;1;2;
0230;145256246;1;0;30;1;2;
0230;145256249;1;0;35;1;2;
0230;145256250;1;0;9;1;2;
0230;145256259;1;0;9;1;2;
0230;145256260;1;0;30;1;2;
0230;145256263;1;0;13;1;2;
0230;145256264;1;0;47;1;2;
0230;145256265;1;0;31;1;2;
0230;145256268;1;0;21;1;2;
0230;145256269;1;0;9;1;2;
0230;145256270;1;0;30;1;2;
0230;145256271;1;0;36;1;2;
0230;145257509;1;0;377;2#4;1;
0230;145257510;1;0;210;2#4#6;1;
0230;145257511;1;0;16;2#4#6;1;
0230;145257512;1;0;6;2#4#6;1;
0230;145257513;1;0;201;2#4#6;1;
0230;145257514;1;0;50;2#4;1;
0230;145257515;1;0;213;2#4;1;
0230;145257516;1;0;172;2#4;1;
0230;145257517;1;0;255;2#4#6K;1;
0230;145257518;1;0;7;2#4#6K;1;
0230;231638775;1;0;126;2#4#6K;1;
0230;231638776;1;0;197;2#4#6K;1;
0230;145257520;1;0;145;2#4;1;
0230;145257521;1;0;68;2#4;1;
0230;145257522;1;0;115;2#4;1;
0230;145257523;1;0;45;2#4;1;
0230;145257524;1;0;28;2#4;1;
0230;145257525;1;0;19;2#4;1;
0230;145257526;1;0;5;2#4;1;
0230;145257527;1;0;150;2#4;1;
0230;145257528;1;0;136;2#4;1;
0230;145257529;1;0;5;2#4;1;
0230;145257530;1;0;62;2#4;1;
0230;234074144;1;0;320;2#4;1;
0230;234074145;1;0;192;2#4;1;
0230;145257532;1;0;5;2#4;1;
0230;145257533;1;0;147;2#4;1;
0230;145257534;1;0;67;2#4;1;
0230;145257535;1;0;5;2#4;1;
0230;145257536;1;0;11;2#4;1;
0230;231638777;1;0;126;2#4;1;
0230;231638778;1;0;37;2#4;1;
0230;145257538;1;0;156;2#4;1;
0230;145257539;1;0;4;2#4;1;
0230;145257540;1;0;305;2#4;1;
0230;145257541;1;0;391;2#4;1;
0230;145257542;1;0;205;2#4;1;
0230;145257543;1;0;215;2#4;1;
0230;145257544;1;0;4;2#4;1;
0230;145257545;1;0;123;2#4;1;
0230;145257546;1;0;207;2#4;1;
0230;145257561;1;0;8;2;1;
0230;145257562;1;0;67;2#2V1;1;
0230;145257563;1;0;12;2#2V1;1;
0230;145257564;1;0;63;2#2V1;1;
0230;145257565;1;0;4;2#2V1;1;
0230;145257566;1;0;10;2#2V1;1;
0230;145257571;1;0;29;2;1;
0230;145257602;1;0;21;2;1;
0230;145257603;1;0;8;2;1;
0230;145257604;1;0;34;2;1;
0230;145257605;1;0;7;2;1;
0230;145257606;1;0;23;2;1;
0230;145257607;1;0;8;2;1;
0230;145257608;1;0;4;2;1;
0230;145257609;1;0;46;2;1;
0230;145257670;1;0;27;2;1;
0230;145257671;1;0;60;2;1;
0230;145257672;1;0;25;2;1;
0230;145257673;1;0;4;2;1;
0230;145257674;1;0;37;2;1;
0230;145257675;1;0;4;2;1;
0230;145257676;1;0;116;2;1;
0230;145257677;1;0;22;2;1;
0230;145257678;1;0;50;2;1;
0230;145258780;1;0;52;2;1;
0230;145258781;1;0;5;2#2V1;1;
0230;145258782;1;0;4;2#2V1;1;
0230;145258783;1;0;21;2#2V1;1;
0230;145258784;1;0;18;2;1;
0230;145258785;1;0;53;2;1;
0230;145258807;1;0;28;2;1;
0230;145258808;1;0;3;2#2V1;1;
0230;145258809;1;0;53;2#2V1;1;
0230;145258810;1;0;37;2#2V1;1;
0230;145258811;1;0;23;2;1;
0230;145258812;1;0;23;2;1;
0230;145258813;1;0;35;2;1;
0230;145258814;1;0;38;2;1;
0230;145258815;1;0;37;2;1;
0230;145258816;1;0;79;2;1;
0230;145258817;1;0;74;2;1;
0230;145258818;1;0;4;2;1;
0230;145258819;1;0;14;2;1;
0230;145258820;1;0;63;2;1;
0230;145258821;1;0;4;2#2V1;1;
0230;145258822;1;0;4;2#2V1;1;
0230;145258823;1;0;42;2#2V1;1;
0230;145258824;1;0;151;2;1;
0230;145258825;1;0;10;2;1;
0230;145258826;1;0;5;2;1;
0230;145258827;1;0;47;2;1;
0230;145258828;1;0;23;2;1;
0230;145258829;1;0;5;2;1;
0230;145258830;1;0;11;2;1;
0230;145258831;1;0;34;2;1;
0230;145258832;1;0;52;2;1;
0230;145258833;1;0;90;2;1;
0230;145258834;1;0;5;2;1;
0230;145258835;1;0;5;2;1;
0230;145258836;1;0;6;2;1;
0230;145258837;1;0;110;2;1;
0230;145258838;1;0;44;2;1;
0230;145258839;1;0;38;2;1;
0230;145258840;1;0;24;2;1;
0230;145258841;1;0;43;2;1;
0230;145258842;1;0;36;2;1;
0230;145258845;1;0;7;2;1;
0230;145258846;1;0;5;2;1;
0230;145258847;1;0;6;2;1;
0230;145258848;1;0;10;2;1;
0230;145258849;1;0;69;2#2V1;1;
0230;145258850;1;0;80;2;1;
0230;145258851;1;0;30;2;1;
0230;145258852;1;0;68;2;1;
0230;145258853;1;0;11;2;1;
0230;145258854;1;0;88;2;1;
0230;145258855;1;0;72;2#2V1;1;
0230;145258856;1;0;79;2;1;
0230;145258857;1;0;81;2;1;
0230;145258858;1;0;68;2;1;
0230;145258859;1;0;133;2#4;1;
0230;145258885;1;0;39;2;1;
0230;145258886;1;0;49;2;1;
0230;145258887;1;0;24;2;1;
0230;145258888;1;0;7;2;1;
0230;145258889;1;0;8;2;1;
0230;145258890;1;0;6;2;1;
0230;145258891;1;0;15;2;1;
0230;145258892;1;0;62;2;1;
0230;145258893;1;0;38;2;1;
0230;145258894;1;0;37;2;1;
0230;145258895;1;0;62;2;1;
0230;145258896;1;0;25;2;1;
0230;145258897;1;0;33;2;1;
0230;145258898;1;0;26;2;1;
0230;145258899;1;0;9;2;1;
0230;145258900;1;0;4;2;1;
0230;145258901;1;0;39;2;1;
0230;145258902;1;0;63;2;1;
0230;145258903;1;0;4;2#2V1;1;
0230;145258904;1;0;46;2#2V1;1;
0230;145258905;1;0;27;2;1;
0230;145258906;1;0;9;2;1;
0230;145258907;1;0;4;2;1;
0230;145258908;1;0;7;2;1;
0230;145258909;1;0;89;2;1;
0230;145258910;1;0;58;2;1;
0230;145258911;1;0;5;2;1;
0230;145258912;1;0;70;2#2V1;1;
0230;145258913;1;0;66;2;1;
0230;145258914;1;0;36;2;1;
0230;145258915;1;0;8;2;1;
0230;145258919;1;0;1;2;1;
0230;145258920;1;0;81;2;1;
0230;145258921;1;0;50;2;1;
0230;145258925;1;0;24;2;1;
0230;145258926;1;0;36;2;1;
0230;145258927;1;0;27;2;1;
0230;145258928;1;0;13;2;1;
0230;145258929;1;0;17;2;1;
0230;145258930;1;0;17;2;1;
0230;145258931;1;0;6;2;1;
0230;145258932;1;0;4;2;1;
0230;145258933;1;0;26;2;1;
0230;145258934;1;0;23;2;1;
0230;145258935;1;0;5;2;1;
0230;145258936;1;0;11;2;1;
0230;145258937;1;0;6;2;1;
0230;145258938;1;0;30;2;1;
0230;145258939;1;0;14;2;1;
0230;145258940;1;0;4;2;1;
0230;145259659;1;0;47;2;1;
0230;145259660;1;0;26;2;1;
0230;145259661;1;0;33;2;1;
0230;145259662;1;0;37;2;1;
0230;145259663;1;0;50;2;1;
0230;145259664;1;0;10;2;1;
0230;145259665;1;0;6;2;1;
0230;145259666;1;0;37;2;1;
0230;145259667;1;0;9;2;1;
0230;145259668;1;0;31;2;1;
0230;145259669;1;0;8;2;1;
0230;145259670;1;0;43;2;1;
0230;145259671;1;0;8;2;1;
0230;145259672;1;0;26;2;1;
0230;145259673;1;0;13;2;1;
0230;145259674;1;0;15;2;1;
0230;145259675;1;0;25;2;1;
0230;145259676;1;0;13;2;1;
0230;145259677;1;0;21;2;1;
0230;145259680;1;0;25;2;1;
0230;145259681;1;0;104;2;1;
0230;145259682;1;0;5;2;1;
0230;145259683;1;0;32;2;1;
0230;145259684;1;0;12;2;1;
0230;145259685;1;0;33;2;1;
0230;145259686;1;0;36;2;1;
0230;145259904;1;0;41;2;1;
0230;145259905;1;0;39;2;1;
0230;145259906;1;0;32;2;1;
0230;145259907;1;0;5;2;1;
0230;145259908;1;0;30;2;1;
0230;145259911;1;0;35;2;1;
0230;145259912;1;0;9;2;1;
0230;145259919;1;0;9;2;1;
0230;145259920;1;0;30;2;1;
0230;145259921;1;0;13;2;1;
0230;145259922;1;0;47;2;1;
0230;145259923;1;0;31;2;1;
0230;145259924;1;0;21;2;1;
0230;145259925;1;0;9;2;1;
0230;145259926;1;0;30;2;1;
0230;145259927;1;0;36;2;1;
0230;145260441;1;0;18;2;1;
0230;145260445;1;0;18;1;2;
0230;145260446;1;0;21;2;1;
0230;145260447;1;0;21;1;2;
0230;145260448;1;0;18;2;1;
0230;145260449;1;0;18;1;2;
0230;145260450;1;0;22;2;1;
0230;145260453;1;0;22;1;2;
0230;145260456;1;0;25;1;2;
0230;145260459;1;0;25;2;1;
0230;145260460;1;0;26;2;1;
0230;145260461;1;0;26;1;2;
0230;145260462;1;0;27;2;1;
0230;145260467;1;0;27;1;2;
0230;145260473;1;0;33;1;2;
0230;145260474;1;0;33;2;1;
0230;145260475;1;0;29;2;1;
0230;145260476;1;0;29;1;2;
0230;145260477;1;0;28;2;1;
0230;145260478;1;0;28;1;2;
0230;145260487;1;0;8;1;2;
0230;145260488;1;0;6;1;2;
0230;145260489;1;0;5;1;2;
0230;145260490;1;0;9;1;2;
0230;145260491;1;0;8;1;2;
0230;145260492;1;0;7;1;2;
0230;145260493;1;0;10;1;2;
0230;145260494;1;0;5;1;2;
0230;145260495;1;0;5;1;2;
0230;145260496;1;0;5;1;2;
0230;145260497;1;0;4;1;2;
0230;145260498;1;0;5;1;2;
0230;264895025;1;0;15;1;2;
0230;264895026;1;0;8;1;2;
0230;145260500;1;0;7;1;2;
0230;145260501;1;0;7;1;2;
0230;145260502;1;0;6;1;2;
0230;145260503;1;0;6;1;2;
0230;145260504;1;0;6;1;2;
0230;145260505;1;0;4;1;2;
0230;145260506;1;0;9;1;2;
0230;145260507;1;0;8;1;2;
0230;145260508;1;0;9;1;2;
0230;145260509;1;0;13;1;2;
0230;145260510;1;0;7;1;2;
0230;145260511;1;0;7;1;2;
0230;145260512;1;0;5;1;2;
0230;145260513;1;0;6;1;2;
0230;145260514;1;0;5;1;2;
0230;145260515;1;0;7;1;2;
0230;145260516;1;0;7;1;2;
0230;145260636;1;0;20;1;2;
0230;145260638;1;0;286;1;2;
0230;145260639;1;0;264;1;2;
0230;145260640;1;0;19;1;2;
0230;151817045;1;0;6;1;2;
0230;151817046;1;0;13;1;2;
0230;151817047;1;0;14;1;2;
0230;151817048;1;0;7;1;2;
0230;151817049;1;0;5;1;2;
0230;151817050;1;0;7;1;2;
0230;151817051;1;0;6;1;2;
0230;151817052;1;0;9;1;2;
0230;151817053;1;0;8;1;2;
0230;151817054;1;0;11;1;2;
0230;151817055;1;0;11;1;2;
0230;151817056;1;0;10;1;2;
0230;151817057;1;0;33;1;2;
0230;151817058;1;0;9;1;2;
0230;151817059;1;0;8;1;2;
0230;151817060;1;0;22;1;2;
0230;151817061;1;0;5;1;2;
0230;151817062;1;0;6;1;2;
0230;151817063;1;0;22;1;2;
0230;151817064;1;0;5;1;2;
0230;151817065;1;0;7;1;2;
0230;151817066;1;0;23;1;2;
0230;151817067;1;0;5;1;2;
0230;151817068;1;0;8;1;2;
0230;151817069;1;0;10;1;2;
0230;151817070;1;0;10;1;2;
0230;151817071;1;0;6;1;2;
0230;151817072;1;0;5;1;2;
0230;151817073;1;0;29;1;2;
0230;151817074;1;0;5;1;2;
0230;151817075;1;0;6;1;2;
0230;151817076;1;0;7;1;2;
0230;151817077;1;0;6;1;2;
0230;151817078;1;0;6;1;2;
0230;151817079;1;0;10;1;2;
0230;151817080;1;0;5;1;2;
0230;151817081;1;0;6;1;2;
0230;151817084;1;0;339;2#4;1;
0230;151817086;1;0;339;1#3;2;
0230;151817091;1;0;132;2#4;1;
0230;151817093;1;0;132;1#3;2;
0230;151817094;1;0;147;2#4;1;
0230;151817096;1;0;147;1#3;2;
0230;151817097;1;0;160;1#3;2;
0230;151817099;1;0;160;2#4;1;
0230;151817102;1;0;32;2;1;
0230;151817103;1;0;32;1;2;
0230;151817105;1;0;79;1;2;
0230;151817106;1;0;79;2;1;
0230;158546416;1;0;8;1;2;
0230;158546417;1;0;7;1;2;
0230;158546418;1;0;8;1;2;
0230;158546419;1;0;7;1;2;
0230;218882642;1;0;53;2#4;1;
0230;218882643;1;0;29;2#4;1;
0230;218882644;1;0;102;2#4;1;
0230;218882645;1;0;70;2#4;1;
0230;218882646;1;0;53;1#3;2;
0230;218882647;1;0;29;1#3;2;
0230;218882648;1;0;102;1#3;2;
0230;218882649;1;0;70;1#3;2;
0230;237411490;1;0;35;1;2;
0230;237411491;1;0;8;1;2;
0230;237411492;1;0;11;1;2;
0230;237411493;1;0;9;1;2;
0230;237411494;1;0;7;1;2;
0230;237411495;1;0;10;1;2;
0230;237411496;1;0;5;1;2;
0230;237411497;1;0;11;1;2;
0230;237411498;1;0;9;1;2;
0230;237411499;1;0;52;2;1;
0230;237411502;1;0;8;1;2;
0230;237411503;1;0;44;1;2;
0230;237411504;1;0;4;1;2;
0230;237411505;1;0;9;1;2;
0230;237411506;1;0;10;1;2;
0230;237411507;1;0;16;1;2;
0230;237411508;1;0;8;1;2;
0230;237411509;1;0;11;1;2;
0230;237411510;1;0;11;1;2;
0230;237411511;1;0;7;1;2;
0230;237411512;1;0;7;1;2;
0230;237411513;1;0;6;1;2;
0230;237411514;1;0;8;1;2;
0230;237411515;1;0;9;1;2;
0230;237411516;1;0;79;1;2;
0230;237411518;1;0;79;2;1;
0230;237411523;1;0;18;1;2;
0230;237411524;1;0;18;2;1;
0230;237411525;1;0;63;2;1;
0230;237411527;1;0;63;1;2;
0230;237411528;1;0;3;1;2;
0230;237411529;1;0;6;1;2;
0230;237411530;1;0;7;1;2;
0230;237411531;1;0;6;1;2;
0230;237411532;1;0;5;1;2;
0230;237411533;1;0;4;1;2;
0230;237411534;1;0;3;1;2;
0230;237411535;1;0;6;1;2;
0230;237411536;1;0;8;1;2;
0230;237411537;1;0;8;1;2;
0230;237411538;1;0;5;1;2;
0230;237411539;1;0;4;1;2;
0230;237411540;1;0;14;1;2;
0230;237411543;1;0;14;2;1;
0230;237411544;1;0;12;2;1;
0230;237411547;1;0;12;1;2;
0230;237411548;1;0;297;2;1;
0230;237411550;1;0;297;1;2;
0230;237411551;1;0;88;2;1;
0230;237411553;1;0;88;1;2;
0230;237411554;1;0;427;2;1;
0230;237411556;1;0;427;1;2;
0230;237411557;1;0;118;1;2;
0230;237411559;1;0;118;2;1;
0230;237411560;1;0;38;2;1;
0230;237411562;1;0;38;1;2;
0230;237411563;1;0;69;2;1;
0230;237411564;1;0;35;2;1;
0230;237411565;1;0;58;2;1;
0230;237411570;1;0;35;1;2;
0230;237411571;1;0;127;1;2;
0230;237411578;1;0;8;1;2;
0230;237411579;1;0;8;1;2;
0230;237411580;1;0;7;1;2;
0230;237411581;1;0;2;1;2;
0230;237411582;1;0;11;1;2;
0230;237411583;1;0;8;1;2;
0230;237411584;1;0;8;1;2;
0230;237411585;1;0;8;1;2;
0230;237411586;1;0;11;1;2;
0230;237411587;1;0;15;1;2;
0230;237411588;1;0;8;1;2;
0230;237411589;1;0;11;1;2;
0230;264931688;1;0;25;1;2;
0230;264931691;1;0;25;2;1;
