*0439*2011 VEGNETT*20110511*FART*20110511*VDB SVNT*AHT
..Eksport-dato 20110511
50;

Komm; TransID;kode;Fra;   Til;felt; Fart;
0439;145326820;1;0;119;1#2;40;
0439;145326821;1;0;107;1#2;50;
0439;145326822;1;0;65;1#2;50;
0439;145326823;1;0;81;1#2;40;
0439;145326824;1;0;82;1#2;50;
0439;145326825;1;0;79;1#2;40;
0439;145326826;1;0;8;1#2;40;
0439;145326827;1;0;91;1#2;40;
0439;145326828;1;0;135;1#2;40;
0439;145326829;1;0;177;1#2;40;
0439;145326830;1;0;76;1#2;40;
0439;145326831;1;0;70;1#2;40;
0439;145326832;1;0;14;1#2;40;
0439;145326833;1;0;300;1#2;40;
0439;145326834;1;0;11;1#2;40;
0439;145326835;1;0;84;1#2;40;
0439;145326836;1;0;193;1#2;40;
0439;145326837;1;0;43;1#2;40;
0439;145326838;1;0;387;1#2;50;
0439;145326839;1;0;235;1#2;40;
0439;145326840;1;0;377;1#2;40;
0439;145326841;1;0;30;1#2;50;
0439;145326842;1;0;28;1#2;50;
0439;145326843;1;0;248;1#2;40;
0439;145326844;1;0;87;1#2;30;
0439;145326845;1;0;79;1#2;30;
0439;145326847;1;0;12;1#2;40;
0439;145326848;1;0;116;1#2;40;
0439;145326849;1;0;52;1#2;40;
0439;145326850;1;0;2;1#2;40;
0439;145326851;1;0;3;1#2;40;
0439;145326852;1;0;22;1#2;40;
0439;145326853;1;0;80;1#2;40;
0439;145326854;1;0;17;1#2;40;
0439;145326855;1;0;34;1#2;40;
0439;145326856;1;0;63;1#2;40;
0439;145326857;1;0;27;1#2;40;
0439;145326858;1;0;47;1#2;50;
0439;145326859;1;0;12;1#2;50;
0439;145326860;1;0;96;1#2;40;
0439;145326861;1;0;37;1#2;40;
0439;145326862;1;0;134;1#2;40;
0439;145326863;1;0;78;1#2;40;
0439;145326864;1;0;60;1#2;40;
0439;145326865;1;0;3;1#2;40;
0439;145326866;1;0;112;1#2;40;
0439;145326867;1;0;165;1#2;40;
0439;145326868;1;0;57;1#2;40;
0439;145326869;1;0;41;1#2;40;
0439;145326870;1;0;107;1#2;40;
0439;145326871;1;0;93;1#2;40;
0439;145326872;1;0;103;1#2;50;
0439;145326873;1;0;269;1#2;50;
0439;145326874;1;0;31;1#2;40;
0439;145326875;1;0;18;1#2;50;
0439;145326876;1;0;8;1#2;40;
0439;145326877;1;0;160;1#2;40;
0439;145326878;1;0;87;1#2;40;
0439;145326879;1;0;96;1#2;30;
0439;145326880;1;0;440;1#2;40;
0439;145326881;1;0;38;1#2;40;
0439;145326882;1;0;221;1#2;40;
0439;145326883;1;0;171;1#2;40;
0439;145326884;1;0;39;1#2;40;
0439;145326885;1;0;116;1#2;40;
0439;145326886;1;0;115;1#2;40;
0439;145326887;1;0;49;1#2;40;
0439;145326888;1;0;83;1#2;40;
0439;145326889;1;0;154;1#2;50;
0439;145326890;1;0;148;1#2;40;
0439;145326891;1;0;128;1#2;40;
0439;145326892;1;0;155;1#2;40;
0439;145326893;1;0;72;1#2;40;
0439;145326894;1;0;42;1#2;50;
0439;145326895;1;0;49;1#2;50;
0439;145326896;1;0;77;1#2;40;
0439;145326897;1;0;3;1#2;40;
0439;145326898;1;0;91;1#2;40;
0439;145326899;1;0;136;1#2;40;
0439;145326900;1;0;162;1#2;40;
0439;145326901;1;0;30;1#2;40;
0439;145326902;1;0;63;1#2;40;
0439;145326903;1;0;96;1#2;40;
0439;145326904;1;0;38;1#2;40;
0439;145326905;1;0;70;1#2;40;
0439;145326906;1;0;63;1#2;40;
0439;145326907;1;0;58;1#2;40;
0439;145326908;1;0;34;1#2;40;
0439;145326909;1;0;124;1#2;40;
0439;145326910;1;0;76;1#2;40;
0439;145326911;1;0;92;1#2;40;
0439;145326912;1;0;3;1#2;40;
0439;145326913;1;0;44;1#2;40;
0439;145326914;1;0;29;1#2;40;
0439;145326915;1;0;39;1#2;40;
0439;145326916;1;0;12;1#2;40;
0439;145326917;1;0;77;1#2;40;
0439;145326918;1;0;177;1#2;40;
0439;145326919;1;0;5;1#2;40;
0439;145326920;1;0;148;1#2;40;
0439;145326921;1;0;146;1#2;40;
0439;145326922;1;0;59;1#2;40;
0439;145326923;1;0;44;1#2;40;
0439;145326924;1;0;27;1#2;40;
0439;145326925;1;0;50;1#2;40;
0439;145326926;1;0;108;1#2;40;
0439;145326927;1;0;94;1#2;40;
0439;145326928;1;0;139;1#2;40;
0439;145326929;1;0;122;1#2;40;
0439;145326930;1;0;43;1#2;40;
0439;145326931;1;0;8;1#2;50;
0439;145326932;1;0;88;1#2;50;
0439;145326933;1;0;47;1#2;50;
0439;145326934;1;0;33;1#2;40;
0439;145326935;1;0;46;1#2;40;
0439;145326936;1;0;25;1#2;40;
0439;145326937;1;0;24;1#2;40;
0439;145326938;1;0;54;1#2;40;
0439;145326939;1;0;306;1#2;40;
0439;145326940;1;0;169;1#2;40;
0439;145326941;1;0;149;1#2;30;
0439;145326942;1;0;395;1#2;30;
0439;145326943;1;0;55;1#2;50;
0439;145326944;1;0;28;1#2;50;
0439;145326945;1;0;179;1#2;50;
0439;145326946;1;0;81;1#2;50;
0439;145326947;1;0;53;1#2;50;
0439;145326948;1;0;120;1#2;50;
0439;145326949;1;0;203;1#2;50;
0439;145326950;1;0;118;1#2;50;
0439;145326951;1;0;171;1#2;50;
0439;145326952;1;0;235;1#2;50;
0439;145326953;1;0;29;1#2;50;
0439;145326954;1;0;17;1#2;50;
0439;145326955;1;0;100;1#2;50;
0439;145326956;1;0;68;1#2;50;
0439;145326957;1;0;87;1#2;50;
0439;145326958;1;0;147;1#2;50;
0439;145326959;1;0;14;1#2;60;
0439;145326960;1;0;660;1#2;60;
0439;145326961;1;0;974;1#2;60;
0439;145326962;1;0;240;1#2;60;
0439;145326963;1;0;236;1#2;60;
0439;145326964;1;0;249;1#2;60;
0439;145326965;1;0;364;1#2;60;
0439;145326966;1;0;1215;1#2;60;
0439;145326967;1;0;157;1#2;60;
0439;145326968;1;0;132;1#2;30;
0439;145326969;1;0;132;1#2;30;
0439;145326970;1;0;290;1#2;30;
0439;145326971;1;0;696;1#2;30;
0439;145326972;1;0;289;1#2;50;
0439;145326973;1;0;186;1#2;50;
0439;145326974;1;0;26;1#2;60;
0439;145326975;1;0;16;1#2;60;
0439;145326976;1;0;50;1#2;60;
0439;145326977;1;0;132;1#2;60;
0439;145326978;1;0;1254;1#2;60;
0439;145326979;1;0;67;1#2;60;
0439;145326980;1;0;58;1#2;60;
0439;145326981;1;0;94;1#2;60;
0439;145326982;1;0;52;1#2;60;
0439;145326983;1;0;226;1#2;60;
0439;145326984;1;0;16;1#2;60;
0439;145326985;1;0;544;1#2;60;
0439;145326986;1;0;148;1#2;60;
0439;145326987;1;0;22;1#2;50;
0439;145326988;1;0;31;1#2;50;
0439;145326989;1;0;94;1#2;50;
0439;145326990;1;0;62;1#2;50;
0439;145326991;1;0;69;1#2;50;
0439;145326992;1;0;295;1#2;50;
0439;145326993;1;0;60;1#2;50;
0439;145326994;1;0;61;1#2;50;
0439;145326995;1;0;136;1#2;60;
0439;145326996;1;0;7;1#2;60;
0439;145326997;1;0;292;1#2;60;
0439;145326998;1;0;52;1#2;60;
0439;145326999;1;0;57;1#2;60;
0439;145327000;1;0;11;1#2;60;
0439;145327001;1;0;573;1#2;60;
0439;145327002;1;0;514;1#2;60;
0439;145327003;1;0;353;1#2;60;
0439;145327004;1;0;777;1#2;60;
0439;145327005;1;0;299;1#2;60;
0439;145327006;1;0;3665;1#2;60;
0439;145327007;1;0;589;1#2;60;
0439;145327008;1;0;4;1#2;60;
0439;145327009;1;0;49;1#2;30;
0439;145327010;1;0;133;1#2;30;
0439;145327011;1;0;53;1#2;30;
0439;145327012;1;0;155;1#2;30;
0439;145327013;1;0;186;1#2;30;
0439;145327014;1;0;196;1#2;80;
0439;145327015;1;0;75;1#2;80;
0439;145327016;1;0;362;1#2;80;
0439;145371920;1;0;33;1#2;30;
0439;145371921;1;0;37;1#2;30;
0439;145371922;1;0;21;1#2;30;
0439;145371923;1;0;56;1#2;60;
0439;145371924;1;0;974;1#2;60;
0439;145371925;1;0;232;1#2;60;
0439;145371926;1;0;2014;1#2;30;
0439;145371927;1;0;34;1#2;30;
0439;145371927;2;19;34;1#2;30;
0439;145371928;1;0;19;1#2;30;
0439;145371929;1;0;2114;1#2;30;
0439;145371930;1;0;10085;1#2;30;
0439;145371931;1;0;2838;1#2;30;
0439;145371932;1;0;21;1#2;30;
0439;145371933;1;0;64;1#2;30;
0439;145371934;1;0;31;1#2;30;
0439;145371935;1;0;32;1#2;30;
0439;145371936;1;0;24;1#2;30;
0439;145371937;1;0;13;1#2;30;
0439;145371938;1;0;14;1#2;30;
0439;145371939;1;0;12;1#2;30;
0439;145371940;1;0;12;1#2;30;
0439;145371941;1;0;25;1#2;30;
0439;145371942;1;0;21;1#2;30;
0439;145371943;1;0;18;1#2;30;
0439;145371944;1;0;73;1#2;30;
0439;145371945;1;0;13;1#2;30;
0439;145371946;1;0;14;1#2;30;
0439;145371947;1;0;16;1#2;30;
0439;145371948;1;0;30;1#2;30;
0439;145371949;1;0;18;1#2;30;
0439;145371950;1;0;12;1#2;30;
0439;145371951;1;0;22;1#2;30;
0439;145371952;1;0;27;1#2;30;
0439;145371953;1;0;34;1#2;30;
0439;145371954;1;0;33;1#2;30;
0439;145371955;1;0;38;1#2;30;
0439;145371956;1;0;110;1#2;30;
0439;145371957;1;0;36;1#2;30;
0439;145371958;1;0;55;1#2;30;
0439;145371959;1;0;61;1#2;30;
0439;145371960;1;0;35;1#2;30;
0439;145371961;1;0;78;1#2;30;
0439;145371962;1;0;18;1#2;30;
0439;145371963;1;0;14;1#2;30;
0439;145371964;1;0;17;1#2;30;
0439;145371965;1;0;27;1#2;30;
0439;145371966;1;0;63;1#2;30;
0439;145371967;1;0;32;1#2;30;
0439;145371968;1;0;48;1#2;30;
0439;145371969;1;0;23;1#2;30;
0439;145371970;1;0;25;1#2;30;
0439;145371971;1;0;71;1#2;30;
0439;145371972;1;0;22;1#2;30;
0439;145371973;1;0;18;1#2;30;
0439;145371974;1;0;25;1#2;30;
0439;145371975;1;0;29;1#2;30;
0439;145371976;1;0;165;1#2;30;
0439;145371977;1;0;15;1#2;30;
0439;145371978;1;0;29;1#2;30;
0439;145371979;1;0;34;1#2;30;
0439;145371980;1;0;22;1#2;30;
0439;145371981;1;0;12;1#2;30;
0439;145371982;1;0;12;1#2;30;
0439;145371983;1;0;13;1#2;30;
0439;145371984;1;0;10;1#2;30;
0439;145371985;1;0;21;1#2;30;
0439;145371986;1;0;18;1#2;30;
0439;145371987;1;0;15;1#2;30;
0439;145371988;1;0;68;1#2;30;
0439;145371989;1;0;11;1#2;30;
0439;145371990;1;0;13;1#2;30;
0439;145371991;1;0;17;1#2;30;
0439;145371992;1;0;17;1#2;30;
0439;145371993;1;0;11;1#2;30;
0439;145371994;1;0;11;1#2;30;
0439;145371995;1;0;19;1#2;30;
0439;145371996;1;0;28;1#2;30;
0439;145371997;1;0;37;1#2;30;
0439;145371998;1;0;36;1#2;30;
0439;145371999;1;0;34;1#2;30;
0439;145372000;1;0;107;1#2;30;
0439;145372001;1;0;38;1#2;30;
0439;145372002;1;0;53;1#2;30;
0439;145372003;1;0;65;1#2;30;
0439;145372004;1;0;37;1#2;30;
0439;145372005;1;0;84;1#2;30;
0439;145372006;1;0;17;1#2;30;
0439;145372007;1;0;15;1#2;30;
0439;145372008;1;0;16;1#2;30;
0439;145372009;1;0;21;1#2;30;
0439;145372010;1;0;63;1#2;30;
0439;145372011;1;0;29;1#2;30;
0439;145372012;1;0;38;1#2;30;
0439;145372013;1;0;20;1#2;30;
0439;145372014;1;0;23;1#2;30;
0439;145372015;1;0;74;1#2;30;
0439;145372016;1;0;21;1#2;30;
0439;145372017;1;0;12;1#2;30;
0439;145372018;1;0;23;1#2;30;
0439;145372019;1;0;28;1#2;30;
0439;145372020;1;0;112;1#2;30;
0439;145372021;1;0;16;1#2;30;
0439;145372022;1;0;60;1#2;30;
0439;145372023;1;0;63;1#2;30;
0439;145372024;1;0;91;1#2;30;
0439;145372025;1;0;4;1#2;30;
0439;145372026;1;0;1241;1#2;30;
0439;145372027;1;0;64;1#2;30;
0439;145372028;1;0;278;1#2;30;
0439;145372029;1;0;16;1#2;30;
0439;145372030;1;0;139;1#2;30;
0439;145372031;1;0;74;1#2;30;
0439;145372032;1;0;45;1#2;30;
0439;145372033;1;0;693;1#2;30;
0439;145372034;1;0;339;1#2;30;
0439;145372035;1;0;21;1#2;30;
0439;145372036;1;0;55;1#2;30;
0439;145372037;1;0;59;1#2;30;
0439;145372038;1;0;122;1#2;30;
0439;145372039;1;0;50;1#2;30;
0439;145372040;1;0;2;1#2;30;
0439;145372041;1;0;15;1#2;30;
0439;145372042;1;0;8;1#2;30;
0439;145372043;1;0;15;1#2;30;
0439;145372044;1;0;7;1#2;30;
0439;145372045;1;0;152;1#2;30;
0439;145372046;1;0;770;1#2;30;
0439;145372047;1;0;3;1#2;30;
0439;145372048;1;0;727;1#2;30;
0439;145372049;1;0;18;1#2;30;
0439;145372050;1;0;15;1#2;30;
0439;145372051;1;0;28;1#2;30;
0439;145372052;1;0;26;1#2;30;
0439;145372053;1;0;32;1#2;30;
0439;145372054;1;0;6;1#2;30;
0439;145372055;1;0;42;1#2;30;
0439;145372056;1;0;11;1#2;30;
0439;145372057;1;0;7;1#2;30;
0439;145372058;1;0;6;1#2;30;
0439;145372059;1;0;12;1#2;30;
0439;145372060;1;0;25;1#2;30;
0439;145372061;1;0;6;1#2;30;
0439;145372062;1;0;4;1#2;30;
0439;145372063;1;0;6;1#2;30;
0439;145372064;1;0;7;1#2;30;
0439;145372065;1;0;8;1#2;30;
0439;145372066;1;0;8;1#2;30;
0439;145372067;1;0;9;1#2;30;
0439;145372068;1;0;9;1#2;30;
0439;145372069;1;0;7;1#2;30;
0439;145372070;1;0;23;1#2;30;
0439;145372071;1;0;32;1#2;30;
0439;145372072;1;0;26;1#2;30;
0439;145372073;1;0;17;1#2;30;
0439;145372074;1;0;8;1#2;30;
0439;145372075;1;0;2;1#2;30;
0439;145372076;1;0;6;1#2;30;
0439;145372077;1;0;9;1#2;30;
0439;145372078;1;0;9;1#2;30;
0439;145372079;1;0;10;1#2;30;
0439;145372080;1;0;9;1#2;30;
0439;145372081;1;0;6;1#2;30;
0439;145372082;1;0;13;1#2;30;
0439;145372083;1;0;2217;1#2;30;
0439;145372084;1;0;366;1#2;30;
0439;145372085;1;0;108;1#2;30;
0439;145372086;1;0;1128;1#2;30;
0439;145372087;1;0;2003;1#2;30;
0439;145372088;1;0;143;1#2;30;
0439;145372089;1;0;1214;1#2;30;
0439;145372090;1;0;493;1#2;30;
0439;145372091;1;0;1391;1#2;30;
0439;145372092;1;0;112;1#2;30;
0439;145372093;1;0;61;1#2;30;
0439;145372094;1;0;2374;1#2;30;
0439;145372095;1;0;13;1#2;60;
0439;145372096;1;0;9;1#2;30;
0439;145372097;1;0;24;1#2;30;
0439;145372098;1;0;11;1#2;30;
0439;145372099;1;0;6;1#2;30;
0439;145372100;1;0;12;1#2;30;
0439;145372101;1;0;7;1#2;30;
0439;145372102;1;0;5;1#2;30;
0439;145372103;1;0;14;1#2;60;
0439;145372104;1;0;23;1#2;30;
0439;145372105;1;0;23;1#2;30;
0439;145372106;1;0;31;1#2;30;
0439;145372107;1;0;34;1#2;30;
0439;145372108;1;0;17;1#2;30;
0439;145372109;1;0;28;1#2;60;
0439;145372110;1;0;20;1#2;30;
0439;145372111;1;0;869;1#2;30;
0439;145372112;1;0;123;1#2;30;
0439;145372113;1;0;337;1#2;30;
0439;145372114;1;0;737;1#2;30;
0439;145372115;1;0;183;1#2;30;
0439;145372116;1;0;366;1#2;30;
0439;145372117;1;0;222;1#2;30;
0439;145372118;1;0;157;1#2;30;
0439;145372119;1;0;90;1#2;30;
0439;145372120;1;0;59;1#2;30;
0439;145372121;1;0;162;1#2;30;
0439;145372122;1;0;349;1#2;30;
0439;145372123;1;0;80;1#2;30;
0439;145372124;1;0;17;1#2;30;
0439;145372125;1;0;78;1#2;30;
0439;145372126;1;0;10;1#2;30;
0439;145372127;1;0;383;1#2;30;
0439;145372128;1;0;227;1#2;30;
0439;145372129;1;0;51;1#2;30;
0439;145372130;1;0;59;1#2;30;
0439;145372131;1;0;150;1#2;30;
0439;145372132;1;0;59;1#2;30;
0439;145372133;1;0;89;1#2;30;
0439;145372134;1;0;263;1#2;30;
0439;145372135;1;0;40;1#2;30;
0439;145372136;1;0;191;1#2;30;
0439;145372137;1;0;48;1#2;30;
0439;145372138;1;0;195;1#2;30;
0439;145372139;1;0;61;1#2;30;
0439;145372140;1;0;51;1#2;30;
0439;145372141;1;0;28;1#2;30;
0439;145372142;1;0;36;1#2;30;
0439;145372143;1;0;89;1#2;30;
0439;145372144;1;0;62;1#2;30;
0439;145372145;1;0;291;1#2;30;
0439;145372146;1;0;375;1#2;30;
0439;145372147;1;0;73;1#2;30;
0439;145372148;1;0;266;1#2;30;
0439;145372149;1;0;400;1#2;30;
0439;145372150;1;0;21;1#2;30;
0439;145372151;1;0;37;1#2;30;
0439;145372152;1;0;663;1#2;30;
0439;145372153;1;0;19;1#2;30;
0439;145372154;1;0;78;1#2;30;
0439;145372155;1;0;115;1#2;30;
0439;145372156;1;0;120;1#2;30;
0439;145372157;1;0;218;1#2;30;
0439;145372158;1;0;254;1#2;30;
0439;145372159;1;0;161;1#2;30;
0439;145372160;1;0;78;1#2;30;
0439;145372161;1;0;34;1#2;30;
0439;145372162;1;0;71;1#2;30;
0439;145372163;1;0;104;1#2;30;
0439;145372164;1;0;153;1#2;30;
0439;145372165;1;0;172;1#2;30;
0439;145372166;1;0;55;1#2;30;
0439;145372167;1;0;100;1#2;30;
0439;145372168;1;0;96;1#2;30;
0439;145372169;1;0;51;1#2;30;
0439;145372170;1;0;213;1#2;30;
0439;145372171;1;0;97;1#2;30;
0439;145372172;1;0;111;1#2;30;
0439;145372173;1;0;129;1#2;30;
0439;145372174;1;0;45;1#2;30;
0439;145372175;1;0;2487;1#2;30;
0439;145372176;1;0;345;1#2;30;
0439;145372177;1;0;417;1#2;30;
0439;145372178;1;0;2668;1#2;30;
0439;145372179;1;0;599;1#2;30;
0439;145372180;1;0;1257;1#2;30;
0439;145372181;1;0;2891;1#2;30;
0439;145372182;1;0;1787;1#2;30;
0439;145372183;1;0;1315;1#2;30;
0439;145372184;1;0;1577;1#2;60;
0439;145372185;1;0;1003;1#2;30;
0439;145372186;1;0;3112;1#2;30;
0439;145372187;1;0;1229;1#2;60;
0439;145372188;1;0;3165;1#2;30;
0439;145372189;1;0;211;1#2;30;
0439;145372190;1;0;135;1#2;30;
0439;145372191;1;0;461;1#2;30;
0439;145372192;1;0;673;1#2;30;
0439;145372193;1;0;373;1#2;60;
0439;145372194;1;0;63;1#2;30;
0439;145372195;1;0;42;1#2;30;
0439;145372196;1;0;26;1#2;30;
0439;145372197;1;0;37;1#2;30;
0439;145372198;1;0;267;1#2;30;
0439;145372199;1;0;10;1#2;30;
0439;145372200;1;0;103;1#2;30;
0439;145372201;1;0;98;1#2;30;
0439;145372202;1;0;631;1#2;30;
0439;145372203;1;0;163;1#2;30;
0439;145372204;1;0;35;1#2;30;
0439;145372205;1;0;116;1#2;60;
0439;145372206;1;0;84;1#2;30;
0439;145372207;1;0;15;1#2;60;
0439;145372208;1;0;10;1#2;30;
0439;145372209;1;0;13;1#2;30;
0439;145372210;1;0;219;1#2;30;
0439;145372211;1;0;142;1#2;30;
0439;145372212;1;0;120;1#2;30;
0439;145372213;1;0;288;1#2;30;
0439;145372214;1;0;189;1#2;30;
0439;145372215;1;0;72;1#2;30;
0439;145372216;1;0;9;1#2;30;
0439;145372217;1;0;172;1#2;30;
0439;145372218;1;0;664;1#2;60;
0439;145372219;1;0;185;1#2;30;
0439;145372220;1;0;195;1#2;30;
0439;145372221;1;0;116;1#2;30;
0439;145372222;1;0;319;1#2;30;
0439;145372223;1;0;90;1#2;30;
0439;145372224;1;0;106;1#2;30;
0439;145372225;1;0;161;1#2;30;
0439;145372226;1;0;808;1#2;30;
0439;145372227;1;0;197;1#2;30;
0439;145372228;1;0;45;1#2;30;
0439;145372229;1;0;296;1#2;30;
0439;145372230;1;0;66;1#2;30;
0439;145372231;1;0;126;1#2;30;
0439;145372232;1;0;37;1#2;30;
0439;145372233;1;0;583;1#2;30;
0439;145372234;1;0;156;1#2;30;
0439;145372235;1;0;69;1#2;30;
0439;145372236;1;0;104;1#2;30;
0439;145372237;1;0;54;1#2;30;
0439;145372238;1;0;261;1#2;30;
0439;145372239;1;0;70;1#2;30;
0439;145372240;1;0;199;1#2;30;
0439;145372241;1;0;393;1#2;30;
0439;145372242;1;0;192;1#2;30;
0439;145372243;1;0;116;1#2;30;
0439;145372244;1;0;49;1#2;30;
0439;145372245;1;0;94;1#2;30;
0439;145372246;1;0;161;1#2;30;
0439;145372247;1;0;134;1#2;30;
0439;145372248;1;0;127;1#2;30;
0439;145372249;1;0;121;1#2;30;
0439;145372250;1;0;61;1#2;30;
0439;145372251;1;0;250;1#2;30;
0439;145372252;1;0;255;1#2;30;
0439;145372253;1;0;292;1#2;30;
0439;145372254;1;0;174;1#2;30;
0439;145372255;1;0;55;1#2;30;
0439;145372256;1;0;53;1#2;30;
0439;145372257;1;0;171;1#2;30;
0439;145372258;1;0;304;1#2;30;
0439;145372259;1;0;152;1#2;30;
0439;145372260;1;0;123;1#2;30;
0439;145372261;1;0;90;1#2;30;
0439;145372262;1;0;110;1#2;30;
0439;145372263;1;0;69;1#2;30;
0439;145372264;1;0;48;1#2;30;
0439;145372265;1;0;67;1#2;30;
0439;145372266;1;0;109;1#2;30;
0439;145372267;1;0;182;1#2;30;
0439;145372268;1;0;135;1#2;30;
0439;145372269;1;0;472;1#2;30;
0439;145372270;1;0;1121;1#2;30;
0439;145372271;1;0;328;1#2;30;
0439;145372272;1;0;496;1#2;30;
0439;145372273;1;0;174;1#2;30;
0439;145372274;1;0;84;1#2;30;
0439;145372275;1;0;267;1#2;30;
0439;145372276;1;0;809;1#2;60;
0439;145372277;1;0;1729;1#2;30;
0439;145372278;1;0;89;1#2;30;
0439;145372279;1;0;1780;1#2;30;
0439;145372280;1;0;63;1#2;30;
0439;145372281;1;0;136;1#2;30;
0439;145372282;1;0;840;1#2;30;
0439;145372283;1;0;44;1#2;30;
0439;145372284;1;0;42;1#2;30;
0439;145372285;1;0;10;1#2;30;
0439;145372286;1;0;171;1#2;30;
0439;145372287;1;0;1644;1#2;30;
0439;145372288;1;0;432;1#2;30;
0439;145372289;1;0;417;1#2;30;
0439;145372290;1;0;165;1#2;30;
0439;145372291;1;0;89;1#2;30;
0439;145372292;1;0;135;1#2;30;
0439;145372293;1;0;150;1#2;30;
0439;145372294;1;0;10;1#2;30;
0439;145372295;1;0;21;1#2;30;
0439;145372296;1;0;261;1#2;30;
0439;145372297;1;0;629;1#2;30;
0439;145372298;1;0;465;1#2;30;
0439;145372299;1;0;1625;1#2;30;
0439;145372300;1;0;1201;1#2;60;
0439;145372301;1;0;4008;1#2;60;
0439;145372302;1;0;442;1#2;30;
0439;145372303;1;0;979;1#2;30;
0439;145372304;1;0;1850;1#2;30;
0439;145372305;1;0;1440;1#2;60;
0439;145372306;1;0;1227;1#2;60;
0439;145372307;1;0;896;1#2;60;
0439;145372308;1;0;1715;1#2;30;
0439;145372309;1;0;1775;1#2;30;
0439;145372310;1;0;1686;1#2;60;
0439;145372311;1;0;768;1#2;30;
0439;145372312;1;0;910;1#2;30;
0439;145372313;1;0;644;1#2;30;
0439;145372314;1;0;1354;1#2;30;
0439;145372315;1;0;2070;1#2;30;
0439;145372316;1;0;402;1#2;30;
0439;145372317;1;0;959;1#2;30;
0439;145372318;1;0;944;1#2;30;
0439;145372319;1;0;764;1#2;30;
0439;145372320;1;0;523;1#2;30;
0439;145372321;1;0;505;1#2;30;
0439;145372322;1;0;556;1#2;30;
0439;145372323;1;0;158;1#2;60;
0439;145372324;1;0;222;1#2;30;
0439;145372325;1;0;678;1#2;30;
0439;145372326;1;0;3065;1#2;30;
0439;145372327;1;0;1590;1#2;30;
0439;145372328;1;0;707;1#2;30;
0439;145372329;1;0;130;1#2;30;
0439;145372330;1;0;999;1#2;30;
0439;145372331;1;0;540;1#2;30;
0439;145372332;1;0;4599;1#2;30;
0439;145372333;1;0;640;1#2;30;
0439;145372334;1;0;668;1#2;30;
0439;145372335;1;0;2671;1#2;30;
0439;145372336;1;0;765;1#2;30;
0439;145372337;1;0;1504;1#2;30;
0439;145372338;1;0;1692;1#2;30;
0439;145372339;1;0;2704;1#2;30;
0439;145372340;1;0;873;1#2;30;
0439;145372341;1;0;2175;1#2;30;
0439;145372342;1;0;938;1#2;30;
0439;145372343;1;0;696;1#2;30;
0439;145372344;1;0;2145;1#2;30;
0439;145372345;1;0;969;1#2;30;
0439;145372346;1;0;1047;1#2;30;
0439;145372347;1;0;1504;1#2;30;
0439;145372348;1;0;4142;1#2;30;
0439;145372349;1;0;2240;1#2;30;
0439;145372350;1;0;1021;1#2;30;
0439;145372351;1;0;661;1#2;30;
0439;145372352;1;0;676;1#2;30;
0439;145372353;1;0;459;1#2;30;
0439;145372354;1;0;721;1#2;30;
0439;145372355;1;0;2124;1#2;30;
0439;145372356;1;0;971;1#2;30;
0439;145372357;1;0;830;1#2;30;
0439;145372358;1;0;877;1#2;30;
0439;145372359;1;0;2979;1#2;30;
0439;145372360;1;0;1063;1#2;30;
0439;145372361;1;0;2250;1#2;30;
0439;145372362;1;0;909;1#2;30;
0439;145372363;1;0;1527;1#2;30;
0439;145372364;1;0;932;1#2;30;
0439;145372365;1;0;2046;1#2;30;
0439;145372366;1;0;1263;1#2;30;
0439;145372367;1;0;851;1#2;30;
0439;145372368;1;0;274;1#2;30;
0439;145372369;1;0;435;1#2;30;
0439;145372370;1;0;625;1#2;30;
0439;145372371;1;0;966;1#2;30;
0439;145372372;1;0;2792;1#2;30;
0439;145372373;1;0;2195;1#2;30;
0439;145372374;1;0;1966;1#2;30;
0439;145372375;1;0;966;1#2;30;
0439;145372376;1;0;1305;1#2;30;
0439;145372377;1;0;1202;1#2;30;
0439;145372378;1;0;1538;1#2;30;
0439;145372379;1;0;794;1#2;30;
0439;145372380;1;0;247;1#2;30;
0439;145372381;1;0;696;1#2;30;
0439;145372382;1;0;688;1#2;30;
0439;145372383;1;0;114;1#2;30;
0439;145372384;1;0;1041;1#2;30;
0439;145372385;1;0;1138;1#2;30;
0439;145372386;1;0;759;1#2;30;
0439;145372387;1;0;1529;1#2;30;
0439;145372388;1;0;450;1#2;30;
0439;145372389;1;0;1661;1#2;30;
0439;145372390;1;0;1607;1#2;30;
0439;145372391;1;0;931;1#2;30;
0439;145372392;1;0;1085;1#2;30;
0439;145372393;1;0;751;1#2;30;
0439;145372394;1;0;842;1#2;30;
0439;145372395;1;0;1992;1#2;30;
0439;145372396;1;0;1677;1#2;30;
0439;145372397;1;0;1335;1#2;30;
0439;145372398;1;0;628;1#2;30;
0439;145372399;1;0;934;1#2;30;
0439;145372400;1;0;741;1#2;60;
0439;145372401;1;0;995;1#2;60;
0439;145372402;1;0;1013;1#2;60;
0439;145372403;1;0;1140;1#2;30;
0439;145372404;1;0;1080;1#2;30;
0439;145372405;1;0;607;1#2;30;
0439;145372406;1;0;892;1#2;30;
0439;145372407;1;0;678;1#2;30;
0439;145372408;1;0;277;1#2;30;
0439;145372409;1;0;1222;1#2;30;
0439;145372410;1;0;780;1#2;30;
0439;145372411;1;0;587;1#2;30;
0439;145372412;1;0;2063;1#2;30;
0439;145372413;1;0;914;1#2;30;
0439;145372414;1;0;852;1#2;30;
0439;145372415;1;0;1054;1#2;30;
0439;145372416;1;0;1538;1#2;30;
0439;145372417;1;0;418;1#2;30;
0439;145372418;1;0;793;1#2;30;
0439;145372419;1;0;5227;1#2;30;
0439;145372420;1;0;789;1#2;60;
0439;145372421;1;0;1872;1#2;60;
0439;145372422;1;0;1407;1#2;60;
0439;145372423;1;0;828;1#2;30;
0439;145372424;1;0;2548;1#2;30;
0439;145372425;1;0;4807;1#2;30;
0439;145372426;1;0;6580;1#2;30;
0439;145372427;1;0;1939;1#2;60;
0439;145372428;1;0;2855;1#2;30;
0439;145372429;1;0;2363;1#2;60;
0439;145372430;1;0;814;1#2;30;
0439;145372431;1;0;2493;1#2;30;
0439;145372432;1;0;1834;1#2;30;
0439;145372433;1;0;502;1#2;60;
0439;145372434;1;0;2188;1#2;30;
0439;145372435;1;0;228;1#2;30;
0439;145372436;1;0;660;1#2;30;
0439;145372437;1;0;1564;1#2;30;
0439;145372438;1;0;1112;1#2;30;
0439;145372439;1;0;1241;1#2;30;
0439;145372440;1;0;919;1#2;30;
0439;145372441;1;0;1688;1#2;30;
0439;145372442;1;0;1562;1#2;30;
0439;145372443;1;0;757;1#2;30;
0439;145372444;1;0;259;1#2;30;
0439;145372445;1;0;23;1#2;40;
0439;145372446;1;0;22;1#2;30;
0439;145372447;1;0;15;1#2;40;
0439;145372448;1;0;36;1#2;30;
0439;145372449;1;0;229;1#2;30;
0439;145372450;1;0;38;1#2;30;
0439;145372451;1;0;44;1#2;30;
0439;145372452;1;0;72;1#2;40;
0439;145372453;1;0;296;1#2;30;
0439;145372454;1;0;374;1#2;30;
0439;145372455;1;0;108;1#2;30;
0439;145372456;1;0;54;1#2;30;
0439;145372457;1;0;81;1#2;30;
0439;145372458;1;0;227;1#2;30;
0439;145372459;1;0;48;1#2;30;
0439;145372460;1;0;77;1#2;60;
0439;145372461;1;0;76;1#2;30;
0439;145372462;1;0;56;1#2;30;
0439;145372463;1;0;142;1#2;40;
0439;145372464;1;0;93;1#2;30;
0439;145372465;1;0;8;1#2;30;
0439;145372466;1;0;128;1#2;30;
0439;145372467;1;0;210;1#2;30;
0439;145372468;1;0;152;1#2;30;
0439;145372469;1;0;112;1#2;30;
0439;145372470;1;0;37;1#2;30;
0439;145372471;1;0;170;1#2;30;
0439;145372472;1;0;44;1#2;30;
0439;145372473;1;0;64;1#2;30;
0439;145372474;1;0;160;1#2;30;
0439;145372475;1;0;147;1#2;30;
0439;145372476;1;0;113;1#2;30;
0439;145372477;1;0;98;1#2;30;
0439;145372478;1;0;272;1#2;30;
0439;145372479;1;0;119;1#2;30;
0439;145372480;1;0;23;1#2;30;
0439;145372481;1;0;96;1#2;30;
0439;145372482;1;0;369;1#2;30;
0439;145372483;1;0;278;1#2;30;
0439;145372484;1;0;41;1#2;30;
0439;145372485;1;0;121;1#2;30;
0439;145372486;1;0;220;1#2;30;
0439;145372487;1;0;130;1#2;30;
0439;145372488;1;0;93;1#2;30;
0439;145372489;1;0;72;1#2;30;
0439;145372490;1;0;38;1#2;30;
0439;145372491;1;0;27;1#2;30;
0439;145372492;1;0;24;1#2;30;
0439;145372493;1;0;13;1#2;40;
0439;145372494;1;0;270;1#2;60;
0439;145372495;1;0;136;1#2;60;
0439;145372496;1;0;15;1#2;60;
0439;145372497;1;0;125;1#2;30;
0439;145372498;1;0;22;1#2;30;
0439;145372499;1;0;306;1#2;30;
0439;145372500;1;0;101;1#2;30;
0439;145372501;1;0;25;1#2;30;
0439;145372502;1;0;32;1#2;30;
0439;145372503;1;0;42;1#2;30;
0439;145372504;1;0;149;1#2;30;
0439;145372505;1;0;273;1#2;30;
0439;145372506;1;0;29;1#2;30;
0439;145372507;1;0;306;1#2;30;
0439;145372508;1;0;399;1#2;30;
0439;145372509;1;0;43;1#2;30;
0439;145372510;1;0;118;1#2;30;
0439;145372511;1;0;94;1#2;30;
0439;145372512;1;0;190;1#2;30;
0439;145372513;1;0;11;1#2;30;
0439;145372514;1;0;269;1#2;30;
0439;145372515;1;0;77;1#2;30;
0439;145372516;1;0;20;1#2;30;
0439;145372517;1;0;61;1#2;30;
0439;145372518;1;0;12;1#2;30;
0439;145372519;1;0;33;1#2;30;
0439;145372520;1;0;134;1#2;30;
0439;145372521;1;0;258;1#2;30;
0439;145372522;1;0;133;1#2;30;
0439;145372523;1;0;52;1#2;30;
0439;145372524;1;0;93;1#2;30;
0439;145372525;1;0;109;1#2;30;
0439;145372526;1;0;165;1#2;30;
0439;145372527;1;0;144;1#2;30;
0439;145372528;1;0;73;1#2;30;
0439;145372529;1;0;124;1#2;30;
0439;145372530;1;0;115;1#2;30;
0439;145372531;1;0;135;1#2;30;
0439;145372532;1;0;94;1#2;30;
0439;145372533;1;0;49;1#2;30;
0439;145372534;1;0;7;1#2;30;
0439;145372535;1;0;78;1#2;30;
0439;145372536;1;0;8;1#2;30;
0439;145372537;1;0;152;1#2;30;
0439;145372538;1;0;121;1#2;30;
0439;145372539;1;0;124;1#2;30;
0439;145372540;1;0;252;1#2;30;
0439;145372541;1;0;374;1#2;30;
0439;145372542;1;0;177;1#2;30;
0439;145372543;1;0;200;1#2;30;
0439;145372544;1;0;7;1#2;30;
0439;145372545;1;0;197;1#2;30;
0439;145372546;1;0;12;1#2;30;
0439;145372547;1;0;103;1#2;30;
0439;145372548;1;0;22;1#2;30;
0439;145372549;1;0;173;1#2;30;
0439;145372550;1;0;120;1#2;30;
0439;145372551;1;0;37;1#2;30;
0439;145372552;1;0;96;1#2;30;
0439;145372553;1;0;28;1#2;30;
0439;145372554;1;0;73;1#2;30;
0439;145372555;1;0;26;1#2;30;
0439;145372556;1;0;345;1#2;30;
0439;145372557;1;0;144;1#2;30;
0439;145372558;1;0;49;1#2;30;
0439;145372559;1;0;120;1#2;30;
0439;145372560;1;0;52;1#2;60;
0439;145372561;1;0;232;1#2;30;
0439;145372562;1;0;30;1#2;30;
0439;145372563;1;0;30;1#2;30;
0439;145372564;1;0;114;1#2;30;
0439;145372565;1;0;232;1#2;30;
0439;145372566;1;0;209;1#2;30;
0439;145372567;1;0;295;1#2;30;
0439;145372568;1;0;24;1#2;30;
0439;145372569;1;0;198;1#2;30;
0439;145372570;1;0;182;1#2;30;
0439;145372571;1;0;88;1#2;30;
0439;145372572;1;0;211;1#2;30;
0439;145372573;1;0;646;1#2;30;
0439;145372574;1;0;548;1#2;60;
0439;145372575;1;0;92;1#2;30;
0439;145372576;1;0;44;1#2;30;
0439;145372577;1;0;43;1#2;30;
0439;145372578;1;0;21;1#2;30;
0439;145372579;1;0;39;1#2;30;
0439;145372580;1;0;15;1#2;30;
0439;145372581;1;0;118;1#2;30;
0439;145372582;1;0;71;1#2;30;
0439;145372583;1;0;96;1#2;30;
0439;145372584;1;0;5;1#2;30;
0439;145372585;1;0;75;1#2;30;
0439;145372586;1;0;58;1#2;30;
0439;145372587;1;0;107;1#2;30;
0439;145372588;1;0;85;1#2;30;
0439;145372589;1;0;66;1#2;30;
0439;145372590;1;0;7;1#2;30;
0439;145372591;1;0;112;1#2;30;
0439;145372592;1;0;66;1#2;30;
0439;145372593;1;0;31;1#2;30;
0439;145372594;1;0;27;1#2;30;
0439;145372595;1;0;59;1#2;30;
0439;145372596;1;0;53;1#2;30;
0439;145372597;1;0;66;1#2;30;
0439;145372598;1;0;11;1#2;60;
0439;145372599;1;0;44;1#2;30;
0439;145372600;1;0;14;1#2;30;
0439;145372601;1;0;57;1#2;30;
0439;145372602;1;0;184;1#2;30;
0439;145372603;1;0;41;1#2;60;
0439;145372604;1;0;66;1#2;60;
0439;145372605;1;0;111;1#2;30;
0439;145372606;1;0;37;1#2;30;
0439;145372607;1;0;659;1#2;60;
0439;145372608;1;0;105;1#2;30;
0439;145372609;1;0;58;1#2;30;
0439;145372610;1;0;211;1#2;30;
0439;145372611;1;0;168;1#2;30;
0439;145372612;1;0;89;1#2;30;
0439;145372613;1;0;292;1#2;30;
0439;145372614;1;0;416;1#2;30;
0439;145372615;1;0;287;1#2;30;
0439;145372616;1;0;37;1#2;30;
0439;145372617;1;0;67;1#2;30;
0439;145372618;1;0;22;1#2;30;
0439;145372619;1;0;74;1#2;30;
0439;145372620;1;0;107;1#2;30;
0439;145372621;1;0;4;1#2;30;
0439;145372622;1;0;80;1#2;30;
0439;145372623;1;0;46;1#2;30;
0439;145372624;1;0;50;1#2;30;
0439;145372625;1;0;102;1#2;30;
0439;145372626;1;0;116;1#2;30;
0439;145372627;1;0;306;1#2;30;
0439;145372628;1;0;128;1#2;30;
0439;145372629;1;0;554;1#2;30;
0439;145372630;1;0;154;1#2;30;
0439;145372631;1;0;97;1#2;30;
0439;145372632;1;0;958;1#2;30;
0439;145372633;1;0;167;1#2;30;
0439;145372634;1;0;294;1#2;30;
0439;145372635;1;0;19;1#2;30;
0439;145372636;1;0;131;1#2;30;
0439;145372637;1;0;147;1#2;30;
0439;145372638;1;0;368;1#2;30;
0439;145372639;1;0;149;1#2;30;
0439;145372640;1;0;386;1#2;30;
0439;145372641;1;0;61;1#2;30;
0439;145372642;1;0;68;1#2;30;
0439;145372643;1;0;24;1#2;30;
0439;145372644;1;0;109;1#2;30;
0439;145372645;1;0;87;1#2;30;
0439;145372646;1;0;63;1#2;30;
0439;145372647;1;0;34;1#2;30;
0439;145372648;1;0;204;1#2;30;
0439;145372649;1;0;23;1#2;30;
0439;145372650;1;0;33;1#2;30;
0439;145372651;1;0;157;1#2;30;
0439;145372652;1;0;132;1#2;30;
0439;145372653;1;0;74;1#2;30;
0439;145372654;1;0;48;1#2;30;
0439;145372655;1;0;31;1#2;30;
0439;145372656;1;0;94;1#2;30;
0439;145372657;1;0;113;1#2;30;
0439;145372658;1;0;72;1#2;30;
0439;145372659;1;0;169;1#2;30;
0439;145372660;1;0;75;1#2;30;
0439;145372661;1;0;75;1#2;30;
0439;145372662;1;0;287;1#2;30;
0439;145372663;1;0;121;1#2;30;
0439;145372664;1;0;374;1#2;30;
0439;145372665;1;0;222;1#2;30;
0439;145372666;1;0;55;1#2;30;
0439;145372667;1;0;255;1#2;30;
0439;145372668;1;0;60;1#2;30;
0439;145372669;1;0;204;1#2;30;
0439;145372670;1;0;72;1#2;30;
0439;145372671;1;0;101;1#2;30;
0439;145372672;1;0;124;1#2;30;
0439;145372673;1;0;343;1#2;30;
0439;145372674;1;0;54;1#2;30;
0439;145372675;1;0;40;1#2;30;
0439;145372676;1;0;26;1#2;30;
0439;145372677;1;0;36;1#2;30;
0439;145372678;1;0;118;1#2;30;
0439;145372679;1;0;86;1#2;30;
0439;145372680;1;0;97;1#2;30;
0439;145372681;1;0;56;1#2;30;
0439;145372682;1;0;56;1#2;30;
0439;145372683;1;0;27;1#2;30;
0439;145372684;1;0;32;1#2;30;
0439;145372685;1;0;302;1#2;30;
0439;145372686;1;0;585;1#2;30;
0439;145372687;1;0;88;1#2;30;
0439;145372688;1;0;132;1#2;30;
0439;145372689;1;0;38;1#2;30;
0439;145372690;1;0;308;1#2;30;
0439;145372691;1;0;323;1#2;30;
0439;145372692;1;0;33;1#2;30;
0439;145372693;1;0;271;1#2;30;
0439;145372694;1;0;409;1#2;30;
0439;145372695;1;0;78;1#2;30;
0439;145372696;1;0;596;1#2;30;
0439;145372697;1;0;100;1#2;30;
0439;145372698;1;0;150;1#2;30;
0439;145372699;1;0;201;1#2;30;
0439;145372700;1;0;100;1#2;30;
0439;145372701;1;0;459;1#2;30;
0439;145372702;1;0;169;1#2;30;
0439;145372703;1;0;468;1#2;30;
0439;145372704;1;0;438;1#2;30;
0439;145372705;1;0;300;1#2;30;
0439;145372706;1;0;324;1#2;30;
0439;145372707;1;0;432;1#2;30;
0439;145372708;1;0;218;1#2;30;
0439;145372709;1;0;187;1#2;30;
0439;145372710;1;0;153;1#2;30;
0439;145372711;1;0;238;1#2;30;
0439;145372712;1;0;140;1#2;30;
0439;145372713;1;0;55;1#2;30;
0439;145372714;1;0;528;1#2;30;
0439;145372715;1;0;149;1#2;30;
0439;145372716;1;0;173;1#2;30;
0439;145372717;1;0;29;1#2;30;
0439;145372718;1;0;405;1#2;30;
0439;145372719;1;0;59;1#2;30;
0439;145372720;1;0;28;1#2;30;
0439;145372721;1;0;214;1#2;30;
0439;145372722;1;0;96;1#2;30;
0439;145372723;1;0;141;1#2;30;
0439;145372724;1;0;122;1#2;30;
0439;145372725;1;0;289;1#2;30;
0439;145372726;1;0;412;1#2;30;
0439;145372727;1;0;157;1#2;30;
0439;145372728;1;0;78;1#2;30;
0439;145372729;1;0;35;1#2;30;
0439;145372730;1;0;349;1#2;30;
0439;145372731;1;0;9;1#2;30;
0439;145372732;1;0;47;1#2;30;
0439;145372733;1;0;80;1#2;30;
0439;145372734;1;0;152;1#2;30;
0439;145372735;1;0;30;1#2;30;
0439;145372736;1;0;207;1#2;30;
0439;145372737;1;0;25;1#2;30;
0439;145372738;1;0;374;1#2;30;
0439;145372739;1;0;70;1#2;30;
0439;145372740;1;0;167;1#2;30;
0439;145372741;1;0;5;1#2;30;
0439;145372742;1;0;257;1#2;30;
0439;145372743;1;0;54;1#2;30;
0439;145372744;1;0;183;1#2;30;
0439;145372745;1;0;36;1#2;30;
0439;145372746;1;0;297;1#2;30;
0439;145372747;1;0;64;1#2;30;
0439;145372748;1;0;256;1#2;30;
0439;145372749;1;0;499;1#2;30;
0439;145372750;1;0;388;1#2;60;
0439;145372751;1;0;204;1#2;60;
0439;145372752;1;0;191;1#2;30;
0439;145372753;1;0;137;1#2;30;
0439;145372754;1;0;99;1#2;30;
0439;145372755;1;0;103;1#2;30;
0439;145372756;1;0;322;1#2;30;
0439;145372757;1;0;31;1#2;30;
0439;145372758;1;0;81;1#2;30;
0439;145372759;1;0;321;1#2;30;
0439;145372760;1;0;23;1#2;30;
0439;145372761;1;0;629;1#2;30;
0439;145372762;1;0;510;1#2;30;
0439;145372763;1;0;261;1#2;30;
0439;145372764;1;0;126;1#2;30;
0439;145372765;1;0;122;1#2;30;
0439;145372766;1;0;6;1#2;30;
0439;145372767;1;0;195;1#2;30;
0439;145372768;1;0;43;1#2;30;
0439;145372769;1;0;253;1#2;30;
0439;145372770;1;0;24;1#2;30;
0439;145372771;1;0;472;1#2;30;
0439;145372772;1;0;73;1#2;30;
0439;145372773;1;0;96;1#2;60;
0439;145372774;1;0;51;1#2;30;
0439;145372775;1;0;102;1#2;30;
0439;145372776;1;0;243;1#2;30;
0439;145372777;1;0;162;1#2;30;
0439;145372778;1;0;58;1#2;30;
0439;145372779;1;0;140;1#2;30;
0439;145372780;1;0;157;1#2;30;
0439;145372781;1;0;49;1#2;30;
0439;145372782;1;0;212;1#2;30;
0439;145372783;1;0;86;1#2;30;
0439;145372784;1;0;212;1#2;30;
0439;145372785;1;0;9;1#2;30;
0439;145372786;1;0;151;1#2;30;
0439;145372787;1;0;247;1#2;30;
0439;145372788;1;0;335;1#2;30;
0439;145372789;1;0;15;1#2;30;
0439;145372790;1;0;108;1#2;30;
0439;145372791;1;0;58;1#2;30;
0439;145372792;1;0;355;1#2;30;
0439;145372793;1;0;547;1#2;30;
0439;145372794;1;0;28;1#2;30;
0439;145372795;1;0;84;1#2;30;
0439;145372796;1;0;62;1#2;30;
0439;145372797;1;0;83;1#2;30;
0439;145372798;1;0;8;1#2;30;
0439;145372799;1;0;220;1#2;30;
0439;145372800;1;0;78;1#2;30;
0439;145372801;1;0;124;1#2;30;
0439;145372802;1;0;121;1#2;30;
0439;145372803;1;0;174;1#2;30;
0439;145372804;1;0;461;1#2;30;
0439;145372805;1;0;67;1#2;30;
0439;145372806;1;0;80;1#2;30;
0439;145372807;1;0;10;1#2;30;
0439;145372808;1;0;126;1#2;30;
0439;145372809;1;0;450;1#2;30;
0439;145372810;1;0;277;1#2;30;
0439;145372811;1;0;152;1#2;30;
0439;145372812;1;0;120;1#2;30;
0439;145372813;1;0;133;1#2;30;
0439;145372814;1;0;226;1#2;30;
0439;145372815;1;0;445;1#2;30;
0439;145372816;1;0;64;1#2;30;
0439;145372817;1;0;236;1#2;30;
0439;145372818;1;0;364;1#2;30;
0439;145372819;1;0;473;1#2;60;
0439;145372820;1;0;127;1#2;30;
0439;145372821;1;0;73;1#2;30;
0439;145372822;1;0;148;1#2;30;
0439;145372823;1;0;61;1#2;30;
0439;145372824;1;0;14;1#2;30;
0439;145372825;1;0;37;1#2;30;
0439;145372826;1;0;55;1#2;30;
0439;145372827;1;0;58;1#2;30;
0439;145372828;1;0;53;1#2;30;
0439;145372829;1;0;50;1#2;30;
0439;145372830;1;0;55;1#2;30;
0439;145372831;1;0;26;1#2;30;
0439;145372832;1;0;21;1#2;30;
0439;145372833;1;0;19;1#2;30;
0439;145372834;1;0;65;1#2;30;
0439;145372835;1;0;43;1#2;30;
0439;145372836;1;0;32;1#2;30;
0439;145372837;1;0;23;1#2;30;
0439;145372838;1;0;55;1#2;30;
0439;145372839;1;0;57;1#2;30;
0439;145372840;1;0;63;1#2;30;
0439;145372841;1;0;12;1#2;30;
0439;145372842;1;0;59;1#2;30;
0439;145372843;1;0;47;1#2;30;
0439;145372844;1;0;58;1#2;30;
0439;145372845;1;0;89;1#2;30;
0439;145372846;1;0;19;1#2;30;
0439;145372847;1;0;74;1#2;30;
0439;145372848;1;0;49;1#2;30;
0439;145372849;1;0;58;1#2;30;
0439;145372850;1;0;39;1#2;30;
0439;145372851;1;0;23;1#2;30;
0439;145372852;1;0;18;1#2;30;
0439;145372853;1;0;87;1#2;30;
0439;145372854;1;0;66;1#2;30;
0439;145372855;1;0;33;1#2;30;
0439;145372856;1;0;33;1#2;30;
0439;145372857;1;0;84;1#2;30;
0439;145372858;1;0;44;1#2;30;
0439;145372859;1;0;61;1#2;30;
0439;145372860;1;0;14;1#2;30;
0439;145372861;1;0;25;1#2;30;
0439;145372862;1;0;12;1#2;30;
0439;145372863;1;0;81;1#2;30;
0439;145372864;1;0;32;1#2;30;
0439;145372865;1;0;62;1#2;30;
0439;145372866;1;0;20;1#2;30;
0439;145372867;1;0;53;1#2;30;
0439;145372868;1;0;53;1#2;30;
0439;145372869;1;0;61;1#2;30;
0439;145372870;1;0;55;1#2;30;
0439;145372871;1;0;32;1#2;30;
0439;145372872;1;0;46;1#2;30;
0439;145372873;1;0;48;1#2;30;
0439;145372874;1;0;140;1#2;30;
0439;145372875;1;0;65;1#2;30;
0439;145372876;1;0;82;1#2;30;
0439;145372877;1;0;23;1#2;30;
0439;145372878;1;0;53;1#2;30;
0439;145372879;1;0;37;1#2;30;
0439;145372880;1;0;48;1#2;30;
0439;145372881;1;0;53;1#2;30;
0439;145372882;1;0;10;1#2;30;
0439;145372883;1;0;34;1#2;30;
0439;145372884;1;0;34;1#2;30;
0439;145372885;1;0;58;1#2;30;
0439;145372886;1;0;42;1#2;30;
0439;145372887;1;0;45;1#2;30;
0439;145372888;1;0;62;1#2;30;
0439;145372889;1;0;41;1#2;30;
0439;145372890;1;0;35;1#2;30;
0439;145372891;1;0;77;1#2;30;
0439;145372892;1;0;42;1#2;30;
0439;145372893;1;0;36;1#2;30;
0439;145372894;1;0;66;1#2;30;
0439;145372895;1;0;51;1#2;30;
0439;145372896;1;0;60;1#2;30;
0439;145372897;1;0;41;1#2;30;
0439;145372898;1;0;23;1#2;30;
0439;145372899;1;0;80;1#2;30;
0439;145372900;1;0;60;1#2;30;
0439;145372901;1;0;75;1#2;30;
0439;145372902;1;0;10;1#2;30;
0439;145372903;1;0;59;1#2;30;
0439;145372904;1;0;47;1#2;30;
0439;145372905;1;0;31;1#2;30;
0439;145372906;1;0;61;1#2;30;
0439;145372907;1;0;63;1#2;30;
0439;145372908;1;0;36;1#2;30;
0439;145372909;1;0;16;1#2;30;
0439;145372910;1;0;64;1#2;30;
0439;145372911;1;0;78;1#2;30;
0439;145372912;1;0;72;1#2;30;
0439;145372913;1;0;38;1#2;30;
0439;145372914;1;0;40;1#2;40;
0439;145372915;1;0;43;1#2;30;
0439;145372916;1;0;24;1#2;30;
0439;145372917;1;0;57;1#2;30;
0439;145372918;1;0;56;1#2;30;
0439;145372919;1;0;49;1#2;30;
0439;145372920;1;0;49;1#2;30;
0439;145372921;1;0;41;1#2;30;
0439;145372922;1;0;37;1#2;30;
0439;145372923;1;0;35;1#2;30;
0439;145372924;1;0;35;1#2;30;
0439;145372925;1;0;45;1#2;30;
0439;145372926;1;0;66;1#2;30;
0439;145372927;1;0;53;1#2;30;
0439;145372928;1;0;80;1#2;30;
0439;145372929;1;0;38;1#2;30;
0439;145372930;1;0;56;1#2;30;
0439;145372931;1;0;52;1#2;30;
0439;145372932;1;0;48;1#2;30;
0439;145372933;1;0;51;1#2;30;
0439;145372934;1;0;43;1#2;30;
0439;145372935;1;0;47;1#2;30;
0439;145372936;1;0;72;1#2;30;
0439;145372937;1;0;66;1#2;30;
0439;145372938;1;0;41;1#2;30;
0439;145372939;1;0;8;1#2;30;
0439;145372940;1;0;104;1#2;30;
0439;145372941;1;0;62;1#2;30;
0439;145372942;1;0;37;1#2;30;
0439;145372943;1;0;42;1#2;30;
0439;145372944;1;0;47;1#2;30;
0439;145372945;1;0;54;1#2;30;
0439;145372946;1;0;59;1#2;30;
0439;145372947;1;0;56;1#2;30;
0439;145372948;1;0;32;1#2;30;
0439;145372949;1;0;61;1#2;30;
0439;145372950;1;0;38;1#2;30;
0439;145372951;1;0;30;1#2;30;
0439;145372952;1;0;41;1#2;30;
0439;145372953;1;0;71;1#2;30;
0439;145372954;1;0;45;1#2;30;
0439;145372955;1;0;66;1#2;30;
0439;145372956;1;0;67;1#2;30;
0439;145372957;1;0;62;1#2;30;
0439;145372958;1;0;7;1#2;30;
0439;145372959;1;0;43;1#2;30;
0439;145372960;1;0;69;1#2;30;
0439;145372961;1;0;65;1#2;30;
0439;145372962;1;0;27;1#2;30;
0439;145372963;1;0;57;1#2;30;
0439;145372964;1;0;51;1#2;30;
0439;145372965;1;0;50;1#2;30;
0439;145372966;1;0;58;1#2;30;
0439;145372967;1;0;48;1#2;30;
0439;145372968;1;0;46;1#2;30;
0439;145372969;1;0;44;1#2;30;
0439;145372970;1;0;54;1#2;30;
0439;145372971;1;0;31;1#2;30;
0439;145372972;1;0;33;1#2;30;
0439;145372973;1;0;58;1#2;30;
0439;145372974;1;0;705;1#2;60;
0439;145372975;1;0;28;1#2;30;
0439;145372976;1;0;36;1#2;30;
0439;145372977;1;0;57;1#2;30;
0439;145372978;1;0;117;1#2;30;
0439;145372979;1;0;85;1#2;30;
0439;145372980;1;0;66;1#2;30;
0439;145372981;1;0;84;1#2;30;
0439;145372982;1;0;773;1#2;60;
0439;145372983;1;0;54;1#2;30;
0439;145372984;1;0;91;1#2;30;
0439;145372985;1;0;68;1#2;30;
0439;145372986;1;0;47;1#2;30;
0439;145372987;1;0;95;1#2;30;
0439;145372988;1;0;89;1#2;30;
0439;145372989;1;0;106;1#2;30;
0439;145372990;1;0;72;1#2;30;
0439;145372991;1;0;128;1#2;30;
0439;145372992;1;0;129;1#2;30;
0439;145372993;1;0;63;1#2;30;
0439;145372994;1;0;71;1#2;30;
0439;145372995;1;0;53;1#2;30;
0439;145372996;1;0;344;1#2;30;
0439;145372997;1;0;115;1#2;30;
0439;145372998;1;0;387;1#2;30;
0439;145372999;1;0;102;1#2;30;
0439;145373000;1;0;184;1#2;30;
0439;145373001;1;0;25;1#2;30;
0439;145373002;1;0;247;1#2;30;
0439;145373003;1;0;179;1#2;30;
0439;145373004;1;0;213;1#2;30;
0439;145373005;1;0;74;1#2;30;
0439;145373006;1;0;60;1#2;30;
0439;145373007;1;0;78;1#2;30;
0439;145373008;1;0;114;1#2;30;
0439;145373009;1;0;61;1#2;30;
0439;145373010;1;0;71;1#2;30;
0439;145373011;1;0;466;1#2;30;
0439;145373012;1;0;76;1#2;30;
0439;145373013;1;0;118;1#2;30;
0439;145373014;1;0;68;1#2;30;
0439;145373015;1;0;66;1#2;30;
0439;145373016;1;0;28;1#2;30;
0439;145373017;1;0;191;1#2;30;
0439;145373018;1;0;45;1#2;30;
0439;145373019;1;0;239;1#2;30;
0439;145373020;1;0;47;1#2;30;
0439;145373021;1;0;91;1#2;30;
0439;145373022;1;0;71;1#2;30;
0439;145373023;1;0;157;1#2;30;
0439;145373024;1;0;469;1#2;30;
0439;145373025;1;0;87;1#2;30;
0439;145373026;1;0;37;1#2;30;
0439;145373027;1;0;151;1#2;30;
0439;145373028;1;0;61;1#2;30;
0439;145373029;1;0;78;1#2;30;
0439;145373030;1;0;135;1#2;30;
0439;145373031;1;0;422;1#2;30;
0439;145373032;1;0;50;1#2;30;
0439;145373033;1;0;107;1#2;30;
0439;145373034;1;0;85;1#2;30;
0439;145373035;1;0;153;1#2;30;
0439;145373036;1;0;218;1#2;30;
0439;145373037;1;0;103;1#2;30;
0439;145373038;1;0;70;1#2;30;
0439;145373039;1;0;106;1#2;30;
0439;145373040;1;0;293;1#2;30;
0439;145373041;1;0;49;1#2;30;
0439;145373042;1;0;66;1#2;30;
0439;145373043;1;0;295;1#2;30;
0439;145373044;1;0;69;1#2;30;
0439;145373045;1;0;131;1#2;30;
0439;145373046;1;0;55;1#2;30;
0439;145373047;1;0;101;1#2;30;
0439;145373048;1;0;44;1#2;30;
0439;145373049;1;0;170;1#2;30;
0439;145373050;1;0;524;1#2;30;
0439;145373051;1;0;206;1#2;30;
0439;145373052;1;0;420;1#2;30;
0439;145373053;1;0;172;1#2;30;
0439;145373054;1;0;44;1#2;30;
0439;145373055;1;0;50;1#2;30;
0439;145373056;1;0;67;1#2;30;
0439;145373057;1;0;323;1#2;30;
0439;145373058;1;0;80;1#2;30;
0439;145373059;1;0;137;1#2;30;
0439;145373060;1;0;92;1#2;30;
0439;145373061;1;0;504;1#2;30;
0439;145373062;1;0;39;1#2;30;
0439;145373063;1;0;321;1#2;30;
0439;145373064;1;0;15;1#2;30;
0439;145373065;1;0;88;1#2;30;
0439;145373066;1;0;89;1#2;30;
0439;145373067;1;0;131;1#2;30;
0439;145373068;1;0;75;1#2;30;
0439;145373069;1;0;76;1#2;30;
0439;145373070;1;0;161;1#2;30;
0439;145373071;1;0;102;1#2;30;
0439;145373072;1;0;245;1#2;30;
0439;145373073;1;0;221;1#2;30;
0439;145373074;1;0;241;1#2;30;
0439;145373075;1;0;41;1#2;30;
0439;145373076;1;0;75;1#2;30;
0439;145373077;1;0;95;1#2;30;
0439;145373078;1;0;28;1#2;30;
0439;145373079;1;0;137;1#2;30;
0439;145373080;1;0;56;1#2;30;
0439;145373081;1;0;171;1#2;30;
0439;145373082;1;0;25;1#2;30;
0439;145373083;1;0;205;1#2;30;
0439;145373084;1;0;163;1#2;30;
0439;145373085;1;0;157;1#2;30;
0439;145373086;1;0;127;1#2;30;
0439;145373087;1;0;96;1#2;30;
0439;145373088;1;0;217;1#2;30;
0439;145373089;1;0;272;1#2;30;
0439;145373090;1;0;90;1#2;30;
0439;145373091;1;0;174;1#2;30;
0439;145373092;1;0;95;1#2;30;
0439;145373093;1;0;108;1#2;30;
0439;145373094;1;0;63;1#2;30;
0439;145373095;1;0;324;1#2;30;
0439;145373096;1;0;135;1#2;30;
0439;145373097;1;0;548;1#2;30;
0439;145373098;1;0;708;1#2;30;
0439;145373099;1;0;188;1#2;30;
0439;145373100;1;0;450;1#2;30;
0439;145373101;1;0;84;1#2;30;
0439;145373102;1;0;28;1#2;30;
0439;145373103;1;0;114;1#2;30;
0439;145373104;1;0;83;1#2;30;
0439;145373105;1;0;68;1#2;30;
0439;145373106;1;0;51;1#2;30;
0439;145373107;1;0;358;1#2;30;
0439;145373108;1;0;182;1#2;30;
0439;145373109;1;0;471;1#2;30;
0439;145373110;1;0;549;1#2;30;
0439;145373111;1;0;198;1#2;30;
0439;145373112;1;0;61;1#2;30;
0439;145373113;1;0;153;1#2;30;
0439;145373114;1;0;128;1#2;30;
0439;145373115;1;0;321;1#2;30;
0439;145373116;1;0;157;1#2;30;
0439;145373117;1;0;32;1#2;30;
0439;145373118;1;0;142;1#2;30;
0439;145373119;1;0;150;1#2;30;
0439;145373120;1;0;177;1#2;30;
0439;145373121;1;0;211;1#2;30;
0439;145373122;1;0;266;1#2;30;
0439;145373123;1;0;137;1#2;30;
0439;145373124;1;0;70;1#2;30;
0439;145373125;1;0;205;1#2;30;
0439;145373126;1;0;495;1#2;30;
0439;145373127;1;0;104;1#2;30;
0439;145373128;1;0;85;1#2;30;
0439;145373129;1;0;138;1#2;30;
0439;145373130;1;0;99;1#2;30;
0439;145373131;1;0;122;1#2;30;
0439;145373132;1;0;234;1#2;30;
0439;145373133;1;0;255;1#2;30;
0439;145373134;1;0;58;1#2;30;
0439;145373135;1;0;323;1#2;30;
0439;145373136;1;0;10;1#2;30;
0439;145373137;1;0;159;1#2;30;
0439;145373138;1;0;39;1#2;30;
0439;145373139;1;0;25;1#2;30;
0439;145373140;1;0;18;1#2;30;
0439;145373141;1;0;94;1#2;30;
0439;145373142;1;0;96;1#2;30;
0439;145373143;1;0;106;1#2;30;
0439;145373144;1;0;194;1#2;30;
0439;145373145;1;0;264;1#2;30;
0439;145373146;1;0;126;1#2;30;
0439;145373147;1;0;291;1#2;30;
0439;145373148;1;0;89;1#2;30;
0439;145373149;1;0;73;1#2;30;
0439;145373150;1;0;224;1#2;30;
0439;145373151;1;0;318;1#2;30;
0439;145373152;1;0;101;1#2;30;
0439;145373153;1;0;48;1#2;30;
0439;145373154;1;0;71;1#2;30;
0439;145373155;1;0;81;1#2;30;
0439;145373156;1;0;47;1#2;30;
0439;145373157;1;0;252;1#2;30;
0439;145373158;1;0;331;1#2;30;
0439;145373159;1;0;104;1#2;30;
0439;145373160;1;0;67;1#2;30;
0439;145373161;1;0;69;1#2;30;
0439;145373162;1;0;26;1#2;30;
0439;145373163;1;0;433;1#2;30;
0439;145373164;1;0;113;1#2;30;
0439;145373165;1;0;64;1#2;30;
0439;145373166;1;0;467;1#2;30;
0439;145373167;1;0;35;1#2;30;
0439;145373168;1;0;161;1#2;30;
0439;145373169;1;0;108;1#2;30;
0439;145373170;1;0;80;1#2;30;
0439;145373171;1;0;496;1#2;30;
0439;145373172;1;0;373;1#2;30;
0439;145373173;1;0;352;1#2;30;
0439;145373174;1;0;163;1#2;30;
0439;145373175;1;0;66;1#2;30;
0439;145373176;1;0;321;1#2;30;
0439;145373177;1;0;448;1#2;30;
0439;145373178;1;0;64;1#2;30;
0439;145373179;1;0;383;1#2;30;
0439;145373180;1;0;44;1#2;30;
0439;145373181;1;0;81;1#2;30;
0439;145373182;1;0;188;1#2;30;
0439;145373183;1;0;109;1#2;30;
0439;145373184;1;0;90;1#2;30;
0439;145373185;1;0;105;1#2;30;
0439;145373186;1;0;155;1#2;30;
0439;145373187;1;0;106;1#2;30;
0439;145373188;1;0;151;1#2;30;
0439;145373189;1;0;201;1#2;30;
0439;145373190;1;0;98;1#2;30;
0439;145373191;1;0;81;1#2;30;
0439;145373192;1;0;198;1#2;30;
0439;145373193;1;0;95;1#2;30;
0439;145373194;1;0;134;1#2;30;
0439;145373195;1;0;155;1#2;30;
0439;145373196;1;0;75;1#2;30;
0439;145373197;1;0;95;1#2;30;
0439;145373198;1;0;36;1#2;30;
0439;145373199;1;0;197;1#2;30;
0439;145373200;1;0;249;1#2;30;
0439;145373201;1;0;110;1#2;30;
0439;145373202;1;0;260;1#2;30;
0439;145373203;1;0;87;1#2;30;
0439;145373204;1;0;69;1#2;30;
0439;145373205;1;0;29;1#2;30;
0439;145373206;1;0;17;1#2;30;
0439;145373207;1;0;146;1#2;30;
0439;145373208;1;0;50;1#2;30;
0439;145373209;1;0;188;1#2;30;
0439;145373210;1;0;10;1#2;30;
0439;145373211;1;0;242;1#2;30;
0439;145373212;1;0;78;1#2;30;
0439;145373213;1;0;100;1#2;30;
0439;145373214;1;0;54;1#2;30;
0439;145373215;1;0;257;1#2;30;
0439;145373216;1;0;314;1#2;30;
0439;145373217;1;0;27;1#2;30;
0439;145373218;1;0;97;1#2;30;
0439;145373219;1;0;146;1#2;30;
0439;145373220;1;0;320;1#2;30;
0439;145373221;1;0;78;1#2;30;
0439;145373222;1;0;34;1#2;30;
0439;145373223;1;0;148;1#2;30;
0439;145373224;1;0;15;1#2;30;
0439;145373225;1;0;97;1#2;30;
0439;145373226;1;0;104;1#2;30;
0439;145373227;1;0;40;1#2;30;
0439;145373228;1;0;103;1#2;30;
0439;145373229;1;0;123;1#2;30;
0439;145373230;1;0;90;1#2;30;
0439;145373231;1;0;143;1#2;30;
0439;145373232;1;0;193;1#2;30;
0439;145373233;1;0;156;1#2;30;
0439;145373234;1;0;176;1#2;30;
0439;145373235;1;0;177;1#2;30;
0439;145373236;1;0;4;1#2;30;
0439;145373237;1;0;185;1#2;30;
0439;145373238;1;0;563;1#2;30;
0439;145373239;1;0;31;1#2;30;
0439;145373240;1;0;687;1#2;30;
0439;145373241;1;0;148;1#2;30;
0439;145373242;1;0;228;1#2;30;
0439;145373243;1;0;131;1#2;30;
0439;145373244;1;0;31;1#2;30;
0439;145373245;1;0;46;1#2;30;
0439;145373246;1;0;119;1#2;30;
0439;145373247;1;0;201;1#2;30;
0439;145373248;1;0;11;1#2;30;
0439;145373249;1;0;307;1#2;30;
0439;145373250;1;0;271;1#2;30;
0439;145373251;1;0;227;1#2;30;
0439;145373252;1;0;110;1#2;30;
0439;145373253;1;0;421;1#2;30;
0439;145373254;1;0;62;1#2;30;
0439;145373255;1;0;364;1#2;30;
0439;145373256;1;0;191;1#2;30;
0439;145373257;1;0;111;1#2;30;
0439;145373258;1;0;73;1#2;30;
0439;145373259;1;0;181;1#2;30;
0439;145373260;1;0;118;1#2;30;
0439;145373261;1;0;345;1#2;30;
0439;145373262;1;0;39;1#2;30;
0439;145373263;1;0;160;1#2;30;
0439;145373264;1;0;171;1#2;30;
0439;145373265;1;0;289;1#2;30;
0439;145373266;1;0;50;1#2;30;
0439;145373267;1;0;58;1#2;30;
0439;145373268;1;0;61;1#2;30;
0439;145373269;1;0;17;1#2;30;
0439;145373270;1;0;203;1#2;30;
0439;145373271;1;0;61;1#2;30;
0439;145373272;1;0;72;1#2;30;
0439;145373273;1;0;25;1#2;30;
0439;145373274;1;0;70;1#2;30;
0439;145373275;1;0;74;1#2;30;
0439;145373276;1;0;102;1#2;30;
0439;145373277;1;0;57;1#2;30;
0439;145373278;1;0;54;1#2;30;
0439;145373279;1;0;50;1#2;30;
0439;145373280;1;0;104;1#2;30;
0439;145373281;1;0;49;1#2;30;
0439;145373282;1;0;94;1#2;30;
0439;145373283;1;0;83;1#2;30;
0439;145373284;1;0;74;1#2;30;
0439;145373285;1;0;135;1#2;30;
0439;145373286;1;0;120;1#2;30;
0439;145373287;1;0;38;1#2;30;
0439;145373288;1;0;70;1#2;30;
0439;145373289;1;0;125;1#2;30;
0439;145373290;1;0;141;1#2;30;
0439;145373291;1;0;249;1#2;30;
0439;145373292;1;0;178;1#2;30;
0439;145373293;1;0;64;1#2;30;
0439;145373294;1;0;109;1#2;30;
0439;145373295;1;0;134;1#2;30;
0439;145373296;1;0;101;1#2;30;
0439;145373297;1;0;39;1#2;30;
0439;145373298;1;0;42;1#2;30;
0439;145373299;1;0;171;1#2;30;
0439;145373300;1;0;4;1#2;30;
0439;145373301;1;0;80;1#2;30;
0439;145373302;1;0;60;1#2;30;
0439;145373303;1;0;154;1#2;30;
0439;145373304;1;0;82;1#2;30;
0439;145373305;1;0;81;1#2;30;
0439;145373306;1;0;37;1#2;30;
0439;145373307;1;0;81;1#2;30;
0439;145373308;1;0;79;1#2;30;
0439;145373309;1;0;154;1#2;30;
0439;145373310;1;0;91;1#2;30;
0439;145373311;1;0;95;1#2;30;
0439;145373312;1;0;90;1#2;30;
0439;145373313;1;0;56;1#2;30;
0439;145373314;1;0;55;1#2;30;
0439;145373315;1;0;105;1#2;30;
0439;145373316;1;0;73;1#2;30;
0439;145373317;1;0;77;1#2;30;
0439;145373318;1;0;313;1#2;30;
0439;145373319;1;0;347;1#2;30;
0439;145373320;1;0;397;1#2;30;
0439;145373321;1;0;188;1#2;30;
0439;145373322;1;0;429;1#2;30;
0439;145373323;1;0;77;1#2;30;
0439;145373324;1;0;231;1#2;30;
0439;145373325;1;0;177;1#2;30;
0439;145373326;1;0;109;1#2;30;
0439;145373327;1;0;80;1#2;30;
0439;145373328;1;0;103;1#2;30;
0439;145373329;1;0;372;1#2;30;
0439;145373330;1;0;31;1#2;30;
0439;145373331;1;0;23;1#2;30;
0439;145373332;1;0;122;1#2;30;
0439;145373333;1;0;96;1#2;30;
0439;145373334;1;0;471;1#2;30;
0439;145373335;1;0;316;1#2;30;
0439;145373336;1;0;146;1#2;30;
0439;145373337;1;0;113;1#2;30;
0439;145373338;1;0;85;1#2;30;
0439;145373339;1;0;153;1#2;30;
0439;145373340;1;0;31;1#2;30;
0439;145373341;1;0;80;1#2;30;
0439;145373342;1;0;44;1#2;30;
0439;145373343;1;0;83;1#2;30;
0439;145373344;1;0;209;1#2;30;
0439;145373345;1;0;183;1#2;30;
0439;145373346;1;0;153;1#2;30;
0439;145373347;1;0;126;1#2;30;
0439;145373348;1;0;438;1#2;30;
0439;145373349;1;0;78;1#2;30;
0439;145373350;1;0;293;1#2;30;
0439;145373351;1;0;53;1#2;30;
0439;145373352;1;0;174;1#2;30;
0439;145373353;1;0;204;1#2;30;
0439;145373354;1;0;229;1#2;30;
0439;145373355;1;0;206;1#2;30;
0439;145373356;1;0;284;1#2;30;
0439;145373357;1;0;279;1#2;30;
0439;145373358;1;0;145;1#2;30;
0439;145373359;1;0;20;1#2;30;
0439;145373360;1;0;45;1#2;30;
0439;145373361;1;0;48;1#2;30;
0439;145373362;1;0;65;1#2;30;
0439;145373363;1;0;417;1#2;30;
0439;145373364;1;0;69;1#2;30;
0439;145373365;1;0;125;1#2;30;
0439;145373366;1;0;575;1#2;30;
0439;145373367;1;0;182;1#2;30;
0439;145373368;1;0;275;1#2;30;
0439;145373369;1;0;315;1#2;30;
0439;145373370;1;0;144;1#2;30;
0439;145373371;1;0;234;1#2;30;
0439;145373372;1;0;119;1#2;30;
0439;145373373;1;0;69;1#2;30;
0439;145373374;1;0;484;1#2;30;
0439;145373375;1;0;105;1#2;30;
0439;145373376;1;0;141;1#2;30;
0439;145373377;1;0;81;1#2;30;
0439;145373378;1;0;101;1#2;30;
0439;145373379;1;0;314;1#2;30;
0439;145373380;1;0;79;1#2;30;
0439;145373381;1;0;39;1#2;30;
0439;145373382;1;0;5;1#2;30;
0439;145373383;1;0;279;1#2;30;
0439;145373384;1;0;116;1#2;30;
0439;145373385;1;0;368;1#2;30;
0439;145373386;1;0;186;1#2;30;
0439;145373387;1;0;15;1#2;30;
0439;145373388;1;0;50;1#2;30;
0439;145373389;1;0;55;1#2;30;
0439;145373390;1;0;40;1#2;30;
0439;145373391;1;0;221;1#2;30;
0439;145373392;1;0;655;1#2;30;
0439;145373393;1;0;118;1#2;30;
0439;145373394;1;0;129;1#2;30;
0439;145373395;1;0;338;1#2;30;
0439;145373396;1;0;53;1#2;30;
0439;145373397;1;0;84;1#2;30;
0439;145373398;1;0;240;1#2;30;
0439;145373399;1;0;93;1#2;30;
0439;145373400;1;0;198;1#2;30;
0439;145373401;1;0;147;1#2;30;
0439;145373402;1;0;206;1#2;30;
0439;145373403;1;0;108;1#2;30;
0439;145373404;1;0;151;1#2;30;
0439;145373405;1;0;548;1#2;30;
0439;145373406;1;0;114;1#2;30;
0439;145373407;1;0;72;1#2;30;
0439;145373408;1;0;182;1#2;30;
0439;145373409;1;0;68;1#2;30;
0439;145373410;1;0;187;1#2;30;
0439;145373411;1;0;425;1#2;30;
0439;145373412;1;0;87;1#2;30;
0439;145373413;1;0;67;1#2;30;
0439;145373414;1;0;370;1#2;30;
0439;145373415;1;0;186;1#2;60;
0439;145373416;1;0;440;1#2;60;
0439;145373417;1;0;360;1#2;60;
0439;145373418;1;0;164;1#2;60;
0439;145373419;1;0;62;1#2;30;
0439;145373420;1;0;75;1#2;30;
0439;145373421;1;0;48;1#2;30;
0439;145373422;1;0;115;1#2;30;
0439;145373423;1;0;403;1#2;30;
0439;145373424;1;0;556;1#2;30;
0439;145373425;1;0;314;1#2;30;
0439;145373426;1;0;162;1#2;30;
0439;145373427;1;0;478;1#2;30;
0439;145373428;1;0;252;1#2;30;
0439;145373429;1;0;92;1#2;30;
0439;145373430;1;0;78;1#2;30;
0439;145373431;1;0;124;1#2;30;
0439;145373432;1;0;141;1#2;30;
0439;145373433;1;0;83;1#2;30;
0439;145373434;1;0;233;1#2;30;
0439;145373435;1;0;330;1#2;30;
0439;145373436;1;0;327;1#2;30;
0439;145373437;1;0;380;1#2;30;
0439;145373438;1;0;645;1#2;30;
0439;145373439;1;0;378;1#2;30;
0439;145373440;1;0;215;1#2;30;
0439;145373441;1;0;331;1#2;30;
0439;145373442;1;0;110;1#2;30;
0439;145373443;1;0;353;1#2;30;
0439;145373444;1;0;193;1#2;30;
0439;145373445;1;0;69;1#2;30;
0439;145373446;1;0;89;1#2;30;
0439;145373447;1;0;342;1#2;30;
0439;145373448;1;0;89;1#2;30;
0439;145373449;1;0;321;1#2;30;
0439;145373450;1;0;40;1#2;30;
0439;145373451;1;0;310;1#2;30;
0439;145373452;1;0;191;1#2;30;
0439;145373453;1;0;54;1#2;30;
0439;145373454;1;0;391;1#2;30;
0439;145373455;1;0;326;1#2;30;
0439;145373456;1;0;437;1#2;30;
0439;145373457;1;0;100;1#2;30;
0439;145373458;1;0;123;1#2;30;
0439;145373459;1;0;105;1#2;30;
0439;145373460;1;0;81;1#2;30;
0439;145373461;1;0;188;1#2;30;
0439;145373462;1;0;284;1#2;30;
0439;145373463;1;0;227;1#2;30;
0439;145373464;1;0;125;1#2;30;
0439;145373465;1;0;118;1#2;30;
0439;145373466;1;0;63;1#2;30;
0439;145373467;1;0;120;1#2;30;
0439;145373468;1;0;375;1#2;30;
0439;145373469;1;0;160;1#2;30;
0439;145373470;1;0;123;1#2;30;
0439;145373471;1;0;570;1#2;30;
0439;145373472;1;0;18;1#2;30;
0439;145373473;1;0;256;1#2;30;
0439;145373474;1;0;223;1#2;30;
0439;145373475;1;0;58;1#2;30;
0439;145373476;1;0;121;1#2;30;
0439;145373477;1;0;135;1#2;30;
0439;145373478;1;0;27;1#2;30;
0439;145373479;1;0;243;1#2;30;
0439;145373480;1;0;140;1#2;30;
0439;145373481;1;0;18;1#2;30;
0439;145373482;1;0;33;1#2;30;
0439;145373483;1;0;129;1#2;30;
0439;145373484;1;0;50;1#2;30;
0439;145373485;1;0;71;1#2;30;
0439;145373486;1;0;54;1#2;30;
0439;145373487;1;0;56;1#2;30;
0439;145373488;1;0;60;1#2;30;
0439;145373489;1;0;279;1#2;30;
0439;145373490;1;0;30;1#2;30;
0439;145373491;1;0;490;1#2;30;
0439;145373492;1;0;65;1#2;30;
0439;145373493;1;0;18;1#2;30;
0439;145373494;1;0;126;1#2;30;
0439;145373495;1;0;76;1#2;30;
0439;145373496;1;0;214;1#2;30;
0439;145373497;1;0;125;1#2;30;
0439;145373498;1;0;101;1#2;30;
0439;145373499;1;0;226;1#2;30;
0439;145373500;1;0;3;1#2;30;
0439;145373501;1;0;94;1#2;30;
0439;145373502;1;0;583;1#2;30;
0439;145373503;1;0;293;1#2;30;
0439;145373504;1;0;743;1#2;30;
0439;145373505;1;0;604;1#2;60;
0439;145373506;1;0;138;1#2;60;
0439;145373507;1;0;138;1#2;30;
0439;145373508;1;0;149;1#2;30;
0439;145373509;1;0;90;1#2;30;
0439;145373510;1;0;72;1#2;30;
0439;145373511;1;0;286;1#2;30;
0439;145373512;1;0;57;1#2;30;
0439;145373513;1;0;346;1#2;30;
0439;145373514;1;0;102;1#2;30;
0439;145373515;1;0;214;1#2;30;
0439;145373516;1;0;253;1#2;30;
0439;145373517;1;0;158;1#2;30;
0439;145373518;1;0;118;1#2;30;
0439;145373519;1;0;326;1#2;30;
0439;145373520;1;0;243;1#2;30;
0439;145373521;1;0;220;1#2;30;
0439;145373522;1;0;597;1#2;60;
0439;145373523;1;0;741;1#2;60;
0439;145373524;1;0;77;1#2;30;
0439;145373525;1;0;130;1#2;60;
0439;145373526;1;0;515;1#2;30;
0439;145373527;1;0;172;1#2;30;
0439;145373528;1;0;429;1#2;30;
0439;145373529;1;0;564;1#2;30;
0439;145373530;1;0;86;1#2;30;
0439;145373531;1;0;74;1#2;30;
0439;145373532;1;0;242;1#2;30;
0439;145373533;1;0;119;1#2;30;
0439;145373534;1;0;325;1#2;30;
0439;145373535;1;0;101;1#2;30;
0439;145373536;1;0;97;1#2;30;
0439;145373537;1;0;89;1#2;30;
0439;145373538;1;0;436;1#2;30;
0439;145373539;1;0;59;1#2;30;
0439;145373540;1;0;9;1#2;30;
0439;145373541;1;0;272;1#2;30;
0439;145373542;1;0;346;1#2;30;
0439;145373543;1;0;173;1#2;30;
0439;145373544;1;0;172;1#2;30;
0439;145373545;1;0;47;1#2;30;
0439;145373546;1;0;150;1#2;30;
0439;145373547;1;0;233;1#2;30;
0439;145373548;1;0;133;1#2;30;
0439;145373549;1;0;29;1#2;30;
0439;145373550;1;0;83;1#2;30;
0439;145373551;1;0;243;1#2;30;
0439;145373552;1;0;74;1#2;30;
0439;145373553;1;0;92;1#2;30;
0439;145373554;1;0;164;1#2;30;
0439;145373555;1;0;201;1#2;30;
0439;145373556;1;0;346;1#2;30;
0439;145373557;1;0;233;1#2;30;
0439;145373558;1;0;53;1#2;30;
0439;145373559;1;0;25;1#2;30;
0439;145390006;1;0;23;1#2;60;
0439;145390007;1;0;122;1#2;60;
0439;145390008;1;0;199;1#2;60;
0439;145390009;1;0;695;1#2;60;
0439;145390010;1;0;363;1#2;60;
0439;145390011;1;0;33;1#2;60;
0439;145390012;1;0;1056;1#2;60;
0439;145390013;1;0;68;1#2;60;
0439;145390014;1;0;1645;1#2;60;
0439;145390015;1;0;750;1#2;60;
0439;145390016;1;0;80;1#2;60;
0439;145390017;1;0;100;1#2;60;
0439;145390018;1;0;54;1#2;60;
0439;145390019;1;0;204;1#2;60;
0439;145390020;1;0;30;1#2;60;
0439;145390021;1;0;23;1#2;60;
0439;145390022;1;0;22;1#2;60;
0439;145390023;1;0;757;1#2;60;
0439;145390024;1;0;318;1#2;60;
0439;145390025;1;0;1305;1#2;60;
0439;145390026;1;0;14;1#2;60;
0439;145390027;1;0;29;1#2;60;
0439;145390028;1;0;26;1#2;60;
0439;145390029;1;0;1123;1#2;60;
0439;145390030;1;0;1552;1#2;60;
0439;145390031;1;0;1768;1#2;60;
0439;145390032;1;0;751;1#2;60;
0439;145390033;1;0;35;1#2;60;
0439;145390034;1;0;33;1#2;60;
0439;145390035;1;0;240;1#2;60;
0439;145390036;1;0;10;1#2;60;
0439;145390037;1;0;991;1#2;60;
0439;145390038;1;0;677;1#2;60;
0439;145390039;1;0;398;1#2;60;
0439;145390040;1;0;1254;1#2;60;
0439;145390041;1;0;39;1#2;60;
0439;145390042;1;0;45;1#2;60;
0439;145390043;1;0;463;1#2;60;
0439;145390044;1;0;42;1#2;60;
0439;145390045;1;0;49;1#2;60;
0439;145390046;1;0;497;1#2;60;
0439;145390047;1;0;20;1#2;60;
0439;145390048;1;0;19;1#2;60;
0439;145390049;1;0;20;1#2;60;
0439;145390050;1;0;22;1#2;60;
0439;145390051;1;0;466;1#2;60;
0439;145390052;1;0;763;1#2;60;
0439;145390053;1;0;181;1#2;60;
0439;145390054;1;0;106;1#2;60;
0439;145390055;1;0;75;1#2;60;
0439;145390056;1;0;183;1#2;60;
0439;145390057;1;0;980;1#2;60;
0439;145390058;1;0;115;1#2;60;
0439;145390059;1;0;496;1#2;60;
0439;145390060;1;0;720;1#2;60;
0439;145390061;1;0;3588;1#2;60;
0439;145390062;1;0;114;1#2;60;
0439;145390063;1;0;1425;1#2;60;
0439;145390064;1;0;1133;1#2;60;
0439;145390065;1;0;64;1#2;60;
0439;145390066;1;0;1344;1#2;60;
0439;145390067;1;0;1623;1#2;60;
0439;145390068;1;0;3084;1#2;60;
0439;145390069;1;0;136;1#2;60;
0439;145390070;1;0;769;1#2;60;
0439;145390071;1;0;1847;1#2;60;
0439;145390072;1;0;14;1#2;60;
0439;145390073;1;0;17;1#2;60;
0439;145390074;1;0;484;1#2;60;
0439;145390075;1;0;18;1#2;60;
0439;145390076;1;0;14;1#2;60;
0439;145390077;1;0;622;1#2;60;
0439;145390078;1;0;657;1#2;60;
0439;145390079;1;0;705;1#2;60;
0439;145390080;1;0;224;1#2;60;
0439;145390081;1;0;208;1#2;60;
0439;145390082;1;0;747;1#2;60;
0439;145390083;1;0;357;1#2;60;
0439;145390084;1;0;188;1#2;60;
0439;145390085;1;0;625;1#2;60;
0439;145390086;1;0;143;1#2;60;
0439;145390087;1;0;73;1#2;60;
0439;145390088;1;0;133;1#2;60;
0439;145390089;1;0;369;1#2;60;
0439;145390090;1;0;534;1#2;60;
0439;145390091;1;0;1108;1#2;60;
0439;145390092;1;0;1344;1#2;60;
0439;145390093;1;0;11;1#2;60;
0439;145390094;1;0;198;1#2;60;
0439;145390095;1;0;159;1#2;60;
0439;145390096;1;0;127;1#2;60;
0439;145390097;1;0;94;1#2;60;
0439;145390098;1;0;43;1#2;60;
0439;145390099;1;0;152;1#2;60;
0439;145390100;1;0;1236;1#2;60;
0439;145390101;1;0;3295;1#2;60;
0439;145390102;1;0;20;1#2;60;
0439;145390103;1;0;3890;1#2;60;
0439;145390104;1;0;154;1#2;60;
0439;145390105;1;0;1419;1#2;60;
0439;145390106;1;0;77;1#2;60;
0439;145390107;1;0;171;1#2;60;
0439;145390108;1;0;842;1#2;60;
0439;145390109;1;0;62;1#2;60;
0439;145390110;1;0;9;1#2;60;
0439;145390111;1;0;15;1#2;60;
0439;145390112;1;0;51;1#2;60;
0439;145390113;1;0;406;1#2;60;
0439;145390114;1;0;52;1#2;60;
0439;145390115;1;0;821;1#2;60;
0439;145390116;1;0;175;1#2;60;
0439;145390117;1;0;151;1#2;60;
0439;145390118;1;0;184;1#2;60;
0439;145390119;1;0;851;1#2;60;
0439;145390120;1;0;698;1#2;60;
0439;145390121;1;0;622;1#2;60;
0439;145392626;1;0;1786;1#2;80;
0439;145392627;1;0;377;1#2;80;
0439;145392628;1;0;1098;1#2;80;
0439;145392629;1;0;1836;1#2;80;
0439;145392630;1;0;2258;1#2;80;
0439;145392631;1;0;1010;1#2;80;
0439;145392632;1;0;267;1#2;80;
0439;145392633;1;0;139;1#2;80;
0439;145392634;1;0;149;1#2;80;
0439;145392635;1;0;304;1#2;80;
0439;145392636;1;0;41;1#2;80;
0439;145392637;1;0;24;1#2;80;
0439;145392638;1;0;791;1#2;80;
0439;145392639;1;0;1415;1#2;80;
0439;145392640;1;0;877;1#2;80;
0439;145392641;1;0;956;1#2;80;
0439;145392642;1;0;130;1#2;80;
0439;145392643;1;0;315;1#2;80;
0439;145392644;1;0;249;1#2;80;
0439;145392645;1;0;333;1#2;80;
0439;145392646;1;0;306;1#2;80;
0439;145392647;1;0;963;1#2;80;
0439;145392648;1;0;524;1#2;80;
0439;145392649;1;0;9;1#2;80;
0439;145392650;1;0;248;1#2;80;
0439;145392651;1;0;184;1#2;80;
0439;145392652;1;0;260;1#2;80;
0439;145392653;1;0;160;1#2;80;
0439;145392654;1;0;60;1#2;80;
0439;145392655;1;0;459;1#2;80;
0439;145392656;1;0;378;1#2;80;
0439;145392657;1;0;838;1#2;80;
0439;145392658;1;0;565;1#2;80;
0439;145392659;1;0;514;1#2;80;
0439;145392660;1;0;187;1#2;80;
0439;145392661;1;0;316;1#2;80;
0439;145392662;1;0;106;1#2;80;
0439;145392663;1;0;89;1#2;80;
0439;145392664;1;0;44;1#2;80;
0439;145392665;1;0;129;1#2;80;
0439;145392666;1;0;501;1#2;80;
0439;145392667;1;0;301;1#2;80;
0439;145392668;1;0;389;1#2;80;
0439;145392669;1;0;146;1#2;80;
0439;145392670;1;0;225;1#2;80;
0439;145392671;1;0;102;1#2;80;
0439;145392672;1;0;187;1#2;80;
0439;145392673;1;0;55;1#2;80;
0439;145392674;1;0;83;1#2;80;
0439;145392675;1;0;1488;1#2;80;
0439;145392676;1;0;110;1#2;80;
0439;145392677;1;0;214;1#2;80;
0439;145392678;1;0;688;1#2;80;
0439;145392679;1;0;142;1#2;80;
0439;145392680;1;0;88;1#2;80;
0439;145392681;1;0;18;1#2;80;
0439;145392682;1;0;374;1#2;80;
0439;145392683;1;0;107;1#2;80;
0439;145392684;1;0;13;1#2;80;
0439;145392685;1;0;152;1#2;80;
0439;145392686;1;0;51;1#2;80;
0439;145392687;1;0;1453;1#2;80;
0439;145392688;1;0;249;1#2;80;
0439;145392689;1;0;256;1#2;80;
0439;145392690;1;0;473;1#2;80;
0439;145392691;1;0;5;1#2;80;
0439;145392692;1;0;148;1#2;80;
0439;145392693;1;0;92;1#2;80;
0439;145392694;1;0;10;1#2;80;
0439;145392695;1;0;51;1#2;80;
0439;145392696;1;0;94;1#2;80;
0439;145392697;1;0;119;1#2;80;
0439;145392698;1;0;444;1#2;80;
0439;145392699;1;0;7;1#2;80;
0439;145392811;1;0;22;1#2;80;
0439;145392812;1;0;62;1#2;80;
0439;145392813;1;0;24;1#2;80;
0439;145392814;1;0;56;1#2;80;
0439;145392815;1;0;467;1#2;80;
0439;145392816;1;0;500;1#2;80;
0439;145392817;1;0;162;1#2;80;
0439;145392818;1;0;58;1#2;80;
0439;145392819;1;0;341;1#2;80;
0439;145392820;1;0;133;1#2;80;
0439;145392821;1;0;374;1#2;80;
0439;145392822;1;0;735;1#2;80;
0439;145392823;1;0;291;1#2;80;
0439;145392824;1;0;858;1#2;80;
0439;145392825;1;0;28;1#2;80;
0439;145392826;1;0;619;1#2;80;
0439;145392827;1;0;474;1#2;80;
0439;145392828;1;0;1059;1#2;80;
0439;145392829;1;0;141;1#2;80;
0439;145392830;1;0;265;1#2;80;
0439;145392831;1;0;94;1#2;80;
0439;145392832;1;0;195;1#2;80;
0439;145392833;1;0;55;1#2;80;
0439;145392834;1;0;210;1#2;80;
0439;145392835;1;0;462;1#2;80;
0439;145392836;1;0;79;1#2;80;
0439;145392837;1;0;83;1#2;80;
0439;145392838;1;0;105;1#2;80;
0439;145392839;1;0;308;1#2;80;
0439;145392840;1;0;265;1#2;80;
0439;145392841;1;0;5;1#2;80;
0439;145392842;1;0;381;1#2;80;
0439;145392843;1;0;480;1#2;80;
0439;145392844;1;0;534;1#2;80;
0439;145392845;1;0;411;1#2;80;
0439;145392846;1;0;294;1#2;80;
0439;145392847;1;0;391;1#2;80;
0439;145392848;1;0;50;1#2;80;
0439;145392849;1;0;194;1#2;80;
0439;145392850;1;0;156;1#2;80;
0439;145392851;1;0;15;1#2;80;
0439;145392852;1;0;226;1#2;80;
0439;145392853;1;0;68;1#2;80;
0439;145392854;1;0;158;1#2;80;
0439;145392855;1;0;126;1#2;80;
0439;145392856;1;0;149;1#2;80;
0439;145392857;1;0;118;1#2;80;
0439;145392858;1;0;193;1#2;80;
0439;145392859;1;0;239;1#2;80;
0439;145392860;1;0;82;1#2;80;
0439;145392861;1;0;20;1#2;80;
0439;145392862;1;0;27;1#2;80;
0439;145392863;1;0;247;1#2;80;
0439;145392863;2;55;247;1#2;60;
0439;145392864;1;0;23;1#2;60;
0439;145392865;1;0;81;1#2;60;
0439;145392866;1;0;8;1#2;60;
0439;145392867;1;0;37;1#2;60;
0439;145392868;1;0;34;1#2;60;
0439;145392869;1;0;237;1#2;60;
0439;145392869;2;160;237;1#2;80;
0439;145392870;1;0;165;1#2;80;
0439;145392871;1;0;139;1#2;80;
0439;145392872;1;0;2;1#2;80;
0439;145392873;1;0;168;1#2;80;
0439;145392874;1;0;12;1#2;80;
0439;145392875;1;0;90;1#2;80;
0439;145392876;1;0;249;1#2;80;
0439;145392877;1;0;34;1#2;80;
0439;145392878;1;0;300;1#2;80;
0439;145392879;1;0;291;1#2;80;
0439;145392880;1;0;340;1#2;80;
0439;145392881;1;0;64;1#2;80;
0439;145392882;1;0;60;1#2;80;
0439;145392883;1;0;221;1#2;80;
0439;145392884;1;0;908;1#2;80;
0439;145392885;1;0;506;1#2;80;
0439;145392886;1;0;1008;1#2;80;
0439;145392887;1;0;281;1#2;80;
0439;145392888;1;0;140;1#2;80;
0439;145392889;1;0;33;1#2;80;
0439;145392890;1;0;7;1#2;80;
0439;145392891;1;0;108;1#2;80;
0439;145392892;1;0;164;1#2;80;
0439;145392893;1;0;232;1#2;80;
0439;145392894;1;0;100;1#2;80;
0439;145392895;1;0;359;1#2;80;
0439;145392896;1;0;7;1#2;80;
0439;145392897;1;0;150;1#2;80;
0439;145392898;1;0;6;1#2;80;
0439;145392899;1;0;126;1#2;80;
0439;145392900;1;0;227;1#2;80;
0439;145392901;1;0;60;1#2;80;
0439;145392902;1;0;119;1#2;80;
0439;145392903;1;0;72;1#2;80;
0439;145392904;1;0;10;1#2;80;
0439;145392905;1;0;169;1#2;80;
0439;145392906;1;0;309;1#2;80;
0439;145392907;1;0;53;1#2;80;
0439;145392908;1;0;96;1#2;80;
0439;145392909;1;0;46;1#2;80;
0439;145392910;1;0;127;1#2;80;
0439;145392911;1;0;123;1#2;80;
0439;145392912;1;0;25;1#2;80;
0439;145392913;1;0;87;1#2;80;
0439;145392914;1;0;86;1#2;80;
0439;145392915;1;0;222;1#2;80;
0439;145392915;2;22;222;1#2;60;
0439;145392916;1;0;85;1#2;60;
0439;145392916;2;3;85;1#2;50;
0439;145392917;1;0;11;1#2;50;
0439;145392918;1;0;83;1#2;50;
0439;145392919;1;0;18;1#2;50;
0439;145392920;1;0;89;1#2;50;
0439;145392921;1;0;44;1#2;50;
0439;145392922;1;0;27;1#2;50;
0439;145392923;1;0;178;1#2;50;
0439;145392923;2;24;178;1#2;60;
0439;145392924;1;0;30;1#2;60;
0439;145392925;1;0;103;1#2;60;
0439;145392926;1;0;244;1#2;60;
0439;145392926;2;29;244;1#2;60;
0439;145392927;1;0;132;1#2;60;
0439;145392928;1;0;12;1#2;60;
0439;145392929;1;0;11;1#2;60;
0439;145392930;1;0;47;1#2;60;
0439;145392931;1;0;5;1#2;60;
0439;145392932;1;0;40;1#2;60;
0439;145392933;1;0;197;1#2;80;
0439;145392934;1;0;197;1#2;80;
0439;145392935;1;0;6;1#2;80;
0439;145392936;1;0;223;1#2;80;
0439;145392937;1;0;89;1#2;80;
0439;145392938;1;0;229;1#2;80;
0439;145392939;1;0;339;1#2;80;
0439;145392940;1;0;452;1#2;80;
0439;145392941;1;0;6;1#2;80;
0439;145392942;1;0;495;1#2;80;
0439;145392942;2;472;495;1#2;60;
0439;145392943;1;0;139;1#2;60;
0439;145392944;1;0;203;1#2;60;
0439;145392945;1;0;53;1#2;60;
0439;145392946;1;0;131;1#2;60;
0439;145392947;1;0;172;1#2;60;
0439;145392948;1;0;66;1#2;60;
0439;145392949;1;0;45;1#2;60;
0439;145392950;1;0;27;1#2;60;
0439;145392951;1;0;135;1#2;60;
0439;145392952;1;0;39;1#2;60;
0439;145392953;1;0;132;1#2;60;
0439;145392954;1;0;168;1#2;60;
0439;145392955;1;0;42;1#2;60;
0439;145392956;1;0;467;1#2;60;
0439;145392956;2;13;467;1#2;80;
0439;145392957;1;0;301;1#2;80;
0439;145392958;1;0;53;1#2;80;
0439;145392959;1;0;26;1#2;80;
0439;145392960;1;0;110;1#2;80;
0439;145392961;1;0;91;1#2;80;
0439;145392962;1;0;256;1#2;80;
0439;145392963;1;0;140;1#2;80;
0439;145392964;1;0;116;1#2;80;
0439;145392965;1;0;26;1#2;80;
0439;145392966;1;0;29;1#2;80;
0439;145392967;1;0;59;1#2;80;
0439;145392968;1;0;119;1#2;80;
0439;145392969;1;0;884;1#2;80;
0439;145392970;1;0;15;1#2;80;
0439;145392971;1;0;208;1#2;80;
0439;145392972;1;0;473;1#2;80;
0439;145392973;1;0;90;1#2;80;
0439;145392974;1;0;1691;1#2;80;
0439;145392975;1;0;650;1#2;80;
0439;145392976;1;0;62;1#2;80;
0439;145392977;1;0;24;1#2;80;
0439;145392978;1;0;936;1#2;80;
0439;145392979;1;0;21;1#2;80;
0439;145392980;1;0;1072;1#2;80;
0439;145392981;1;0;740;1#2;80;
0439;145392982;1;0;113;1#2;80;
0439;145392983;1;0;3;1#2;80;
0439;145392984;1;0;775;1#2;80;
0439;145392985;1;0;421;1#2;80;
0439;145392986;1;0;59;1#2;80;
0439;145403398;1;0;4;1#2;80;
0439;145403399;1;0;212;1#2;80;
0439;145403400;1;0;59;1#2;80;
0439;145403401;1;0;27;1#2;80;
0439;145403402;1;0;39;1#2;80;
0439;145403403;1;0;240;1#2;80;
0439;145403404;1;0;64;1#2;80;
0439;145403405;1;0;9;1#2;80;
0439;145403406;1;0;251;1#2;80;
0439;145403407;1;0;298;1#2;80;
0439;145403408;1;0;411;1#2;80;
0439;145403409;1;0;183;1#2;80;
0439;145403410;1;0;287;1#2;80;
0439;145403411;1;0;245;1#2;80;
0439;145403412;1;0;372;1#2;80;
0439;145403413;1;0;303;1#2;80;
0439;145403414;1;0;28;1#2;80;
0439;145403415;1;0;10;1#2;80;
0439;145403416;1;0;213;1#2;80;
0439;145403417;1;0;63;1#2;80;
0439;145403418;1;0;381;1#2;80;
0439;145403419;1;0;5;1#2;80;
0439;145403420;1;0;998;1#2;80;
0439;145403421;1;0;249;1#2;80;
0439;145403422;1;0;243;1#2;80;
0439;145403423;1;0;38;1#2;80;
0439;145403424;1;0;406;1#2;80;
0439;145403425;1;0;623;1#2;80;
0439;145403426;1;0;314;1#2;80;
0439;145403427;1;0;208;1#2;80;
0439;145403428;1;0;141;1#2;80;
0439;145403429;1;0;290;1#2;80;
0439;145403430;1;0;4;1#2;80;
0439;145403431;1;0;4;1#2;60;
0439;145403432;1;0;174;1#2;60;
0439;145403433;1;0;84;1#2;60;
0439;145403434;1;0;73;1#2;60;
0439;145403435;1;0;20;1#2;60;
0439;145403436;1;0;84;1#2;60;
0439;145403437;1;0;185;1#2;60;
0439;145403438;1;0;52;1#2;60;
0439;145403439;1;0;18;1#2;60;
0439;145403440;1;0;30;1#2;50;
0439;145403441;1;0;21;1#2;50;
0439;145403442;1;0;35;1#2;50;
0439;145403443;1;0;29;1#2;50;
0439;145403444;1;0;28;1#2;50;
0439;145403445;1;0;60;1#2;50;
0439;145403446;1;0;86;1#2;50;
0439;145403447;1;0;53;1#2;50;
0439;145403448;1;0;5;1#2;50;
0439;145403449;1;0;137;1#2;50;
0439;145403450;1;0;50;1#2;50;
0439;145403451;1;0;62;1#2;50;
0439;145403452;1;0;104;1#2;50;
0439;145403453;1;0;259;1#2;50;
0439;145403453;2;25;259;1#2;80;
0439;145403454;1;0;80;1#2;80;
0439;145403455;1;0;89;1#2;80;
0439;145403456;1;0;130;1#2;80;
0439;145403457;1;0;123;1#2;80;
0439;145403458;1;0;125;1#2;80;
0439;145403459;1;0;187;1#2;80;
0439;145403460;1;0;135;1#2;80;
0439;145403461;1;0;390;1#2;80;
0439;145403462;1;0;248;1#2;80;
0439;145403463;1;0;272;1#2;80;
0439;145403464;1;0;13;1#2;80;
0439;145403465;1;0;139;1#2;80;
0439;145403465;2;79;139;1#2;60;
0439;145403466;1;0;10;1#2;60;
0439;145403467;1;0;132;1#2;60;
0439;145403468;1;0;34;1#2;60;
0439;145403469;1;0;123;1#2;60;
0439;145403470;1;0;82;1#2;60;
0439;145403471;1;0;105;1#2;60;
0439;145403472;1;0;13;1#2;60;
0439;145403473;1;0;87;1#2;60;
0439;145403474;1;0;72;1#2;60;
0439;145403475;1;0;88;1#2;60;
0439;145403476;1;0;66;1#2;60;
0439;145403477;1;0;133;1#2;60;
0439;145403478;1;0;41;1#2;60;
0439;145403479;1;0;34;1#2;60;
0439;145403480;1;0;4;1#2;60;
0439;145403481;1;0;4;1#2;80;
0439;145403482;1;0;626;1#2;80;
0439;145403483;1;0;7;1#2;80;
0439;145403484;1;0;612;1#2;80;
0439;145403485;1;0;112;1#2;80;
0439;145403486;1;0;59;1#2;80;
0439;145403487;1;0;426;1#2;80;
0439;145403488;1;0;126;1#2;80;
0439;145403489;1;0;417;1#2;80;
0439;145403490;1;0;8;1#2;80;
0439;145403491;1;0;428;1#2;80;
0439;145403492;1;0;43;1#2;80;
0439;145403493;1;0;192;1#2;80;
0439;145403494;1;0;258;1#2;80;
0439;145403495;1;0;445;1#2;80;
0439;145403496;1;0;314;1#2;80;
0439;145403497;1;0;31;1#2;80;
0439;145403498;1;0;4;1#2;80;
0439;145405699;1;0;77;1#2;60;
0439;145405700;1;0;196;1#2;60;
0439;145405701;1;0;104;1#2;60;
0439;145405702;1;0;141;1#2;60;
0439;145405703;1;0;41;1#2;60;
0439;145405704;1;0;20;1#2;60;
0439;145405705;1;0;81;1#2;60;
0439;145405706;1;0;101;1#2;60;
0439;145405707;1;0;184;1#2;60;
0439;145405708;1;0;146;1#2;60;
0439;145405708;2;120;146;1#2;60;
0439;145405709;1;0;32;1#2;60;
0439;145405710;1;0;96;1#2;60;
0439;145405711;1;0;53;1#2;60;
0439;145405712;1;0;26;1#2;60;
0439;145405713;1;0;100;1#2;60;
0439;145405714;1;0;44;1#2;60;
0439;145405714;2;18;44;1#2;50;
0439;145405715;1;0;36;1#2;50;
0439;145405716;1;0;8;1#2;50;
0439;145405717;1;0;6;1#2;50;
0439;145405718;1;0;14;1#2;50;
0439;145405719;1;0;40;1#2;50;
0439;145405720;1;0;85;1#2;50;
0439;145405721;1;0;20;1#2;50;
0439;145405722;1;0;84;1#2;50;
0439;145405723;1;0;92;1#2;50;
0439;145405724;1;0;53;1#2;50;
0439;145405725;1;0;58;1#2;50;
0439;145405726;1;0;22;1#2;50;
0439;145405727;1;0;41;1#2;50;
0439;145405728;1;0;5;1#2;50;
0439;145405729;1;0;95;1#2;50;
0439;145405730;1;0;48;1#2;50;
0439;145405731;1;0;84;1#2;50;
0439;145405731;2;17;84;1#2;60;
0439;145405732;1;0;174;1#2;60;
0439;145405733;1;0;98;1#2;60;
0439;145405734;1;0;103;1#2;60;
0439;145405734;2;91;103;1#2;80;
0439;145405735;1;0;41;1#2;80;
0439;145405736;1;0;3;1#2;80;
0439;145405737;1;0;10;1#2;80;
0439;145405738;1;0;316;1#2;80;
0439;145405739;1;0;230;1#2;80;
0439;145405740;1;0;391;1#2;80;
0439;145405741;1;0;28;1#2;80;
0439;145405742;1;0;305;1#2;80;
0439;145405743;1;0;39;1#2;80;
0439;145405744;1;0;73;1#2;80;
0439;145405745;1;0;8;1#2;80;
0439;145405746;1;0;143;1#2;80;
0439;145405747;1;0;82;1#2;80;
0439;145405748;1;0;219;1#2;80;
0439;145405749;1;0;242;1#2;80;
0439;145405750;1;0;15;1#2;80;
0439;145405751;1;0;545;1#2;80;
0439;145405752;1;0;600;1#2;80;
0439;145405753;1;0;215;1#2;80;
0439;145405754;1;0;214;1#2;80;
0439;145405755;1;0;166;1#2;80;
0439;145405756;1;0;229;1#2;80;
0439;145405757;1;0;497;1#2;80;
0439;145405758;1;0;412;1#2;80;
0439;145405759;1;0;137;1#2;80;
0439;145405760;1;0;386;1#2;80;
0439;145405761;1;0;399;1#2;80;
0439;145405762;1;0;164;1#2;80;
0439;145405763;1;0;324;1#2;80;
0439;145405764;1;0;34;1#2;80;
0439;145405765;1;0;403;1#2;80;
0439;145405766;1;0;19;1#2;80;
0439;145405767;1;0;148;1#2;80;
0439;145405768;1;0;196;1#2;80;
0439;145411600;1;0;26;1;80;
0439;145411601;1;0;4;1;80;
0439;145412383;1;0;36;1;50;
0439;145412898;1;0;26;2;80;
0439;145412899;1;0;4;2;80;
0439;145413669;1;0;36;2;50;
