*0436*2011 VEGNETT*20110511*FART*20110511*VDB SVNT*AHT
..Eksport-dato 20110511
50;

Komm; TransID;kode;Fra;   Til;felt; Fart;
0436;145326176;1;0;124;1#2;50;
0436;145326177;1;0;372;1#2;50;
0436;145326178;1;0;365;1#2;50;
0436;145326179;1;0;177;1#2;50;
0436;145326180;1;0;11;1#2;50;
0436;145326181;1;0;128;1#2;50;
0436;145326182;1;0;158;1#2;50;
0436;145326183;1;0;27;1#2;50;
0436;145326184;1;0;67;1#2;50;
0436;145326185;1;0;391;1#2;50;
0436;145326186;1;0;205;1#2;50;
0436;145326187;1;0;15;1#2;50;
0436;145326188;1;0;3;1#2;50;
0436;145326189;1;0;343;1#2;50;
0436;145326190;1;0;16;1#2;50;
0436;145326191;1;0;38;1#2;50;
0436;145326192;1;0;181;1#2;50;
0436;145326193;1;0;8;1#2;30;
0436;145326194;1;0;286;1#2;30;
0436;145326195;1;0;77;1#2;30;
0436;145326196;1;0;109;1#2;30;
0436;145326197;1;0;157;1#2;30;
0436;145326198;1;0;177;1#2;30;
0436;145326199;1;0;207;1#2;50;
0436;145326200;1;0;10;1#2;50;
0436;145326201;1;0;439;1#2;50;
0436;145326202;1;0;158;1#2;50;
0436;145326203;1;0;116;1#2;50;
0436;145326204;1;0;228;1#2;50;
0436;145326205;1;0;189;1#2;50;
0436;145326206;1;0;73;1#2;50;
0436;145326207;1;0;405;1#2;50;
0436;145326208;1;0;428;1#2;80;
0436;145326209;1;0;140;1#2;80;
0436;145326210;1;0;13;1#2;80;
0436;145326211;1;0;136;1#2;80;
0436;145326212;1;0;129;1#2;80;
0436;145326213;1;0;333;1#2;80;
0436;145326214;1;0;243;1#2;80;
0436;145326215;1;0;623;1#2;80;
0436;145326216;1;0;165;1#2;80;
0436;145326217;1;0;69;1#2;80;
0436;145326218;1;0;142;1#2;80;
0436;145326219;1;0;26;1#2;80;
0436;145326220;1;0;57;1#2;80;
0436;145326221;1;0;46;1#2;80;
0436;145326222;1;0;24;1#2;80;
0436;145326223;1;0;176;1#2;80;
0436;145326224;1;0;30;1#2;80;
0436;145326225;1;0;199;1#2;80;
0436;145326226;1;0;120;1#2;80;
0436;145326227;1;0;82;1#2;80;
0436;145326228;1;0;68;1#2;80;
0436;145326229;1;0;57;1#2;80;
0436;145326230;1;0;45;1#2;80;
0436;145326231;1;0;363;1#2;80;
0436;145367380;1;0;95;1#2;30;
0436;145367381;1;0;55;1#2;30;
0436;145367382;1;0;94;1#2;30;
0436;145367383;1;0;80;1#2;30;
0436;145367384;1;0;82;1#2;30;
0436;145367385;1;0;96;1#2;30;
0436;145367386;1;0;54;1#2;30;
0436;145367387;1;0;360;1#2;30;
0436;145367388;1;0;46;1#2;30;
0436;145367389;1;0;65;1#2;30;
0436;145367390;1;0;65;1#2;30;
0436;145367391;1;0;72;1#2;30;
0436;145367392;1;0;79;1#2;30;
0436;145367393;1;0;60;1#2;30;
0436;145367394;1;0;123;1#2;30;
0436;145367395;1;0;4;1#2;30;
0436;145367396;1;0;2;1#2;30;
0436;145367397;1;0;3;1#2;30;
0436;145367398;1;0;10;1#2;30;
0436;145367399;1;0;5;1#2;30;
0436;145367400;1;0;2;1#2;30;
0436;145367401;1;0;7;1#2;30;
0436;145367402;1;0;5;1#2;30;
0436;145367403;1;0;6;1#2;30;
0436;145367404;1;0;4;1#2;30;
0436;145367405;1;0;8;1#2;30;
0436;145367406;1;0;16;1#2;30;
0436;145367407;1;0;29;1#2;30;
0436;145367408;1;0;16;1#2;30;
0436;145367409;1;0;14;1#2;30;
0436;145367410;1;0;31;1#2;30;
0436;145367411;1;0;21;1#2;30;
0436;145367412;1;0;31;1#2;30;
0436;145367413;1;0;15;1#2;30;
0436;145367414;1;0;41;1#2;30;
0436;145367415;1;0;22;1#2;30;
0436;145367416;1;0;16;1#2;30;
0436;145367417;1;0;35;1#2;30;
0436;145367418;1;0;22;1#2;30;
0436;145367419;1;0;30;1#2;30;
0436;145367420;1;0;15;1#2;30;
0436;145367421;1;0;57;1#2;30;
0436;145367422;1;0;54;1#2;30;
0436;145367423;1;0;40;1#2;30;
0436;145367424;1;0;37;1#2;30;
0436;145367425;1;0;23;1#2;30;
0436;145367426;1;0;42;1#2;30;
0436;145367427;1;0;26;1#2;30;
0436;145367428;1;0;49;1#2;30;
0436;145367429;1;0;39;1#2;30;
0436;145367430;1;0;16;1#2;30;
0436;145367431;1;0;30;1#2;30;
0436;145367432;1;0;20;1#2;30;
0436;145367433;1;0;29;1#2;30;
0436;145367434;1;0;10;1#2;30;
0436;145367435;1;0;21;1#2;30;
0436;145367436;1;0;21;1#2;30;
0436;145367437;1;0;28;1#2;30;
0436;145367438;1;0;28;1#2;30;
0436;145367439;1;0;30;1#2;30;
0436;145367440;1;0;9;1#2;30;
0436;145367441;1;0;37;1#2;30;
0436;145367442;1;0;13;1#2;30;
0436;145367443;1;0;33;1#2;30;
0436;145367444;1;0;29;1#2;30;
0436;145367445;1;0;29;1#2;30;
0436;145367446;1;0;9;1#2;30;
0436;145367447;1;0;22;1#2;30;
0436;145367448;1;0;22;1#2;30;
0436;145367449;1;0;23;1#2;30;
0436;145367450;1;0;22;1#2;30;
0436;145367451;1;0;50;1#2;30;
0436;145367452;1;0;32;1#2;30;
0436;145367453;1;0;20;1#2;30;
0436;145367454;1;0;17;1#2;30;
0436;145367455;1;0;31;1#2;30;
0436;145367456;1;0;26;1#2;30;
0436;145367457;1;0;8;1#2;30;
0436;145367458;1;0;7;1#2;30;
0436;145367459;1;0;8;1#2;30;
0436;145367460;1;0;31;1#2;30;
0436;145367461;1;0;29;1#2;30;
0436;145367462;1;0;31;1#2;30;
0436;145367463;1;0;22;1#2;30;
0436;145367464;1;0;48;1#2;30;
0436;145367465;1;0;28;1#2;30;
0436;145367466;1;0;29;1#2;30;
0436;145367467;1;0;48;1#2;30;
0436;145367468;1;0;14;1#2;30;
0436;159604518;1;0;6;1#2;30;
0436;159604519;1;0;4;1#2;30;
0436;145367470;1;0;45;1#2;30;
0436;145367471;1;0;15;1#2;30;
0436;145367472;1;0;32;1#2;30;
0436;145367473;1;0;10;1#2;30;
0436;145367474;1;0;11;1#2;30;
0436;145367475;1;0;5;1#2;30;
0436;145367476;1;0;9;1#2;30;
0436;145367477;1;0;12;1#2;30;
0436;145367478;1;0;20;1#2;30;
0436;145367479;1;0;18;1#2;30;
0436;145367480;1;0;21;1#2;30;
0436;145367481;1;0;33;1#2;30;
0436;145367482;1;0;14;1#2;30;
0436;145367483;1;0;17;1#2;30;
0436;145367484;1;0;21;1#2;30;
0436;145367485;1;0;22;1#2;30;
0436;145367486;1;0;13;1#2;30;
0436;145367487;1;0;30;1#2;30;
0436;145367488;1;0;17;1#2;30;
0436;145367489;1;0;20;1#2;30;
0436;145367490;1;0;9;1#2;30;
0436;145367491;1;0;9;1#2;30;
0436;145367492;1;0;52;1#2;30;
0436;145367493;1;0;42;1#2;30;
0436;145367494;1;0;260;1#2;30;
0436;145367495;1;0;222;1#2;30;
0436;145367496;1;0;3946;1#2;30;
0436;145367497;1;0;252;1#2;30;
0436;145367498;1;0;132;1#2;30;
0436;145367499;1;0;225;1#2;30;
0436;145367500;1;0;202;1#2;30;
0436;145367501;1;0;94;1#2;30;
0436;145367502;1;0;186;1#2;30;
0436;145367503;1;0;373;1#2;30;
0436;145367504;1;0;2386;1#2;30;
0436;145367505;1;0;2449;1#2;30;
0436;145367506;1;0;3373;1#2;30;
0436;145367507;1;0;891;1#2;30;
0436;145367508;1;0;1150;1#2;30;
0436;145367509;1;0;82;1#2;30;
0436;145367510;1;0;211;1#2;30;
0436;145367511;1;0;1118;1#2;30;
0436;145367512;1;0;880;1#2;30;
0436;145367513;1;0;27;1#2;30;
0436;145367514;1;0;266;1#2;30;
0436;145367515;1;0;49;1#2;30;
0436;145367516;1;0;454;1#2;30;
0436;145367517;1;0;1054;1#2;30;
0436;145367518;1;0;319;1#2;30;
0436;145367519;1;0;129;1#2;30;
0436;145367520;1;0;1243;1#2;30;
0436;145367521;1;0;141;1#2;30;
0436;145367522;1;0;46;1#2;30;
0436;145367523;1;0;564;1#2;30;
0436;145367524;1;0;38;1#2;30;
0436;145367525;1;0;78;1#2;30;
0436;145367526;1;0;504;1#2;30;
0436;145367527;1;0;642;1#2;30;
0436;145367528;1;0;148;1#2;30;
0436;145367529;1;0;381;1#2;30;
0436;145367530;1;0;3149;1#2;30;
0436;145367531;1;0;1402;1#2;30;
0436;145367532;1;0;122;1#2;30;
0436;145367533;1;0;65;1#2;30;
0436;145367534;1;0;65;1#2;30;
0436;145367535;1;0;129;1#2;30;
0436;145367536;1;0;189;1#2;30;
0436;145367537;1;0;266;1#2;30;
0436;145367538;1;0;134;1#2;30;
0436;145367539;1;0;228;1#2;30;
0436;145367540;1;0;84;1#2;30;
0436;145367541;1;0;319;1#2;30;
0436;145367542;1;0;53;1#2;30;
0436;145367543;1;0;56;1#2;30;
0436;145367544;1;0;29;1#2;30;
0436;145367545;1;0;30;1#2;30;
0436;145367546;1;0;72;1#2;30;
0436;145367547;1;0;64;1#2;30;
0436;145367548;1;0;49;1#2;30;
0436;145367549;1;0;317;1#2;30;
0436;145367550;1;0;34;1#2;30;
0436;145367551;1;0;75;1#2;30;
0436;145367552;1;0;57;1#2;30;
0436;145367553;1;0;97;1#2;30;
0436;145367554;1;0;63;1#2;30;
0436;145367555;1;0;3994;1#2;30;
0436;145367556;1;0;2091;1#2;30;
0436;145367557;1;0;1081;1#2;30;
0436;145367558;1;0;926;1#2;30;
0436;145367559;1;0;1545;1#2;60;
0436;145367560;1;0;1246;1#2;30;
0436;145367561;1;0;2580;1#2;30;
0436;145367562;1;0;1415;1#2;30;
0436;145367563;1;0;791;1#2;30;
0436;145367564;1;0;407;1#2;30;
0436;145367565;1;0;279;1#2;30;
0436;145367566;1;0;977;1#2;30;
0436;145367567;1;0;279;1#2;30;
0436;145367568;1;0;805;1#2;30;
0436;145367569;1;0;252;1#2;30;
0436;145367570;1;0;1255;1#2;30;
0436;145367571;1;0;842;1#2;30;
0436;145367572;1;0;428;1#2;30;
0436;145367573;1;0;4086;1#2;30;
0436;145367574;1;0;562;1#2;30;
0436;145367575;1;0;894;1#2;30;
0436;145367576;1;0;923;1#2;30;
0436;145367577;1;0;706;1#2;60;
0436;145367578;1;0;1487;1#2;30;
0436;145367579;1;0;727;1#2;30;
0436;145367580;1;0;952;1#2;30;
0436;145367581;1;0;2256;1#2;30;
0436;145367582;1;0;547;1#2;30;
0436;145367583;1;0;2191;1#2;30;
0436;145367584;1;0;527;1#2;30;
0436;145367585;1;0;968;1#2;30;
0436;145367586;1;0;2489;1#2;30;
0436;145367587;1;0;3233;1#2;30;
0436;145367588;1;0;1106;1#2;30;
0436;145367589;1;0;821;1#2;30;
0436;145367590;1;0;2282;1#2;30;
0436;145367591;1;0;319;1#2;60;
0436;145367592;1;0;488;1#2;30;
0436;145367593;1;0;460;1#2;30;
0436;145367594;1;0;792;1#2;30;
0436;145367595;1;0;582;1#2;30;
0436;145367596;1;0;913;1#2;30;
0436;145367597;1;0;629;1#2;30;
0436;145367598;1;0;536;1#2;30;
0436;145367599;1;0;805;1#2;30;
0436;145367600;1;0;1484;1#2;60;
0436;145367601;1;0;241;1#2;30;
0436;145367602;1;0;152;1#2;60;
0436;145367603;1;0;1021;1#2;30;
0436;145367604;1;0;1105;1#2;30;
0436;145367605;1;0;638;1#2;30;
0436;145367606;1;0;244;1#2;30;
0436;145367607;1;0;60;1#2;30;
0436;145367608;1;0;107;1#2;30;
0436;145367609;1;0;286;1#2;30;
0436;145367610;1;0;122;1#2;30;
0436;145367611;1;0;463;1#2;30;
0436;145367612;1;0;65;1#2;30;
0436;145367613;1;0;83;1#2;30;
0436;145367614;1;0;108;1#2;30;
0436;145367615;1;0;131;1#2;30;
0436;145367616;1;0;45;1#2;30;
0436;145367617;1;0;162;1#2;30;
0436;145367618;1;0;81;1#2;30;
0436;145367619;1;0;310;1#2;30;
0436;145367620;1;0;75;1#2;30;
0436;145367621;1;0;165;1#2;30;
0436;145367622;1;0;105;1#2;30;
0436;145367623;1;0;130;1#2;30;
0436;145367624;1;0;168;1#2;30;
0436;145367625;1;0;254;1#2;30;
0436;145367626;1;0;184;1#2;30;
0436;145367627;1;0;379;1#2;30;
0436;145367628;1;0;265;1#2;30;
0436;145367629;1;0;20;1#2;30;
0436;145367630;1;0;118;1#2;30;
0436;145367631;1;0;91;1#2;30;
0436;145367632;1;0;275;1#2;30;
0436;145367633;1;0;71;1#2;30;
0436;145367634;1;0;337;1#2;60;
0436;145367635;1;0;103;1#2;30;
0436;145367636;1;0;99;1#2;30;
0436;145367637;1;0;123;1#2;30;
0436;145367638;1;0;126;1#2;30;
0436;145367639;1;0;140;1#2;30;
0436;145367640;1;0;395;1#2;30;
0436;145367641;1;0;274;1#2;30;
0436;145367642;1;0;59;1#2;30;
0436;145367643;1;0;98;1#2;30;
0436;145367644;1;0;80;1#2;30;
0436;145367645;1;0;394;1#2;30;
0436;145367646;1;0;296;1#2;30;
0436;145367647;1;0;48;1#2;30;
0436;145367648;1;0;164;1#2;30;
0436;145367649;1;0;294;1#2;30;
0436;145367650;1;0;188;1#2;30;
0436;145367651;1;0;162;1#2;30;
0436;145367652;1;0;51;1#2;30;
0436;145367653;1;0;115;1#2;30;
0436;145367654;1;0;60;1#2;30;
0436;145367655;1;0;141;1#2;30;
0436;145367656;1;0;27;1#2;30;
0436;145367657;1;0;190;1#2;30;
0436;145367658;1;0;106;1#2;30;
0436;145367659;1;0;56;1#2;30;
0436;145367660;1;0;64;1#2;30;
0436;145367661;1;0;74;1#2;30;
0436;145367662;1;0;61;1#2;30;
0436;145367663;1;0;102;1#2;30;
0436;145367664;1;0;197;1#2;30;
0436;145367665;1;0;175;1#2;30;
0436;145367666;1;0;108;1#2;30;
0436;145367667;1;0;286;1#2;30;
0436;145367668;1;0;74;1#2;30;
0436;145367669;1;0;66;1#2;30;
0436;145367670;1;0;250;1#2;30;
0436;145367671;1;0;407;1#2;30;
0436;145367672;1;0;204;1#2;30;
0436;145367673;1;0;70;1#2;30;
0436;145367674;1;0;209;1#2;30;
0436;145367675;1;0;49;1#2;30;
0436;145367676;1;0;254;1#2;30;
0436;145367677;1;0;261;1#2;30;
0436;145367678;1;0;77;1#2;30;
0436;145367679;1;0;145;1#2;30;
0436;145367680;1;0;434;1#2;30;
0436;145367681;1;0;53;1#2;30;
0436;145367682;1;0;293;1#2;30;
0436;145367683;1;0;259;1#2;30;
0436;145367684;1;0;53;1#2;30;
0436;145367685;1;0;58;1#2;30;
0436;145367686;1;0;500;1#2;30;
0436;145367687;1;0;418;1#2;30;
0436;145367688;1;0;66;1#2;30;
0436;145367689;1;0;362;1#2;30;
0436;145367690;1;0;260;1#2;30;
0436;145367691;1;0;41;1#2;30;
0436;145367692;1;0;59;1#2;30;
0436;145367693;1;0;114;1#2;30;
0436;145367694;1;0;233;1#2;30;
0436;145367695;1;0;93;1#2;30;
0436;145367696;1;0;112;1#2;30;
0436;145367697;1;0;300;1#2;30;
0436;145367698;1;0;57;1#2;30;
0436;145367699;1;0;34;1#2;30;
0436;145367700;1;0;200;1#2;30;
0436;145367701;1;0;776;1#2;30;
0436;145367702;1;0;33;1#2;30;
0436;145367703;1;0;158;1#2;60;
0436;145367704;1;0;24;1#2;30;
0436;145367705;1;0;169;1#2;30;
0436;145367706;1;0;393;1#2;30;
0436;145367707;1;0;57;1#2;30;
0436;145367708;1;0;86;1#2;60;
0436;145367709;1;0;1023;1#2;30;
0436;145367710;1;0;90;1#2;30;
0436;145367711;1;0;336;1#2;30;
0436;145367712;1;0;375;1#2;30;
0436;145367713;1;0;331;1#2;30;
0436;145367714;1;0;480;1#2;30;
0436;145367715;1;0;565;1#2;30;
0436;145367716;1;0;35;1#2;30;
0436;145367717;1;0;47;1#2;30;
0436;145367718;1;0;105;1#2;30;
0436;145367719;1;0;174;1#2;30;
0436;145367720;1;0;41;1#2;30;
0436;145367721;1;0;63;1#2;30;
0436;145367722;1;0;33;1#2;30;
0436;145367723;1;0;424;1#2;30;
0436;145367724;1;0;108;1#2;30;
0436;145367725;1;0;121;1#2;30;
0436;145367726;1;0;91;1#2;30;
0436;145367727;1;0;140;1#2;30;
0436;145367728;1;0;223;1#2;30;
0436;145367729;1;0;203;1#2;30;
0436;145367730;1;0;190;1#2;30;
0436;145367731;1;0;39;1#2;30;
0436;145367732;1;0;21;1#2;30;
0436;145367733;1;0;276;1#2;30;
0436;145367734;1;0;250;1#2;30;
0436;145367735;1;0;102;1#2;30;
0436;145367736;1;0;250;1#2;30;
0436;145367737;1;0;31;1#2;30;
0436;145367738;1;0;276;1#2;30;
0436;145367739;1;0;71;1#2;30;
0436;145367740;1;0;176;1#2;30;
0436;145367741;1;0;61;1#2;30;
0436;145367742;1;0;30;1#2;30;
0436;145367743;1;0;184;1#2;30;
0436;145367744;1;0;309;1#2;30;
0436;145367745;1;0;72;1#2;30;
0436;145367746;1;0;52;1#2;30;
0436;145367747;1;0;261;1#2;60;
0436;145367748;1;0;413;1#2;30;
0436;145367749;1;0;191;1#2;30;
0436;145367750;1;0;294;1#2;30;
0436;145367751;1;0;100;1#2;30;
0436;145367752;1;0;227;1#2;30;
0436;145367753;1;0;382;1#2;30;
0436;145367754;1;0;62;1#2;30;
0436;145367755;1;0;842;1#2;30;
0436;145367756;1;0;105;1#2;30;
0436;145367757;1;0;104;1#2;30;
0436;145367758;1;0;75;1#2;30;
0436;145367759;1;0;440;1#2;30;
0436;145367760;1;0;300;1#2;30;
0436;145367761;1;0;137;1#2;30;
0436;145367762;1;0;173;1#2;30;
0436;145367763;1;0;582;1#2;30;
0436;145367764;1;0;239;1#2;30;
0436;145367765;1;0;265;1#2;30;
0436;145367766;1;0;620;1#2;30;
0436;145367767;1;0;34;1#2;30;
0436;145367768;1;0;314;1#2;30;
0436;145367769;1;0;146;1#2;30;
0436;145367770;1;0;447;1#2;30;
0436;145367771;1;0;136;1#2;30;
0436;145367772;1;0;166;1#2;30;
0436;145367773;1;0;127;1#2;30;
0436;145367774;1;0;451;1#2;30;
0436;145367775;1;0;463;1#2;30;
0436;145367776;1;0;79;1#2;30;
0436;145367777;1;0;268;1#2;30;
0436;145367778;1;0;59;1#2;30;
0436;145367779;1;0;30;1#2;30;
0436;145367780;1;0;182;1#2;30;
0436;145367781;1;0;181;1#2;30;
0436;145367782;1;0;111;1#2;30;
0436;145367783;1;0;213;1#2;30;
0436;145367784;1;0;204;1#2;60;
0436;145367785;1;0;490;1#2;30;
0436;145367786;1;0;52;1#2;30;
0436;145367787;1;0;141;1#2;30;
0436;145367788;1;0;72;1#2;30;
0436;145367789;1;0;266;1#2;30;
0436;145367790;1;0;176;1#2;30;
0436;145367791;1;0;67;1#2;30;
0436;145367792;1;0;146;1#2;30;
0436;145367793;1;0;39;1#2;30;
0436;145367794;1;0;257;1#2;30;
0436;145367795;1;0;113;1#2;30;
0436;163175495;1;0;5;1#2;30;
0436;163175496;1;0;293;1#2;30;
0436;159604520;1;0;9;1#2;30;
0436;159604521;1;0;122;1#2;30;
0436;145367798;1;0;77;1#2;30;
0436;145367799;1;0;46;1#2;30;
0436;145367800;1;0;27;1#2;30;
0436;145367801;1;0;174;1#2;30;
0436;145367802;1;0;257;1#2;30;
0436;145367803;1;0;368;1#2;30;
0436;145367804;1;0;95;1#2;30;
0436;145367805;1;0;101;1#2;30;
0436;145367806;1;0;75;1#2;30;
0436;145367807;1;0;385;1#2;30;
0436;145367808;1;0;133;1#2;30;
0436;145367809;1;0;155;1#2;30;
0436;145367810;1;0;638;1#2;30;
0436;145367811;1;0;58;1#2;30;
0436;145367812;1;0;371;1#2;30;
0436;145367813;1;0;202;1#2;30;
0436;145367814;1;0;134;1#2;30;
0436;145367815;1;0;192;1#2;30;
0436;145367816;1;0;58;1#2;30;
0436;145367817;1;0;328;1#2;30;
0436;145367818;1;0;107;1#2;30;
0436;145367819;1;0;105;1#2;30;
0436;145367820;1;0;238;1#2;30;
0436;145367821;1;0;240;1#2;30;
0436;145367822;1;0;222;1#2;30;
0436;145367823;1;0;96;1#2;30;
0436;145367824;1;0;547;1#2;30;
0436;145367825;1;0;70;1#2;30;
0436;145367826;1;0;69;1#2;30;
0436;145367827;1;0;175;1#2;30;
0436;145367828;1;0;99;1#2;30;
0436;145367829;1;0;171;1#2;30;
0436;145367830;1;0;286;1#2;30;
0436;145367831;1;0;255;1#2;30;
0436;145367832;1;0;493;1#2;30;
0436;145367833;1;0;344;1#2;30;
0436;145367834;1;0;256;1#2;30;
0436;145367835;1;0;82;1#2;30;
0436;145367836;1;0;302;1#2;30;
0436;145367837;1;0;120;1#2;30;
0436;145367838;1;0;130;1#2;30;
0436;145367839;1;0;65;1#2;30;
0436;145367840;1;0;60;1#2;30;
0436;145367841;1;0;83;1#2;30;
0436;145367842;1;0;470;1#2;30;
0436;145367843;1;0;422;1#2;30;
0436;145367844;1;0;389;1#2;30;
0436;145367845;1;0;140;1#2;30;
0436;145367846;1;0;151;1#2;30;
0436;145367847;1;0;43;1#2;30;
0436;145367848;1;0;39;1#2;30;
0436;145367849;1;0;454;1#2;30;
0436;145367850;1;0;61;1#2;30;
0436;145367851;1;0;60;1#2;30;
0436;145367852;1;0;38;1#2;30;
0436;145367853;1;0;50;1#2;30;
0436;145367854;1;0;187;1#2;30;
0436;145367855;1;0;137;1#2;30;
0436;145367856;1;0;124;1#2;30;
0436;145367857;1;0;140;1#2;30;
0436;145367858;1;0;43;1#2;30;
0436;145367859;1;0;335;1#2;30;
0436;145367860;1;0;63;1#2;30;
0436;145367861;1;0;193;1#2;30;
0436;145367862;1;0;44;1#2;30;
0436;145367863;1;0;64;1#2;30;
0436;145367864;1;0;62;1#2;30;
0436;145367865;1;0;50;1#2;30;
0436;145367866;1;0;54;1#2;30;
0436;145367867;1;0;33;1#2;30;
0436;145367868;1;0;156;1#2;30;
0436;145367869;1;0;45;1#2;30;
0436;145367870;1;0;105;1#2;30;
0436;145367871;1;0;118;1#2;30;
0436;145367872;1;0;262;1#2;30;
0436;145367873;1;0;56;1#2;30;
0436;145367874;1;0;299;1#2;30;
0436;145367875;1;0;59;1#2;30;
0436;145367876;1;0;35;1#2;30;
0436;145367877;1;0;34;1#2;30;
0436;145367878;1;0;37;1#2;30;
0436;145367879;1;0;68;1#2;30;
0436;145367880;1;0;353;1#2;30;
0436;145367881;1;0;77;1#2;30;
0436;145367882;1;0;80;1#2;30;
0436;145367883;1;0;366;1#2;30;
0436;145367884;1;0;145;1#2;30;
0436;145367885;1;0;101;1#2;30;
0436;145367886;1;0;41;1#2;30;
0436;145367887;1;0;105;1#2;30;
0436;145367888;1;0;71;1#2;30;
0436;145367889;1;0;73;1#2;30;
0436;145367890;1;0;43;1#2;30;
0436;145367891;1;0;131;1#2;30;
0436;145367892;1;0;31;1#2;30;
0436;145367893;1;0;249;1#2;30;
0436;145367894;1;0;68;1#2;30;
0436;145367895;1;0;104;1#2;30;
0436;145367896;1;0;73;1#2;30;
0436;145367897;1;0;194;1#2;30;
0436;145367899;1;0;68;1#2;30;
0436;145367900;1;0;72;1#2;30;
0436;145367901;1;0;103;1#2;30;
0436;145367902;1;0;171;1#2;30;
0436;145367903;1;0;123;1#2;30;
0436;145367904;1;0;318;1#2;30;
0436;145367905;1;0;207;1#2;30;
0436;145367906;1;0;224;1#2;30;
0436;145367907;1;0;251;1#2;30;
0436;145367908;1;0;55;1#2;30;
0436;145367909;1;0;90;1#2;30;
0436;145367910;1;0;92;1#2;30;
0436;145367911;1;0;118;1#2;30;
0436;145367912;1;0;377;1#2;30;
0436;145367913;1;0;113;1#2;30;
0436;145367914;1;0;410;1#2;30;
0436;145367915;1;0;65;1#2;30;
0436;145367916;1;0;178;1#2;30;
0436;145367917;1;0;144;1#2;30;
0436;145367918;1;0;171;1#2;30;
0436;145367919;1;0;45;1#2;30;
0436;145367920;1;0;143;1#2;30;
0436;145367921;1;0;95;1#2;30;
0436;145367922;1;0;155;1#2;30;
0436;145367923;1;0;73;1#2;30;
0436;145367924;1;0;58;1#2;30;
0436;145367925;1;0;113;1#2;30;
0436;145367926;1;0;50;1#2;30;
0436;145367927;1;0;215;1#2;30;
0436;145367928;1;0;188;1#2;30;
0436;145367929;1;0;270;1#2;30;
0436;145367930;1;0;55;1#2;30;
0436;145367931;1;0;136;1#2;30;
0436;145367932;1;0;87;1#2;30;
0436;145367933;1;0;37;1#2;30;
0436;145367934;1;0;179;1#2;30;
0436;145367935;1;0;151;1#2;30;
0436;145367936;1;0;169;1#2;30;
0436;145367937;1;0;98;1#2;30;
0436;145367938;1;0;155;1#2;30;
0436;145367939;1;0;389;1#2;30;
0436;145367940;1;0;102;1#2;30;
0436;145367941;1;0;123;1#2;30;
0436;145367942;1;0;182;1#2;30;
0436;145367943;1;0;32;1#2;30;
0436;159604522;1;0;9;1#2;30;
0436;159604523;1;0;283;1#2;30;
0436;145367945;1;0;16;1#2;30;
0436;145367946;1;0;33;1#2;30;
0436;145367947;1;0;151;1#2;30;
0436;159604524;1;0;8;1#2;30;
0436;159604525;1;0;77;1#2;30;
0436;145367949;1;0;67;1#2;30;
0436;145367950;1;0;347;1#2;30;
0436;145367951;1;0;129;1#2;30;
0436;145367952;1;0;404;1#2;30;
0436;145367953;1;0;135;1#2;30;
0436;145367954;1;0;359;1#2;30;
0436;145367955;1;0;142;1#2;30;
0436;145367956;1;0;159;1#2;30;
0436;145367957;1;0;94;1#2;30;
0436;145367958;1;0;212;1#2;30;
0436;145367959;1;0;48;1#2;30;
0436;145367960;1;0;375;1#2;30;
0436;145367961;1;0;201;1#2;30;
0436;145367962;1;0;114;1#2;30;
0436;145367963;1;0;365;1#2;30;
0436;159604526;1;0;9;1#2;30;
0436;159604527;1;0;51;1#2;30;
0436;145367965;1;0;76;1#2;30;
0436;145367966;1;0;104;1#2;30;
0436;145367967;1;0;126;1#2;30;
0436;145367968;1;0;209;1#2;30;
0436;145367969;1;0;104;1#2;30;
0436;145367970;1;0;79;1#2;30;
0436;159604528;1;0;9;1#2;30;
0436;159604529;1;0;22;1#2;30;
0436;159604530;1;0;3;1#2;30;
0436;159604531;1;0;94;1#2;30;
0436;145367973;1;0;86;1#2;30;
0436;145367974;1;0;127;1#2;30;
0436;145367975;1;0;61;1#2;30;
0436;145367976;1;0;243;1#2;30;
0436;145367977;1;0;26;1#2;30;
0436;145367978;1;0;43;1#2;30;
0436;145367979;1;0;127;1#2;30;
0436;145367980;1;0;55;1#2;30;
0436;145367981;1;0;78;1#2;30;
0436;145367982;1;0;21;1#2;30;
0436;145367983;1;0;66;1#2;30;
0436;145367984;1;0;112;1#2;30;
0436;145367985;1;0;60;1#2;30;
0436;145367986;1;0;191;1#2;30;
0436;145367987;1;0;80;1#2;30;
0436;145367988;1;0;100;1#2;30;
0436;145367989;1;0;395;1#2;30;
0436;145367990;1;0;98;1#2;30;
0436;145367991;1;0;56;1#2;30;
0436;145367992;1;0;68;1#2;30;
0436;145367993;1;0;236;1#2;30;
0436;145367994;1;0;45;1#2;30;
0436;145367995;1;0;75;1#2;30;
0436;145367996;1;0;186;1#2;30;
0436;145367997;1;0;21;1#2;30;
0436;145367998;1;0;22;1#2;30;
0436;145367999;1;0;217;1#2;30;
0436;145368000;1;0;37;1#2;30;
0436;145368001;1;0;86;1#2;30;
0436;145368002;1;0;341;1#2;30;
0436;145368003;1;0;210;1#2;30;
0436;145368004;1;0;107;1#2;30;
0436;145368005;1;0;91;1#2;30;
0436;145368006;1;0;104;1#2;30;
0436;145368007;1;0;43;1#2;30;
0436;145368008;1;0;526;1#2;30;
0436;145368009;1;0;46;1#2;30;
0436;145368010;1;0;106;1#2;30;
0436;145368011;1;0;296;1#2;60;
0436;145368012;1;0;427;1#2;60;
0436;145368013;1;0;108;1#2;30;
0436;145368014;1;0;230;1#2;30;
0436;145368015;1;0;603;1#2;30;
0436;145368016;1;0;136;1#2;30;
0436;145368017;1;0;87;1#2;30;
0436;145368018;1;0;88;1#2;30;
0436;145368019;1;0;253;1#2;30;
0436;145368020;1;0;40;1#2;30;
0436;145368021;1;0;42;1#2;30;
0436;145368022;1;0;170;1#2;30;
0436;145368023;1;0;335;1#2;30;
0436;145368024;1;0;51;1#2;30;
0436;145368025;1;0;268;1#2;30;
0436;145368026;1;0;175;1#2;30;
0436;145368027;1;0;106;1#2;30;
0436;145368028;1;0;155;1#2;30;
0436;145368029;1;0;292;1#2;30;
0436;145368030;1;0;43;1#2;30;
0436;145368031;1;0;125;1#2;30;
0436;145368032;1;0;45;1#2;30;
0436;145368033;1;0;539;1#2;30;
0436;145368034;1;0;48;1#2;30;
0436;145368035;1;0;195;1#2;30;
0436;145368036;1;0;57;1#2;30;
0436;145368037;1;0;62;1#2;30;
0436;145368038;1;0;71;1#2;30;
0436;145368039;1;0;90;1#2;30;
0436;145368040;1;0;103;1#2;30;
0436;145368041;1;0;82;1#2;30;
0436;145368042;1;0;93;1#2;30;
0436;145368043;1;0;63;1#2;30;
0436;145368044;1;0;78;1#2;30;
0436;145368045;1;0;74;1#2;30;
0436;145368046;1;0;207;1#2;30;
0436;145368047;1;0;72;1#2;30;
0436;145368048;1;0;179;1#2;30;
0436;145368049;1;0;76;1#2;30;
0436;145368050;1;0;43;1#2;30;
0436;145368051;1;0;322;1#2;30;
0436;145368052;1;0;125;1#2;30;
0436;145368053;1;0;47;1#2;30;
0436;145368054;1;0;128;1#2;30;
0436;145368055;1;0;525;1#2;30;
0436;145368056;1;0;181;1#2;30;
0436;145368057;1;0;30;1#2;30;
0436;145368058;1;0;63;1#2;30;
0436;145368059;1;0;47;1#2;30;
0436;145368060;1;0;262;1#2;30;
0436;145368061;1;0;50;1#2;30;
0436;145368062;1;0;171;1#2;30;
0436;145368063;1;0;241;1#2;30;
0436;145368064;1;0;52;1#2;30;
0436;145368065;1;0;161;1#2;30;
0436;145368066;1;0;377;1#2;30;
0436;145368067;1;0;261;1#2;30;
0436;145368068;1;0;47;1#2;30;
0436;145368069;1;0;39;1#2;30;
0436;145368070;1;0;227;1#2;30;
0436;145368071;1;0;20;1#2;30;
0436;145368072;1;0;568;1#2;30;
0436;145368073;1;0;159;1#2;30;
0436;145368074;1;0;150;1#2;30;
0436;145368075;1;0;184;1#2;30;
0436;145368076;1;0;110;1#2;30;
0436;145368077;1;0;52;1#2;30;
0436;145368078;1;0;54;1#2;30;
0436;145368079;1;0;61;1#2;30;
0436;145368080;1;0;74;1#2;30;
0436;145368081;1;0;74;1#2;30;
0436;145368082;1;0;63;1#2;30;
0436;145368083;1;0;58;1#2;30;
0436;145368084;1;0;71;1#2;30;
0436;145368085;1;0;311;1#2;30;
0436;145368086;1;0;33;1#2;30;
0436;145368087;1;0;41;1#2;30;
0436;145368088;1;0;85;1#2;30;
0436;145368089;1;0;78;1#2;30;
0436;145368090;1;0;77;1#2;30;
0436;145368091;1;0;96;1#2;30;
0436;145368092;1;0;60;1#2;30;
0436;145368093;1;0;68;1#2;30;
0436;145368094;1;0;96;1#2;30;
0436;145368095;1;0;77;1#2;30;
0436;145368096;1;0;45;1#2;30;
0436;145368097;1;0;36;1#2;30;
0436;145368098;1;0;133;1#2;30;
0436;145368099;1;0;80;1#2;30;
0436;145368100;1;0;141;1#2;30;
0436;145368101;1;0;258;1#2;30;
0436;145368102;1;0;59;1#2;30;
0436;145368103;1;0;47;1#2;30;
0436;145368104;1;0;52;1#2;30;
0436;145368105;1;0;363;1#2;30;
0436;145368106;1;0;96;1#2;30;
0436;145368107;1;0;66;1#2;30;
0436;145368108;1;0;117;1#2;30;
0436;145368109;1;0;64;1#2;30;
0436;145368110;1;0;62;1#2;30;
0436;145368111;1;0;56;1#2;30;
0436;145368112;1;0;62;1#2;30;
0436;145368113;1;0;47;1#2;30;
0436;145368114;1;0;95;1#2;30;
0436;145368115;1;0;291;1#2;30;
0436;145368116;1;0;66;1#2;30;
0436;145368117;1;0;91;1#2;30;
0436;145368118;1;0;45;1#2;30;
0436;145368119;1;0;83;1#2;30;
0436;145368120;1;0;123;1#2;30;
0436;145368121;1;0;43;1#2;30;
0436;145368122;1;0;366;1#2;30;
0436;145368123;1;0;34;1#2;30;
0436;145368124;1;0;44;1#2;30;
0436;145368125;1;0;59;1#2;30;
0436;145368126;1;0;91;1#2;30;
0436;145368127;1;0;92;1#2;30;
0436;145368128;1;0;74;1#2;30;
0436;145368129;1;0;24;1#2;30;
0436;145368130;1;0;35;1#2;30;
0436;145368131;1;0;46;1#2;30;
0436;145368132;1;0;53;1#2;30;
0436;145368133;1;0;48;1#2;30;
0436;145368134;1;0;91;1#2;30;
0436;145368135;1;0;44;1#2;30;
0436;145368136;1;0;56;1#2;30;
0436;145368137;1;0;53;1#2;30;
0436;145368138;1;0;72;1#2;30;
0436;145368139;1;0;56;1#2;30;
0436;145368140;1;0;63;1#2;30;
0436;145368141;1;0;52;1#2;30;
0436;145368142;1;0;36;1#2;30;
0436;145368143;1;0;49;1#2;30;
0436;145368144;1;0;65;1#2;30;
0436;145368145;1;0;67;1#2;30;
0436;145368146;1;0;94;1#2;30;
0436;145368147;1;0;223;1#2;30;
0436;145368148;1;0;239;1#2;30;
0436;145368149;1;0;62;1#2;30;
0436;145368150;1;0;361;1#2;30;
0436;145368151;1;0;158;1#2;30;
0436;145368152;1;0;103;1#2;30;
0436;145368153;1;0;84;1#2;30;
0436;145368154;1;0;293;1#2;30;
0436;145368155;1;0;175;1#2;30;
0436;145368156;1;0;74;1#2;30;
0436;145368157;1;0;317;1#2;30;
0436;145368158;1;0;432;1#2;30;
0436;145368159;1;0;48;1#2;30;
0436;145368160;1;0;58;1#2;30;
0436;145368161;1;0;157;1#2;30;
0436;145368162;1;0;225;1#2;60;
0436;145368163;1;0;26;1#2;60;
0436;145368164;1;0;69;1#2;30;
0436;145368165;1;0;83;1#2;30;
0436;145368166;1;0;604;1#2;30;
0436;145368167;1;0;306;1#2;30;
0436;145368168;1;0;233;1#2;30;
0436;145368169;1;0;81;1#2;30;
0436;145368170;1;0;237;1#2;30;
0436;145368171;1;0;262;1#2;30;
0436;145368172;1;0;193;1#2;30;
0436;145368173;1;0;80;1#2;30;
0436;145368174;1;0;230;1#2;30;
0436;145368175;1;0;54;1#2;30;
0436;145368176;1;0;91;1#2;30;
0436;145368177;1;0;200;1#2;30;
0436;145368178;1;0;346;1#2;30;
0436;145368179;1;0;30;1#2;30;
0436;145368180;1;0;66;1#2;30;
0436;145368181;1;0;330;1#2;30;
0436;145368182;1;0;154;1#2;30;
0436;145368183;1;0;104;1#2;30;
0436;145368184;1;0;125;1#2;30;
0436;145368185;1;0;102;1#2;30;
0436;145368186;1;0;53;1#2;30;
0436;145368187;1;0;127;1#2;30;
0436;145368188;1;0;86;1#2;30;
0436;145368189;1;0;89;1#2;30;
0436;145368190;1;0;163;1#2;30;
0436;145368191;1;0;112;1#2;30;
0436;145368192;1;0;69;1#2;30;
0436;145368193;1;0;101;1#2;30;
0436;145368194;1;0;305;1#2;30;
0436;145368195;1;0;128;1#2;30;
0436;145368196;1;0;70;1#2;30;
0436;145368197;1;0;93;1#2;30;
0436;145368198;1;0;181;1#2;30;
0436;145368199;1;0;155;1#2;30;
0436;145368200;1;0;75;1#2;30;
0436;145368201;1;0;56;1#2;30;
0436;145368202;1;0;69;1#2;30;
0436;145368203;1;0;74;1#2;30;
0436;145368204;1;0;28;1#2;30;
0436;145368205;1;0;218;1#2;30;
0436;145368206;1;0;179;1#2;30;
0436;145368207;1;0;120;1#2;30;
0436;145368208;1;0;221;1#2;30;
0436;145368209;1;0;54;1#2;30;
0436;145368210;1;0;96;1#2;30;
0436;145368211;1;0;94;1#2;30;
0436;145368212;1;0;44;1#2;30;
0436;145368213;1;0;106;1#2;30;
0436;145368214;1;0;101;1#2;30;
0436;145368215;1;0;155;1#2;30;
0436;145368216;1;0;131;1#2;30;
0436;145368217;1;0;206;1#2;30;
0436;145368218;1;0;150;1#2;30;
0436;145368219;1;0;64;1#2;30;
0436;145368220;1;0;29;1#2;30;
0436;145368221;1;0;46;1#2;30;
0436;145368222;1;0;57;1#2;30;
0436;145368223;1;0;70;1#2;30;
0436;145368224;1;0;139;1#2;30;
0436;145368225;1;0;96;1#2;30;
0436;145368226;1;0;67;1#2;30;
0436;145368227;1;0;117;1#2;30;
0436;145368228;1;0;52;1#2;30;
0436;145368229;1;0;75;1#2;30;
0436;145368230;1;0;46;1#2;30;
0436;145368231;1;0;55;1#2;30;
0436;145368232;1;0;102;1#2;30;
0436;145368233;1;0;146;1#2;30;
0436;145368234;1;0;91;1#2;30;
0436;145368235;1;0;149;1#2;30;
0436;145368236;1;0;86;1#2;30;
0436;145368237;1;0;190;1#2;30;
0436;145368238;1;0;59;1#2;30;
0436;145368239;1;0;140;1#2;30;
0436;145368240;1;0;108;1#2;30;
0436;145368241;1;0;552;1#2;30;
0436;145368242;1;0;61;1#2;30;
0436;145368243;1;0;21;1#2;30;
0436;145368244;1;0;384;1#2;30;
0436;145368245;1;0;61;1#2;30;
0436;145368246;1;0;108;1#2;30;
0436;145368247;1;0;211;1#2;30;
0436;145368248;1;0;97;1#2;30;
0436;145368249;1;0;69;1#2;30;
0436;145368250;1;0;219;1#2;30;
0436;145368251;1;0;21;1#2;30;
0436;145368252;1;0;84;1#2;30;
0436;145368253;1;0;136;1#2;30;
0436;145368254;1;0;72;1#2;30;
0436;145368255;1;0;412;1#2;30;
0436;145368256;1;0;338;1#2;30;
0436;145368257;1;0;363;1#2;30;
0436;145368258;1;0;183;1#2;30;
0436;145368259;1;0;247;1#2;30;
0436;145368260;1;0;132;1#2;30;
0436;145368261;1;0;322;1#2;30;
0436;145368262;1;0;527;1#2;30;
0436;145368263;1;0;54;1#2;30;
0436;145368264;1;0;91;1#2;30;
0436;145368265;1;0;54;1#2;30;
0436;145368266;1;0;456;1#2;30;
0436;145368267;1;0;103;1#2;30;
0436;145368268;1;0;42;1#2;30;
0436;145368269;1;0;206;1#2;30;
0436;145368270;1;0;149;1#2;30;
0436;145368271;1;0;405;1#2;30;
0436;145368272;1;0;90;1#2;30;
0436;145368273;1;0;134;1#2;30;
0436;145368274;1;0;27;1#2;30;
0436;145368275;1;0;67;1#2;30;
0436;145368276;1;0;104;1#2;30;
0436;145368277;1;0;49;1#2;30;
0436;145368278;1;0;34;1#2;30;
0436;145368279;1;0;70;1#2;30;
0436;145368280;1;0;52;1#2;30;
0436;145368281;1;0;169;1#2;30;
0436;145368282;1;0;79;1#2;30;
0436;145368283;1;0;70;1#2;30;
0436;145368284;1;0;166;1#2;30;
0436;145368285;1;0;350;1#2;30;
0436;145368286;1;0;75;1#2;30;
0436;145368287;1;0;197;1#2;30;
0436;145368288;1;0;131;1#2;30;
0436;145368289;1;0;265;1#2;30;
0436;145368290;1;0;59;1#2;30;
0436;145368291;1;0;99;1#2;30;
0436;145368292;1;0;235;1#2;30;
0436;145368293;1;0;477;1#2;30;
0436;145368294;1;0;66;1#2;30;
0436;145368295;1;0;168;1#2;30;
0436;145368296;1;0;142;1#2;30;
0436;145368297;1;0;92;1#2;30;
0436;145368298;1;0;90;1#2;30;
0436;145368299;1;0;40;1#2;30;
0436;145368300;1;0;58;1#2;30;
0436;145368301;1;0;717;1#2;30;
0436;145368302;1;0;327;1#2;30;
0436;145368303;1;0;58;1#2;30;
0436;145368304;1;0;378;1#2;30;
0436;145368305;1;0;52;1#2;30;
0436;145368306;1;0;71;1#2;30;
0436;145368307;1;0;303;1#2;30;
0436;145368308;1;0;272;1#2;30;
0436;145368309;1;0;725;1#2;30;
0436;145368310;1;0;594;1#2;30;
0436;145368311;1;0;36;1#2;30;
0436;145368312;1;0;61;1#2;30;
0436;145368313;1;0;77;1#2;30;
0436;145368314;1;0;461;1#2;30;
0436;145368315;1;0;139;1#2;30;
0436;145368316;1;0;63;1#2;30;
0436;145368317;1;0;112;1#2;30;
0436;145368318;1;0;75;1#2;30;
0436;145368319;1;0;56;1#2;30;
0436;145368320;1;0;81;1#2;30;
0436;145368321;1;0;90;1#2;30;
0436;145368322;1;0;150;1#2;60;
0436;145368323;1;0;217;1#2;60;
0436;145368324;1;0;198;1#2;30;
0436;145368325;1;0;341;1#2;30;
0436;145368326;1;0;64;1#2;30;
0436;145368327;1;0;211;1#2;30;
0436;145368328;1;0;57;1#2;30;
0436;145368329;1;0;98;1#2;30;
0436;145368330;1;0;101;1#2;30;
0436;145368331;1;0;248;1#2;30;
0436;145368332;1;0;107;1#2;30;
0436;145368333;1;0;119;1#2;30;
0436;145368334;1;0;102;1#2;30;
0436;145368335;1;0;491;1#2;30;
0436;145368336;1;0;30;1#2;30;
0436;145368337;1;0;212;1#2;30;
0436;145368338;1;0;66;1#2;30;
0436;145368339;1;0;111;1#2;30;
0436;145368340;1;0;81;1#2;30;
0436;145368341;1;0;50;1#2;30;
0436;145368342;1;0;65;1#2;30;
0436;145368343;1;0;204;1#2;30;
0436;145368344;1;0;71;1#2;30;
0436;145368345;1;0;58;1#2;30;
0436;145368346;1;0;84;1#2;30;
0436;145368347;1;0;17;1#2;30;
0436;145368348;1;0;446;1#2;30;
0436;145368349;1;0;1489;1#2;30;
0436;145368350;1;0;964;1#2;30;
0436;145368351;1;0;729;1#2;30;
0436;145368352;1;0;107;1#2;30;
0436;145368353;1;0;438;1#2;30;
0436;145368354;1;0;121;1#2;30;
0436;145368355;1;0;418;1#2;30;
0436;145368356;1;0;401;1#2;30;
0436;145368357;1;0;2760;1#2;30;
0436;145368358;1;0;159;1#2;30;
0436;145368359;1;0;907;1#2;30;
0436;145368360;1;0;755;1#2;30;
0436;145368361;1;0;23;1#2;30;
0436;145368362;1;0;229;1#2;30;
0436;145368363;1;0;49;1#2;30;
0436;145368364;1;0;214;1#2;30;
0436;145368365;1;0;914;1#2;30;
0436;145368366;1;0;129;1#2;30;
0436;145368367;1;0;528;1#2;30;
0436;145368368;1;0;162;1#2;30;
0436;145368369;1;0;173;1#2;30;
0436;145368370;1;0;1378;1#2;30;
0436;145368371;1;0;172;1#2;30;
0436;145368372;1;0;112;1#2;30;
0436;145368373;1;0;128;1#2;30;
0436;145368374;1;0;219;1#2;30;
0436;145368375;1;0;1555;1#2;30;
0436;145368376;1;0;246;1#2;30;
0436;145368377;1;0;202;1#2;30;
0436;145368378;1;0;110;1#2;30;
0436;145368379;1;0;87;1#2;30;
0436;145368380;1;0;54;1#2;30;
0436;145368381;1;0;67;1#2;30;
0436;145368382;1;0;246;1#2;30;
0436;159604532;1;0;7;1#2;30;
0436;159604533;1;0;86;1#2;30;
0436;145368384;1;0;321;1#2;30;
0436;145368385;1;0;150;1#2;30;
0436;145368386;1;0;236;1#2;30;
0436;145368387;1;0;100;1#2;30;
0436;145368388;1;0;2908;1#2;30;
0436;145368389;1;0;51;1#2;30;
0436;145368390;1;0;303;1#2;30;
0436;145368391;1;0;336;1#2;30;
0436;145368392;1;0;1106;1#2;30;
0436;145368393;1;0;208;1#2;30;
0436;145368394;1;0;379;1#2;30;
0436;145368395;1;0;86;1#2;30;
0436;145368396;1;0;260;1#2;60;
0436;145368397;1;0;405;1#2;30;
0436;145368398;1;0;113;1#2;30;
0436;145368399;1;0;45;1#2;30;
0436;145368400;1;0;819;1#2;30;
0436;145368401;1;0;447;1#2;30;
0436;145368402;1;0;553;1#2;30;
0436;145368403;1;0;826;1#2;30;
0436;145368404;1;0;1185;1#2;30;
0436;145368405;1;0;360;1#2;30;
0436;145368406;1;0;808;1#2;30;
0436;145368407;1;0;906;1#2;30;
0436;145368408;1;0;2110;1#2;30;
0436;145368409;1;0;929;1#2;30;
0436;145368410;1;0;264;1#2;30;
0436;145368411;1;0;53;1#2;30;
0436;145368412;1;0;54;1#2;30;
0436;145368413;1;0;762;1#2;30;
0436;145368414;1;0;83;1#2;30;
0436;145368415;1;0;74;1#2;30;
0436;145368416;1;0;741;1#2;60;
0436;145368417;1;0;455;1#2;30;
0436;159604534;1;0;6;1#2;30;
0436;159604535;1;0;159;1#2;30;
0436;159604536;1;0;7;1#2;30;
0436;145368419;1;0;112;1#2;30;
0436;145368420;1;0;106;1#2;30;
0436;145368421;1;0;128;1#2;30;
0436;145368422;1;0;239;1#2;30;
0436;145368423;1;0;788;1#2;60;
0436;145368424;1;0;926;1#2;30;
0436;145368425;1;0;62;1#2;30;
0436;145368426;1;0;357;1#2;30;
0436;145368427;1;0;136;1#2;30;
0436;145368428;1;0;489;1#2;30;
0436;145368429;1;0;315;1#2;30;
0436;145368430;1;0;399;1#2;30;
0436;145368431;1;0;309;1#2;30;
0436;145368432;1;0;136;1#2;30;
0436;145368433;1;0;19;1#2;30;
0436;145368434;1;0;95;1#2;30;
0436;145368435;1;0;101;1#2;30;
0436;145368436;1;0;405;1#2;30;
0436;145368437;1;0;1483;1#2;30;
0436;145368438;1;0;879;1#2;30;
0436;145368439;1;0;20;1#2;30;
0436;145368440;1;0;373;1#2;30;
0436;145368441;1;0;393;1#2;30;
0436;145368442;1;0;200;1#2;30;
0436;145368443;1;0;679;1#2;30;
0436;145368444;1;0;617;1#2;30;
0436;145368445;1;0;262;1#2;30;
0436;145368446;1;0;355;1#2;30;
0436;145368447;1;0;865;1#2;30;
0436;145368448;1;0;1138;1#2;30;
0436;145368449;1;0;248;1#2;30;
0436;145368450;1;0;1147;1#2;30;
0436;145368451;1;0;475;1#2;30;
0436;145388976;1;0;111;1#2;60;
0436;145388977;1;0;733;1#2;60;
0436;145388978;1;0;6;1#2;60;
0436;145388979;1;0;276;1#2;60;
0436;145388980;1;0;200;1#2;60;
0436;145388981;1;0;669;1#2;60;
0436;145388982;1;0;181;1#2;60;
0436;145388983;1;0;4353;1#2;60;
0436;145388984;1;0;1250;1#2;60;
0436;145388985;1;0;252;1#2;60;
0436;145388986;1;0;182;1#2;60;
0436;145388987;1;0;315;1#2;60;
0436;145388988;1;0;8;1#2;60;
0436;145388989;1;0;116;1#2;60;
0436;145388990;1;0;188;1#2;60;
0436;145388991;1;0;662;1#2;60;
0436;145388992;1;0;254;1#2;60;
0436;145388993;1;0;125;1#2;60;
0436;145388994;1;0;1585;1#2;60;
0436;145388995;1;0;811;1#2;60;
0436;145388996;1;0;889;1#2;60;
0436;145388997;1;0;5141;1#2;60;
0436;145388998;1;0;3772;1#2;60;
0436;145388999;1;0;2238;1#2;60;
0436;145389000;1;0;2090;1#2;60;
0436;145389001;1;0;23;1#2;60;
0436;145389002;1;0;152;1#2;60;
0436;145389003;1;0;2601;1#2;60;
0436;145389004;1;0;3306;1#2;60;
0436;145389005;1;0;2844;1#2;60;
0436;145389006;1;0;3250;1#2;60;
0436;145389007;1;0;905;1#2;60;
0436;145389008;1;0;464;1#2;60;
0436;145389009;1;0;3239;1#2;60;
0436;145389010;1;0;22;1#2;60;
0436;145389011;1;0;636;1#2;60;
0436;145389012;1;0;375;1#2;60;
0436;145389013;1;0;1140;1#2;60;
0436;145389014;1;0;93;1#2;60;
0436;145389015;1;0;956;1#2;60;
0436;145389016;1;0;162;1#2;60;
0436;145389017;1;0;24;1#2;60;
0436;145389018;1;0;40;1#2;60;
0436;145389019;1;0;450;1#2;60;
0436;145389020;1;0;535;1#2;60;
0436;145389021;1;0;205;1#2;60;
0436;145389022;1;0;1341;1#2;60;
0436;145389023;1;0;413;1#2;60;
0436;145389024;1;0;438;1#2;60;
0436;145389025;1;0;233;1#2;60;
0436;145389026;1;0;24;1#2;60;
0436;145389027;1;0;13;1#2;60;
0436;145389028;1;0;211;1#2;60;
0436;145389029;1;0;706;1#2;60;
0436;145389030;1;0;68;1#2;60;
0436;145389031;1;0;2077;1#2;60;
0436;145389032;1;0;498;1#2;60;
0436;145389033;1;0;358;1#2;60;
0436;145389034;1;0;177;1#2;60;
0436;145389035;1;0;532;1#2;60;
0436;145389036;1;0;1035;1#2;60;
0436;145389037;1;0;3570;1#2;60;
0436;145389038;1;0;1323;1#2;60;
0436;145389039;1;0;1384;1#2;60;
0436;145389040;1;0;751;1#2;60;
0436;145389041;1;0;1823;1#2;60;
0436;145389042;1;0;725;1#2;60;
0436;145389043;1;0;291;1#2;60;
0436;145389044;1;0;289;1#2;60;
0436;145389045;1;0;7;1#2;60;
0436;145389046;1;0;1441;1#2;60;
0436;145389047;1;0;30;1#2;60;
0436;145389048;1;0;1014;1#2;60;
0436;145389049;1;0;1169;1#2;60;
0436;145389050;1;0;803;1#2;60;
0436;145389051;1;0;4095;1#2;60;
0436;145389052;1;0;22;1#2;60;
0436;145389053;1;0;658;1#2;60;
0436;145389054;1;0;31;1#2;60;
0436;145389055;1;0;167;1#2;60;
0436;145389056;1;0;40;1#2;60;
0436;145389057;1;0;692;1#2;60;
0436;145389058;1;0;910;1#2;60;
0436;145389059;1;0;285;1#2;60;
0436;145389060;1;0;150;1#2;60;
0436;145389061;1;0;259;1#2;60;
0436;145389062;1;0;747;1#2;60;
0436;145389063;1;0;1120;1#2;60;
0436;145389064;1;0;1101;1#2;60;
0436;145389065;1;0;68;1#2;60;
0436;145389066;1;0;182;1#2;60;
0436;145389067;1;0;186;1#2;60;
0436;145389068;1;0;243;1#2;60;
0436;145389069;1;0;77;1#2;60;
0436;145389070;1;0;143;1#2;60;
0436;145389071;1;0;658;1#2;60;
0436;145389072;1;0;994;1#2;60;
0436;145389073;1;0;931;1#2;60;
0436;145389074;1;0;4026;1#2;60;
0436;145389075;1;0;217;1#2;60;
0436;145389076;1;0;750;1#2;60;
0436;145389077;1;0;416;1#2;60;
0436;145389078;1;0;341;1#2;60;
0436;145389079;1;0;85;1#2;60;
0436;145389080;1;0;577;1#2;60;
0436;145389081;1;0;524;1#2;60;
0436;145389082;1;0;271;1#2;60;
0436;145389083;1;0;138;1#2;60;
0436;145389084;1;0;828;1#2;60;
0436;145389085;1;0;1710;1#2;60;
0436;145389086;1;0;505;1#2;60;
0436;145389087;1;0;427;1#2;60;
0436;145389088;1;0;1030;1#2;60;
0436;145389089;1;0;594;1#2;60;
0436;145389090;1;0;122;1#2;60;
0436;145389091;1;0;412;1#2;60;
0436;145389092;1;0;230;1#2;60;
0436;145389093;1;0;104;1#2;60;
0436;145389094;1;0;2479;1#2;60;
0436;145389095;1;0;62;1#2;60;
0436;145389096;1;0;713;1#2;60;
0436;145389097;1;0;536;1#2;60;
0436;145389098;1;0;294;1#2;60;
0436;145389099;1;0;2235;1#2;60;
0436;145389100;1;0;168;1#2;60;
0436;145389101;1;0;266;1#2;60;
0436;145389102;1;0;603;1#2;60;
0436;145389103;1;0;317;1#2;60;
0436;145389104;1;0;371;1#2;60;
0436;145389105;1;0;226;1#2;60;
0436;145389106;1;0;318;1#2;60;
0436;145389107;1;0;18;1#2;60;
0436;145389108;1;0;270;1#2;60;
0436;145389109;1;0;11;1#2;60;
0436;145389110;1;0;220;1#2;60;
0436;145389111;1;0;158;1#2;60;
0436;145389112;1;0;258;1#2;60;
0436;145389113;1;0;1823;1#2;60;
0436;145389114;1;0;26;1#2;60;
0436;145389115;1;0;15;1#2;60;
0436;145389116;1;0;1694;1#2;60;
0436;145389117;1;0;1446;1#2;60;
0436;145389118;1;0;449;1#2;60;
0436;145389119;1;0;88;1#2;60;
0436;145389120;1;0;178;1#2;60;
0436;145389121;1;0;392;1#2;60;
0436;145389122;1;0;62;1#2;60;
0436;145389123;1;0;255;1#2;60;
0436;145389124;1;0;157;1#2;60;
0436;145389125;1;0;90;1#2;60;
0436;145389126;1;0;242;1#2;60;
0436;145389127;1;0;266;1#2;60;
0436;145389128;1;0;253;1#2;60;
0436;145389129;1;0;736;1#2;60;
0436;145389130;1;0;1229;1#2;60;
0436;145389131;1;0;838;1#2;60;
0436;145389132;1;0;32;1#2;60;
0436;145389133;1;0;194;1#2;60;
0436;145389134;1;0;146;1#2;60;
0436;145389135;1;0;43;1#2;60;
0436;145389136;1;0;273;1#2;60;
0436;145389137;1;0;62;1#2;60;
0436;145389138;1;0;216;1#2;60;
0436;145389139;1;0;173;1#2;60;
0436;145389140;1;0;522;1#2;60;
0436;145389141;1;0;8;1#2;60;
0436;145389142;1;0;75;1#2;60;
0436;145389143;1;0;245;1#2;60;
0436;145389144;1;0;242;1#2;60;
0436;145389145;1;0;91;1#2;60;
0436;145389146;1;0;286;1#2;60;
0436;145389147;1;0;2529;1#2;60;
0436;145389148;1;0;234;1#2;60;
0436;145389149;1;0;19;1#2;60;
0436;145389150;1;0;275;1#2;60;
0436;145389151;1;0;731;1#2;60;
0436;145389152;1;0;466;1#2;60;
0436;145389153;1;0;759;1#2;60;
0436;145389154;1;0;665;1#2;60;
0436;145389155;1;0;654;1#2;60;
0436;145389156;1;0;857;1#2;60;
0436;145389157;1;0;517;1#2;60;
0436;145389158;1;0;1021;1#2;60;
0436;145389159;1;0;635;1#2;60;
0436;145389160;1;0;22;1#2;60;
0436;145389161;1;0;38;1#2;60;
0436;145389162;1;0;51;1#2;60;
0436;145389163;1;0;509;1#2;60;
0436;145389164;1;0;752;1#2;60;
0436;145389165;1;0;3213;1#2;60;
0436;145389166;1;0;744;1#2;60;
0436;145389167;1;0;186;1#2;60;
0436;145389168;1;0;1385;1#2;60;
0436;145389169;1;0;486;1#2;60;
0436;145389170;1;0;13;1#2;60;
0436;145389171;1;0;117;1#2;60;
0436;145389172;1;0;164;1#2;60;
0436;145389173;1;0;291;1#2;60;
0436;145389174;1;0;22;1#2;60;
0436;145389175;1;0;85;1#2;60;
0436;145389176;1;0;237;1#2;60;
0436;145389177;1;0;29;1#2;60;
0436;145389178;1;0;82;1#2;60;
0436;145389179;1;0;507;1#2;60;
0436;145392502;1;0;1170;1#2;80;
0436;145392503;1;0;125;1#2;80;
0436;145392504;1;0;112;1#2;80;
0436;145392505;1;0;1868;1#2;80;
0436;145392506;1;0;767;1#2;80;
0436;145392507;1;0;411;1#2;80;
0436;145392508;1;0;78;1#2;80;
0436;145392509;1;0;57;1#2;80;
0436;145392510;1;0;71;1#2;80;
0436;145392511;1;0;22;1#2;80;
0436;145392512;1;0;73;1#2;80;
0436;145392513;1;0;194;1#2;80;
0436;145392514;1;0;6;1#2;80;
0436;145392515;1;0;12;1#2;80;
0436;145392516;1;0;984;1#2;80;
0436;145392517;1;0;916;1#2;80;
0436;145392518;1;0;180;1#2;80;
0436;145392519;1;0;130;1#2;80;
0436;145392520;1;0;11;1#2;80;
0436;145392521;1;0;71;1#2;80;
0436;145392522;1;0;11;1#2;80;
0436;145392523;1;0;105;1#2;80;
0436;145392524;1;0;1557;1#2;80;
0436;145392525;1;0;229;1#2;80;
0436;145392526;1;0;844;1#2;80;
0436;145392527;1;0;546;1#2;80;
0436;145392528;1;0;429;1#2;80;
0436;145392529;1;0;408;1#2;80;
0436;145392530;1;0;58;1#2;80;
0436;145392531;1;0;146;1#2;80;
0436;145392532;1;0;249;1#2;80;
0436;145392533;1;0;65;1#2;80;
0436;145392534;1;0;41;1#2;80;
0436;145392535;1;0;349;1#2;80;
0436;145392536;1;0;85;1#2;80;
0436;145392537;1;0;201;1#2;80;
0436;145392538;1;0;335;1#2;80;
0436;145392539;1;0;269;1#2;80;
0436;145392540;1;0;721;1#2;80;
0436;145392541;1;0;2089;1#2;80;
0436;145392542;1;0;2069;1#2;80;
0436;145392543;1;0;185;1#2;80;
0436;145392544;1;0;11;1#2;80;
0436;145392545;1;0;213;1#2;80;
0436;145392546;1;0;732;1#2;80;
0436;145392547;1;0;575;1#2;80;
0436;145392548;1;0;221;1#2;80;
0436;145392548;2;160;221;1#2;50;
0436;145392549;1;0;293;1#2;50;
0436;145392549;2;154;293;1#2;50;
0436;145392550;1;0;68;1#2;50;
0436;145392551;1;0;95;1#2;50;
0436;145392552;1;0;116;1#2;50;
0436;145392553;1;0;182;1#2;50;
0436;145392554;1;0;230;1#2;50;
0436;145392555;1;0;22;1#2;50;
0436;145392556;1;0;14;1#2;50;
0436;145392557;1;0;53;1#2;50;
0436;145392558;1;0;49;1#2;50;
0436;145392559;1;0;110;1#2;50;
0436;145392560;1;0;79;1#2;50;
0436;145392561;1;0;83;1#2;50;
0436;159604537;1;0;14;1#2;50;
0436;159604538;1;0;35;1#2;50;
0436;145392563;1;0;9;1#2;50;
0436;145393219;1;0;1979;1#2;80;
0436;145393220;1;0;1205;1#2;80;
0436;145393221;1;0;277;1#2;80;
0436;145393222;1;0;198;1#2;80;
0436;145393223;1;0;1416;1#2;80;
0436;145393224;1;0;58;1#2;80;
0436;145393225;1;0;309;1#2;80;
0436;145393226;1;0;2203;1#2;80;
0436;145393227;1;0;605;1#2;80;
0436;145393228;1;0;117;1#2;80;
0436;145403237;1;0;5;1#2;80;
0436;145403238;1;0;542;1;70;
0436;145403238;1;0;542;2;80;
0436;145403238;1;0;542;1#2;80;
0436;145403238;2;394;542;1#2;50;
0436;145403239;1;0;4;1#2;50;
0436;145403632;1;0;4;1#2;80;
0436;145403633;1;0;2182;1#2;80;
0436;145403634;1;0;446;1#2;80;
0436;145403635;1;0;1017;1#2;80;
0436;145403636;1;0;467;1#2;80;
0436;145403637;1;0;6;1#2;80;
0436;145403638;1;0;23;1#2;80;
0436;145403639;1;0;173;1#2;80;
0436;145403640;1;0;200;1#2;80;
0436;145403640;2;86;200;2;80;
0436;145403640;2;86;200;1;70;
0436;145403641;1;0;269;2;80;
0436;145403641;1;0;269;1;70;
0436;145403641;2;136;269;1#2;50;
0436;145403642;1;0;35;1#2;50;
0436;145403643;1;0;262;1#2;50;
0436;145403644;1;0;4;1#2;50;
0436;145403645;1;0;7;1#2;80;
0436;145403646;1;0;11;1#2;80;
0436;145403647;1;0;281;1#2;80;
0436;145403648;1;0;233;1#2;80;
0436;145403649;1;0;33;1#2;80;
0436;145403650;1;0;244;1#2;80;
0436;145403651;1;0;205;1#2;80;
0436;145403652;1;0;86;1#2;80;
0436;145403653;1;0;115;1#2;80;
0436;145403654;1;0;374;1#2;80;
0436;145403655;1;0;36;1#2;80;
0436;145403656;1;0;702;1#2;80;
0436;145403657;1;0;421;1#2;80;
0436;145403658;1;0;5;1#2;80;
0436;145403659;1;0;126;1#2;80;
0436;145403660;1;0;759;1#2;80;
0436;145403661;1;0;1177;1#2;80;
0436;145403662;1;0;13;1#2;80;
0436;145403663;1;0;496;1#2;80;
0436;145403664;1;0;407;1#2;80;
0436;145403665;1;0;155;1#2;80;
0436;145403666;1;0;72;1#2;80;
0436;145403667;1;0;66;1#2;80;
0436;145403668;1;0;527;1#2;80;
0436;145403669;1;0;286;1#2;80;
0436;145403669;2;256;286;1#2;50;
0436;145403670;1;0;45;1#2;50;
0436;145403671;1;0;100;1#2;50;
0436;145403672;1;0;3;1#2;50;
0436;145403673;1;0;3;1#2;50;
0436;145403674;1;0;61;1#2;50;
0436;145403675;1;0;14;1#2;50;
0436;145403676;1;0;12;1#2;50;
0436;145403677;1;0;29;1#2;50;
0436;145403678;1;0;223;1#2;50;
0436;145403679;1;0;27;1#2;50;
0436;145403680;1;0;190;1#2;50;
0436;145403680;2;29;190;1#2;80;
0436;145403681;1;0;153;1#2;80;
0436;145403682;1;0;66;1#2;80;
0436;145403683;1;0;8;1#2;80;
0436;145403684;1;0;135;1#2;80;
0436;145403685;1;0;12;1#2;80;
0436;145403686;1;0;31;1#2;80;
0436;145403687;1;0;381;1#2;80;
0436;145403688;1;0;141;1#2;80;
0436;145403689;1;0;40;1#2;80;
0436;145403690;1;0;79;1#2;80;
0436;145403691;1;0;36;1#2;80;
0436;145403692;1;0;62;1#2;80;
0436;145403693;1;0;255;1#2;80;
0436;145403694;1;0;83;1#2;80;
0436;145403695;1;0;19;1#2;80;
0436;145403696;1;0;163;1#2;80;
0436;145403697;1;0;324;1#2;50;
0436;145403697;2;85;324;1#2;80;
0436;145403698;1;0;43;1#2;80;
0436;145403699;1;0;137;1#2;80;
0436;145403700;1;0;121;1#2;80;
0436;145403701;1;0;105;1#2;80;
0436;145403702;1;0;322;1#2;80;
0436;145403703;1;0;402;1#2;80;
0436;145403704;1;0;90;1#2;80;
0436;145403705;1;0;76;1#2;80;
0436;145403706;1;0;170;1#2;80;
0436;145403707;1;0;90;1#2;80;
0436;145403708;1;0;219;1#2;80;
0436;145403709;1;0;11;1#2;80;
0436;145403710;1;0;658;1#2;80;
0436;145403711;1;0;584;1#2;80;
0436;145403712;1;0;204;1#2;80;
0436;145403713;1;0;58;1#2;80;
0436;145403714;1;0;322;1#2;80;
0436;145403715;1;0;483;1#2;80;
0436;145403716;1;0;316;1#2;80;
0436;145403717;1;0;1016;1#2;80;
0436;145403718;1;0;74;1#2;80;
0436;145403719;1;0;4;1#2;80;
0436;145403720;1;0;383;1#2;80;
0436;145403721;1;0;75;1#2;80;
0436;145403722;1;0;210;1#2;80;
0436;145403723;1;0;95;1#2;80;
0436;145403724;1;0;41;1#2;80;
0436;145403725;1;0;297;1#2;80;
0436;145403726;1;0;28;1#2;80;
0436;145403727;1;0;2;1#2;80;
0436;145403728;1;0;259;1#2;80;
0436;145403729;1;0;735;1#2;80;
0436;145403730;1;0;21;1#2;80;
0436;145403731;1;0;4;1#2;80;
0436;145405519;1;0;991;1#2;80;
0436;145405520;1;0;321;1#2;80;
0436;145405521;1;0;438;1#2;80;
0436;145405522;1;0;769;1#2;80;
0436;145405523;1;0;636;1#2;80;
0436;145405524;1;0;430;1#2;80;
0436;145405525;1;0;167;1#2;80;
0436;145405526;1;0;472;1#2;80;
0436;145405527;1;0;436;1#2;80;
0436;145405528;1;0;288;1#2;80;
0436;145405529;1;0;586;1#2;80;
0436;145405530;1;0;27;1#2;80;
0436;145405531;1;0;248;1#2;80;
0436;145405532;1;0;136;1#2;80;
0436;145405533;1;0;444;1#2;80;
0436;145405534;1;0;340;1#2;80;
0436;145405534;2;211;340;1#2;70;
0436;145405535;1;0;32;1#2;70;
0436;145405536;1;0;169;1#2;70;
0436;145405537;1;0;27;1#2;70;
0436;145405538;1;0;85;1#2;70;
0436;145405539;1;0;248;1#2;70;
0436;145405540;1;0;14;1#2;70;
0436;145405541;1;0;13;1#2;70;
0436;145405542;1;0;70;1#2;70;
0436;145405543;1;0;141;1#2;70;
0436;145405544;1;0;144;1#2;70;
0436;145405545;1;0;28;1#2;60;
0436;145405546;1;0;57;1#2;60;
0436;145405547;1;0;20;1#2;60;
0436;145405548;1;0;107;1#2;60;
0436;145405549;1;0;11;1#2;60;
0436;145405550;1;0;150;1#2;60;
0436;145405551;1;0;48;1#2;60;
0436;145405552;1;0;518;1#2;60;
0436;145405552;2;242;518;1#2;80;
0436;145405553;1;0;32;1#2;80;
0436;145405554;1;0;192;1#2;80;
0436;145405555;1;0;291;1#2;80;
0436;145405556;1;0;85;1#2;80;
0436;145405557;1;0;42;1#2;80;
0436;145405558;1;0;157;1#2;80;
0436;145405559;1;0;51;1#2;80;
0436;145405560;1;0;186;1#2;80;
0436;145405561;1;0;40;1#2;80;
0436;145405562;1;0;168;1#2;80;
0436;145405563;1;0;470;1#2;80;
0436;145405564;1;0;65;1#2;80;
0436;145405565;1;0;543;1#2;80;
0436;145405566;1;0;1237;1#2;80;
0436;145405567;1;0;27;1#2;80;
0436;145405568;1;0;16;1#2;80;
0436;145405569;1;0;7;1#2;80;
0436;145405570;1;0;951;1#2;80;
0436;145405571;1;0;2969;1#2;80;
0436;145405572;1;0;642;1#2;80;
0436;145405573;1;0;100;1#2;80;
0436;145405574;1;0;175;1#2;80;
0436;145405575;1;0;498;1#2;80;
0436;145405576;1;0;530;1#2;80;
0436;145405577;1;0;251;1#2;80;
0436;145405578;1;0;136;1#2;80;
0436;145405579;1;0;121;1#2;80;
0436;145405580;1;0;151;1#2;80;
0436;145405581;1;0;219;1#2;80;
0436;145405582;1;0;464;1#2;80;
0436;145405583;1;0;851;1#2;80;
0436;145405584;1;0;489;1#2;80;
0436;145405585;1;0;224;1#2;80;
0436;145405586;1;0;130;1#2;80;
0436;145405587;1;0;25;1#2;80;
0436;145405588;1;0;125;1#2;80;
0436;145405589;1;0;89;1#2;80;
0436;145405590;1;0;59;1#2;80;
0436;145405591;1;0;227;1#2;80;
0436;145405592;1;0;387;1#2;80;
0436;145405593;1;0;75;1#2;80;
0436;145405594;1;0;760;1#2;80;
0436;145405594;2;747;760;1#2;60;
0436;145405595;1;0;107;1#2;60;
0436;145405596;1;0;48;1#2;60;
0436;145405597;1;0;188;1#2;60;
0436;145405598;1;0;142;1#2;60;
0436;145405599;1;0;117;1#2;60;
0436;145405600;1;0;454;1#2;60;
0436;145405600;2;266;454;1#2;80;
0436;145405601;1;0;481;1#2;80;
0436;145405602;1;0;500;1#2;80;
0436;145405603;1;0;160;1#2;80;
0436;145405604;1;0;63;1#2;80;
0436;145405605;1;0;259;1#2;80;
0436;145405606;1;0;1831;1#2;80;
0436;145405607;1;0;1056;1#2;80;
0436;145405608;1;0;1263;1#2;80;
0436;145405609;1;0;39;1#2;80;
0436;145405954;1;0;619;1#2;80;
0436;145405955;1;0;127;1#2;80;
0436;145405956;1;0;400;1#2;80;
0436;145405957;1;0;413;1#2;80;
0436;145405957;2;330;413;1#2;60;
0436;145405958;1;0;104;1#2;60;
0436;145405959;1;0;306;1#2;60;
0436;145405959;2;158;306;1#2;50;
0436;159604539;1;0;146;1#2;50;
0436;159604540;1;0;73;1#2;50;
0436;159604541;1;0;66;1#2;50;
0436;145405961;1;0;104;1#2;50;
0436;145405962;1;0;68;1#2;50;
0436;145405963;1;0;4;1#2;50;
0436;145405964;1;0;4;1#2;50;
0436;159604542;1;0;26;1#2;50;
0436;159604543;1;0;22;1#2;50;
0436;145405966;1;0;92;1#2;50;
0436;145405967;1;0;67;1#2;50;
0436;145405968;1;0;186;1#2;50;
0436;145405968;2;100;186;1#2;60;
0436;145405969;1;0;3;1#2;60;
0436;145405970;1;0;234;1#2;60;
0436;145405971;1;0;180;1#2;60;
0436;145405972;1;0;58;1#2;60;
0436;145405973;1;0;632;1#2;60;
0436;145405973;2;38;632;1#2;80;
0436;145405974;1;0;254;1#2;80;
0436;145405975;1;0;227;1#2;80;
0436;145405976;1;0;96;1#2;80;
0436;145405977;1;0;272;1#2;80;
0436;145405978;1;0;26;1#2;80;
0436;145405979;1;0;853;1#2;80;
0436;145405980;1;0;955;1#2;80;
0436;145405981;1;0;47;1#2;80;
0436;145405982;1;0;337;1#2;80;
0436;145405983;1;0;76;1#2;80;
0436;145405984;1;0;66;1#2;80;
0436;145405985;1;0;384;1#2;80;
0436;145405986;1;0;208;1#2;80;
0436;145405987;1;0;478;1#2;80;
0436;145405988;1;0;2697;1#2;80;
0436;145405989;1;0;48;1#2;80;
0436;145405990;1;0;47;1#2;80;
0436;145405991;1;0;87;1#2;80;
0436;145411083;1;0;971;1#2;80;
0436;145411084;1;0;5;1#2;80;
0436;145411085;1;0;109;1#2;80;
0436;145411086;1;0;2545;1#2;80;
0436;145411087;1;0;78;1#2;80;
0436;145411088;1;0;43;1#2;80;
0436;145411089;1;0;520;1#2;80;
0436;145411090;1;0;229;1#2;80;
0436;145411091;1;0;309;1#2;80;
0436;145411092;1;0;184;1#2;80;
0436;145411093;1;0;225;1#2;80;
0436;145411094;1;0;58;1#2;80;
0436;145411095;1;0;360;1#2;80;
0436;145411096;1;0;587;1#2;80;
0436;145411097;1;0;674;1#2;80;
0436;145411098;1;0;606;1#2;80;
0436;145411099;1;0;333;1#2;80;
0436;145411100;1;0;19;1#2;80;
0436;145411101;1;0;8;1#2;80;
0436;145411102;1;0;182;1#2;80;
0436;145411103;1;0;171;1#2;80;
0436;145411104;1;0;348;1#2;80;
0436;145411137;1;0;4;1#2;80;
0436;145411138;1;0;19;1#2;80;
0436;145411139;1;0;43;1#2;80;
0436;145411140;1;0;79;1#2;80;
0436;145411141;1;0;223;1#2;80;
0436;145411142;1;0;51;1#2;80;
0436;145411143;1;0;255;1#2;80;
0436;145411144;1;0;133;1#2;80;
0436;145411145;1;0;135;1#2;80;
0436;145411146;1;0;282;1#2;80;
0436;145411147;1;0;267;1#2;80;
0436;145411148;1;0;71;1#2;80;
0436;145411149;1;0;6;1#2;80;
0436;145411150;1;0;603;1#2;80;
0436;145411151;1;0;80;1#2;80;
0436;145411152;1;0;499;1#2;80;
0436;145411153;1;0;3346;1#2;80;
0436;145411154;1;0;8;1#2;80;
0436;145411155;1;0;1115;1#2;80;
0436;145411156;1;0;449;1#2;80;
0436;145411157;1;0;122;1#2;80;
0436;145411158;1;0;359;1#2;80;
0436;145411159;1;0;402;1#2;80;
0436;145411160;1;0;409;1#2;80;
0436;145411161;1;0;133;1#2;80;
0436;145411162;1;0;40;1#2;80;
0436;145411163;1;0;143;1#2;80;
0436;145411164;1;0;185;1#2;80;
0436;145411164;2;158;185;1#2;50;
0436;145411165;1;0;11;1#2;50;
0436;145411166;1;0;222;1#2;50;
0436;145411167;1;0;26;1#2;50;
0436;145411168;1;0;15;1#2;50;
0436;145411592;1;0;10;1;50;
0436;145411593;1;0;15;1;50;
0436;145411594;1;0;4;1;50;
0436;145412890;1;0;10;2;50;
0436;145412891;1;0;15;2;50;
0436;145412892;1;0;4;2;50;
