*0220*2011 VEGNETT*20110511*INNF*20110511*VDB SVNT*AHT
..Eksport-dato 20110511


Komm; TransID;kode;Fra;   Til;felt;Retning;
0220;145177517;1;0;242;2;1;
0220;145177520;1;0;49;2;1;
0220;145177530;1;0;251;1;2;
0220;145177531;1;0;39;1;2;
0220;145177580;1;0;43;1;2;
0220;145177841;1;0;149;1;2;
0220;145177849;1;0;142;2;1;
0220;145178146;1;0;46;1;2;
0220;145178147;1;0;6;1;2;
0220;145178148;1;0;82;1;2;
0220;145178180;1;0;17;1;2;
0220;145178181;1;0;114;1;2;
0220;145178182;1;0;67;2;1;
0220;145178183;1;0;21;2;1;
0220;145178184;1;0;15;2;1;
0220;145178185;1;0;12;2;1;
0220;145178372;1;0;21;1;2;
0220;145178373;1;0;92;1;2;
0220;145178392;1;0;130;1;2;
0220;255939571;1;0;66;1;2;
0220;145236025;1;0;250;1;2;
0220;145236026;1;0;5;1;2;
0220;145236028;1;0;71;1;2;
0220;145236029;1;0;9;1;2;
0220;145236030;1;0;47;1;2;
0220;145236031;1;0;8;1;2;
0220;145236032;1;0;5;1;2;
0220;145236033;1;0;368;1;2;
0220;145236036;1;0;227;1;2;
0220;145236037;1;0;29;1;2;
0220;145236046;1;0;4;1;2;
0220;145236047;1;0;306;1;2;
0220;145236050;1;0;257;1;2;
0220;145236051;1;0;5;1;2;
0220;145236053;1;0;26;1;2;
0220;145236054;1;0;212;1;2;
0220;145236055;1;0;185;1;2;
0220;145236057;1;0;4;1;2;
0220;145236058;1;0;184;1;2;
0220;145236059;1;0;156;1;2;
0220;145236062;1;0;111;1;2;
0220;145236063;1;0;193;1;2;
0220;145236064;1;0;7;1;2;
0220;145236065;1;0;6;1;2;
0220;145236068;1;0;12;1;2;
0220;145236069;1;0;4;1;2;
0220;145236071;1;0;741;1;2;
0220;145236076;1;0;123;1#2;2;
0220;145236077;1;0;26;1#2;2;
0220;145236078;1;0;8;1#2;2;
0220;145236079;1;0;6;1#2;2;
0220;145236080;1;0;13;1;2;
0220;145236081;1;0;170;1;2;
0220;145236082;1;0;64;1;2;
0220;145236085;1;0;169;1;2;
0220;145236086;1;0;225;1;2;
0220;145236087;1;0;8;1;2;
0220;145236088;1;0;8;1;2;
0220;145236089;1;0;274;1;2;
0220;145236092;1;0;222;1;2;
0220;145236093;1;0;7;1;2;
0220;145236095;1;0;57;1;2;
0220;145236096;1;0;67;1;2;
0220;145236097;1;0;321;1;2;
0220;145236098;1;0;466;1;2;
0220;145236164;1;0;6;1;2;
0220;145236165;1;0;18;1;2;
0220;145236166;1;0;10;1;2;
0220;145236167;1;0;8;1;2;
0220;145236168;1;0;12;1;2;
0220;145236169;1;0;14;1;2;
0220;145236170;1;0;6;1;2;
0220;145236171;1;0;8;1;2;
0220;145236172;1;0;10;1;2;
0220;145236173;1;0;8;1;2;
0220;145236174;1;0;9;1;2;
0220;145236175;1;0;7;1;2;
0220;145236176;1;0;8;1;2;
0220;145236177;1;0;16;1;2;
0220;145236178;1;0;6;1;2;
0220;145236179;1;0;5;1;2;
0220;145236180;1;0;6;1;2;
0220;145236181;1;0;18;1;2;
0220;145239355;1;0;8;1;2;
0220;145239356;1;0;128;1;2;
0220;145239357;1;0;94;1;2;
0220;145239366;1;0;224;1;2;
0220;145239368;1;0;8;1;2;
0220;145239369;1;0;216;1;2;
0220;145239371;1;0;4;1;2;
0220;145239372;1;0;115;1;2;
0220;145239373;1;0;20;1;2;
0220;145239374;1;0;31;1;2;
0220;145239375;1;0;8;1;2;
0220;145239376;1;0;4;1;2;
0220;145239377;1;0;6;1;2;
0220;145239378;1;0;10;1;2;
0220;145239379;1;0;6;1;2;
0220;145239380;1;0;6;1;2;
0220;145239381;1;0;6;1;2;
0220;145239382;1;0;4;1;2;
0220;145239383;1;0;4;1;2;
0220;145239384;1;0;25;1;2;
0220;145239385;1;0;15;1;2;
0220;145239386;1;0;8;1;2;
0220;145239387;1;0;11;1;2;
0220;145239388;1;0;7;1;2;
0220;145239389;1;0;8;1;2;
0220;145239390;1;0;6;1;2;
0220;145239391;1;0;7;1;2;
0220;145239392;1;0;7;1;2;
0220;145239393;1;0;5;1;2;
0220;145239394;1;0;6;1;2;
0220;145239395;1;0;13;1;2;
0220;145239396;1;0;3;1;2;
0220;145239397;1;0;9;1;2;
0220;145239398;1;0;6;1;2;
0220;145239399;1;0;5;1;2;
0220;145239400;1;0;16;1;2;
0220;145239515;1;0;5;1;2;
0220;145239516;1;0;13;1;2;
0220;145239517;1;0;5;1;2;
0220;145239518;1;0;5;1;2;
0220;145239519;1;0;8;1;2;
0220;145239520;1;0;6;1;2;
0220;145239521;1;0;5;1;2;
0220;145239522;1;0;10;1;2;
0220;145239523;1;0;6;1;2;
0220;145239524;1;0;11;1;2;
0220;145239525;1;0;6;1;2;
0220;145239526;1;0;6;1;2;
0220;145239527;1;0;6;1;2;
0220;145239528;1;0;6;1;2;
0220;145239529;1;0;6;1;2;
0220;145239530;1;0;6;1;2;
0220;145239531;1;0;6;1;2;
0220;145239532;1;0;9;1;2;
0220;145239533;1;0;6;1;2;
0220;145239534;1;0;6;1;2;
0220;145239535;1;0;13;1;2;
0220;145239536;1;0;6;1;2;
0220;145239537;1;0;6;1;2;
0220;145239538;1;0;9;1;2;
0220;145239539;1;0;6;1;2;
0220;145239540;1;0;8;1;2;
0220;145239541;1;0;5;1;2;
0220;145239542;1;0;5;1;2;
0220;145239543;1;0;5;1;2;
0220;145242848;1;0;5;1;2;
0220;145242849;1;0;7;1;2;
0220;145242850;1;0;6;1;2;
0220;145242851;1;0;10;1;2;
0220;145242852;1;0;8;1;2;
0220;145242853;1;0;12;1;2;
0220;145242854;1;0;6;1;2;
0220;145242855;1;0;12;1;2;
0220;145242856;1;0;6;1;2;
0220;145242857;1;0;7;1;2;
0220;145242858;1;0;16;1;2;
0220;145242859;1;0;6;1;2;
0220;145242860;1;0;8;1;2;
0220;145242861;1;0;22;1;2;
0220;145242862;1;0;5;1;2;
0220;145242863;1;0;6;1;2;
0220;255939595;1;0;14;1;2;
0220;255939596;1;0;4;1;2;
0220;255939597;1;0;4;1;2;
0220;255939598;1;0;9;1;2;
0220;145242865;1;0;6;1;2;
0220;145242866;1;0;10;1;2;
0220;145242867;1;0;11;1;2;
0220;145242868;1;0;8;1;2;
0220;145242869;1;0;6;1;2;
0220;145242870;1;0;16;1;2;
0220;145242871;1;0;7;1;2;
0220;145242872;1;0;6;1;2;
0220;145242873;1;0;8;1;2;
0220;145242874;1;0;5;1;2;
0220;145242875;1;0;6;1;2;
0220;145242876;1;0;7;1;2;
0220;145242877;1;0;7;1;2;
0220;145242878;1;0;4;1;2;
0220;145242879;1;0;14;1;2;
0220;145242880;1;0;16;1;2;
0220;145242881;1;0;8;1;2;
0220;145242882;1;0;7;1;2;
0220;145242883;1;0;7;1;2;
0220;145242884;1;0;9;1;2;
0220;145242885;1;0;9;1;2;
0220;145242886;1;0;8;1;2;
0220;145242887;1;0;8;1;2;
0220;145242888;1;0;9;1;2;
0220;145242889;1;0;10;1;2;
0220;145242890;1;0;9;1;2;
0220;145242891;1;0;6;1;2;
0220;145243043;1;0;24;1;2;
0220;145243044;1;0;8;1;2;
0220;145243045;1;0;8;1;2;
0220;145243046;1;0;8;1;2;
0220;145243047;1;0;9;1;2;
0220;145243048;1;0;5;1;2;
0220;145243049;1;0;8;1;2;
0220;145243050;1;0;8;1;2;
0220;145243051;1;0;3;1;2;
0220;145243052;1;0;6;1;2;
0220;145243053;1;0;8;1;2;
0220;145243054;1;0;6;1;2;
0220;145243055;1;0;6;1;2;
0220;145243056;1;0;6;1;2;
0220;145243057;1;0;22;1;2;
0220;145243058;1;0;8;1;2;
0220;145243059;1;0;11;1;2;
0220;145243060;1;0;17;1;2;
0220;145243061;1;0;5;1;2;
0220;145243062;1;0;5;1;2;
0220;145243063;1;0;5;1;2;
0220;145243064;1;0;6;1;2;
0220;145243065;1;0;8;1;2;
0220;145243066;1;0;14;1;2;
0220;145243067;1;0;12;1;2;
0220;145243068;1;0;6;1;2;
0220;145243271;1;0;4;1;2;
0220;145243272;1;0;4;1;2;
0220;145243273;1;0;4;1;2;
0220;145243274;1;0;4;1;2;
0220;145243275;1;0;8;1;2;
0220;145243276;1;0;5;1;2;
0220;145243277;1;0;9;1;2;
0220;145243278;1;0;5;1;2;
0220;145243279;1;0;4;1;2;
0220;145243280;1;0;8;1;2;
0220;145243281;1;0;5;1;2;
0220;145243282;1;0;5;1;2;
0220;145251909;1;0;8;1;2;
0220;145251910;1;0;6;1;2;
0220;145251911;1;0;9;1;2;
0220;145251912;1;0;3;1;2;
0220;145251913;1;0;8;1;2;
0220;145251914;1;0;6;1;2;
0220;145251915;1;0;8;1;2;
0220;145251916;1;0;6;1;2;
0220;145251917;1;0;8;1;2;
0220;145251918;1;0;7;1;2;
0220;145251919;1;0;8;1;2;
0220;145251920;1;0;9;1;2;
0220;145251921;1;0;7;1;2;
0220;145251922;1;0;12;1;2;
0220;145251923;1;0;6;1;2;
0220;145251924;1;0;5;1;2;
0220;145251925;1;0;7;1;2;
0220;145251926;1;0;6;1;2;
0220;145251927;1;0;8;1;2;
0220;145251928;1;0;8;1;2;
0220;145251929;1;0;6;1;2;
0220;145251930;1;0;20;1;2;
0220;145251931;1;0;3;1;2;
0220;145251932;1;0;8;1;2;
0220;145251933;1;0;6;1;2;
0220;145251934;1;0;17;1;2;
0220;145251935;1;0;8;1;2;
0220;145251936;1;0;4;1;2;
0220;145251937;1;0;5;1;2;
0220;145251938;1;0;8;1;2;
0220;145251939;1;0;4;1;2;
0220;145251940;1;0;4;1;2;
0220;145251941;1;0;6;1;2;
0220;145251942;1;0;8;1;2;
0220;145251943;1;0;25;1;2;
0220;145251944;1;0;11;1;2;
0220;145251945;1;0;14;1;2;
0220;145251946;1;0;15;1;2;
0220;145251947;1;0;11;1;2;
0220;145252920;1;0;51;1#3#5;2;
0220;145252921;1;0;33;1#3#5;2;
0220;145252922;1;0;4;1#3#5;2;
0220;145252923;1;0;69;1#3#5;2;
0220;145252924;1;0;4;1#3#5;2;
0220;145252925;1;0;44;1#3#5;2;
0220;145252926;1;0;70;1#3#5;2;
0220;145252927;1;0;82;1#3#5;2;
0220;145252928;1;0;38;1#3#5;2;
0220;145252929;1;0;12;1#3#5;2;
0220;145252930;1;0;272;1#3#5;2;
0220;145252931;1;0;12;1#3#5;2;
0220;145252932;1;0;4;1#3#5;2;
0220;145252933;1;0;833;1#3#5;2;
0220;145252934;1;0;174;1#3#5;2;
0220;145252935;1;0;8;1#3#5;2;
0220;145252936;1;0;203;1#3#5;2;
0220;145252937;1;0;511;1#3#5;2;
0220;145252938;1;0;101;1#3#5;2;
0220;145252939;1;0;52;1#3#5;2;
0220;145252940;1;0;26;1#3#5;2;
0220;145252941;1;0;8;1#3#5;2;
0220;145252942;1;0;72;1#3#5;2;
0220;145252943;1;0;62;1#3#5;2;
0220;145252944;1;0;162;1#3;2;
0220;145252945;1;0;3;1#3;2;
0220;145252946;1;0;40;1#3;2;
0220;145252947;1;0;3;1#3;2;
0220;145252948;1;0;118;1#3;2;
0220;145252949;1;0;6;1#3;2;
0220;204596094;1;0;25;1#3;2;
0220;204596095;1;0;150;1#3;2;
0220;204596096;1;0;27;1#3;2;
0220;145252951;1;0;1546;1#3;2;
0220;145252952;1;0;84;1#3;2;
0220;145252953;1;0;838;1#3;2;
0220;145252954;1;0;198;1#3;2;
0220;204596097;1;0;100;1#3;2;
0220;204596098;1;0;30;1#3;2;
0220;145252956;1;0;661;1#3;2;
0220;145252957;1;0;113;1#3;2;
0220;145252958;1;0;276;1#3;2;
0220;145252959;1;0;5;1#3;2;
0220;145252960;1;0;51;1#3;2;
0220;145252961;1;0;4;1#3;2;
0220;145252962;1;0;117;1#3;2;
0220;145252963;1;0;145;1#3;2;
0220;145252964;1;0;198;1#3;2;
0220;145252965;1;0;8;1#3;2;
0220;145252966;1;0;37;1#3;2;
0220;145252967;1;0;7;1#3;2;
0220;145252968;1;0;47;1#3;2;
0220;145252969;1;0;136;1#3;2;
0220;145252970;1;0;39;1#3;2;
0220;145252971;1;0;49;1#3;2;
0220;145252972;1;0;62;1#3;2;
0220;145252973;1;0;426;1#3;2;
0220;145252974;1;0;71;1#3;2;
0220;145252975;1;0;144;1#3;2;
0220;145252976;1;0;5;1#3;2;
0220;145252977;1;0;1501;1#3;2;
0220;145252978;1;0;6;1#3;2;
0220;145252979;1;0;17;1#3;2;
0220;145252980;1;0;5;1#3;2;
0220;145252981;1;0;927;1#3;2;
0220;145252982;1;0;663;1#3;2;
0220;145253028;1;0;15;1;2;
0220;145253029;1;0;11;1;2;
0220;145253030;1;0;13;1;2;
0220;145253031;1;0;8;1;2;
0220;145253032;1;0;5;1;2;
0220;145253033;1;0;24;1;2;
0220;145253034;1;0;22;1;2;
0220;145253035;1;0;25;1;2;
0220;145253036;1;0;20;1;2;
0220;145253037;1;0;4;1;2;
0220;145253038;1;0;6;1;2;
0220;145253039;1;0;8;1;2;
0220;145253040;1;0;5;1;2;
0220;145253041;1;0;8;1;2;
0220;145253042;1;0;7;1;2;
0220;145253043;1;0;6;1;2;
0220;145253044;1;0;7;1;2;
0220;145253045;1;0;8;1;2;
0220;145253046;1;0;3;1;2;
0220;145253047;1;0;9;1;2;
0220;145253050;1;0;7;1;2;
0220;145253051;1;0;26;1;2;
0220;145253052;1;0;4;1;2;
0220;145253053;1;0;5;1;2;
0220;145253054;1;0;7;1;2;
0220;145253055;1;0;5;1;2;
0220;145253056;1;0;15;1;2;
0220;145253057;1;0;10;1;2;
0220;145253938;1;0;4;1;2;
0220;145253939;1;0;62;1;2;
0220;145253940;1;0;76;1#1V1;2;
0220;145253941;1;0;8;1;2;
0220;145253942;1;0;5;1;2;
0220;145253943;1;0;5;1;2;
0220;145253944;1;0;8;1;2;
0220;145253945;1;0;11;1;2;
0220;145253946;1;0;13;1;2;
0220;145253947;1;0;4;1;2;
0220;145253948;1;0;10;1;2;
0220;145253949;1;0;102;1;2;
0220;145253950;1;0;178;1;2;
0220;145253951;1;0;39;1;2;
0220;145253952;1;0;17;1;2;
0220;145253953;1;0;15;1;2;
0220;145253954;1;0;65;1;2;
0220;145253955;1;0;44;1;2;
0220;145253956;1;0;32;1;2;
0220;145253957;1;0;122;1;2;
0220;145253958;1;0;80;1;2;
0220;145253959;1;0;47;1;2;
0220;145253960;1;0;9;1;2;
0220;145253961;1;0;62;1;2;
0220;145253962;1;0;4;1;2;
0220;145253963;1;0;7;1;2;
0220;145253964;1;0;20;1;2;
0220;145253965;1;0;65;1;2;
0220;145253966;1;0;86;1;2;
0220;145253967;1;0;70;1;2;
0220;145253968;1;0;33;1;2;
0220;145253969;1;0;26;1;2;
0220;145253970;1;0;10;1#1V1;2;
0220;145253971;1;0;11;1#1V1;2;
0220;145253972;1;0;42;1;2;
0220;145253973;1;0;44;1;2;
0220;145253974;1;0;37;1;2;
0220;145253975;1;0;67;1;2;
0220;145253976;1;0;5;1;2;
0220;145253977;1;0;5;1;2;
0220;145253978;1;0;3;1;2;
0220;145253979;1;0;22;1;2;
0220;145253980;1;0;42;1;2;
0220;145253981;1;0;55;1;2;
0220;145253982;1;0;46;1#1V1;2;
0220;145253983;1;0;10;1;2;
0220;145253984;1;0;37;1;2;
0220;145253985;1;0;109;1;2;
0220;145253986;1;0;4;1;2;
0220;145253987;1;0;5;1;2;
0220;145253988;1;0;5;1;2;
0220;145253989;1;0;21;1;2;
0220;145253990;1;0;19;1#1V1;2;
0220;145253991;1;0;4;1;2;
0220;145253992;1;0;80;1;2;
0220;145253993;1;0;39;1;2;
0220;145253994;1;0;59;1;2;
0220;145253995;1;0;6;1;2;
0220;145253996;1;0;5;1;2;
0220;145253997;1;0;24;1;2;
0220;145253998;1;0;6;1;2;
0220;145253999;1;0;3;1;2;
0220;145254021;1;0;69;1#1H1;2;
0220;145254022;1;0;8;1#1H1;2;
0220;145254023;1;0;95;1#1H1;2;
0220;145254024;1;0;11;1;2;
0220;145254025;1;0;41;1;2;
0220;145254026;1;0;5;1;2;
0220;145254027;1;0;39;1#1V1;2;
0220;145254028;1;0;48;1;2;
0220;145254029;1;0;11;1#1V1;2;
0220;145254030;1;0;9;1#1V1;2;
0220;145254031;1;0;2;1#1V1;2;
0220;145254032;1;0;3;1#1V1;2;
0220;145254033;1;0;2;1#1V1;2;
0220;145254034;1;0;3;1#1V1;2;
0220;145254035;1;0;36;1;2;
0220;145254036;1;0;10;1;2;
0220;145254037;1;0;3;1#1H1;2;
0220;145254038;1;0;52;1#1H1;2;
0220;145254038;1;0;52;1#1H1;2;
0220;145254039;1;0;2;1;2;
0220;145254039;1;0;2;1;2;
0220;145254040;1;0;25;1;2;
0220;145254041;1;0;72;1#1V1;2;
0220;145254042;1;0;3;1;2;
0220;145254043;1;0;14;1;2;
0220;145254044;1;0;29;1;2;
0220;145254045;1;0;103;1;2;
0220;145254046;1;0;7;1;2;
0220;145254047;1;0;53;1;2;
0220;145254048;1;0;58;1;2;
0220;145254049;1;0;126;1;2;
0220;145254050;1;0;48;1;2;
0220;145254051;1;0;44;1;2;
0220;145254052;1;0;53;1;2;
0220;145254053;1;0;33;1#1V1;2;
0220;145254054;1;0;44;1;2;
0220;145254055;1;0;55;1;2;
0220;145254751;1;0;19;1;2;
0220;145254752;1;0;26;1;2;
0220;145254753;1;0;24;1;2;
0220;145254754;1;0;12;1#1V1;2;
0220;145254755;1;0;9;1#1V1;2;
0220;145254756;1;0;10;1;2;
0220;145254757;1;0;37;1#3;2;
0220;145254758;1;0;12;1#1V1#3;2;
0220;145254759;1;0;22;1#1V1#3;2;
0220;145254760;1;0;4;1#3;2;
0220;145254761;1;0;62;1#3;2;
0220;145254762;1;0;12;1#3;2;
0220;145254763;1;0;10;1;2;
0220;145254764;1;0;19;1;2;
0220;145254765;1;0;63;1;2;
0220;145254766;1;0;31;1;2;
0220;276848324;1;0;11;1;2;
0220;276848325;1;0;25;1;2;
0220;145254768;1;0;45;1;2;
0220;145254769;1;0;22;1;2;
0220;145254770;1;0;20;1;2;
0220;145254771;1;0;25;1;2;
0220;145254772;1;0;29;1;2;
0220;145254773;1;0;14;1;2;
0220;145254774;1;0;28;1;2;
0220;145254775;1;0;56;1;2;
0220;145254776;1;0;27;1;2;
0220;145254777;1;0;32;1;2;
0220;145254778;1;0;3;1#1H1;2;
0220;145254779;1;0;4;1#1H1;2;
0220;145254780;1;0;41;1#1H1;2;
0220;145254781;1;0;10;1#1H1;2;
0220;145254782;1;0;6;1#1H1;2;
0220;145254783;1;0;5;1;2;
0220;145254784;1;0;25;1;2;
0220;145254785;1;0;8;1;2;
0220;276848326;1;0;2;1;2;
0220;276848327;1;0;20;1;2;
0220;145254787;1;0;4;1;2;
0220;145254788;1;0;16;1;2;
0220;145254789;1;0;59;1;2;
0220;145254790;1;0;9;1#1V1;2;
0220;145254791;1;0;36;1;2;
0220;145254792;1;0;37;1;2;
0220;145254793;1;0;39;1#1H1;2;
0220;145254794;1;0;57;1;2;
0220;145254795;1;0;55;1;2;
0220;145254796;1;0;78;1;2;
0220;145254797;1;0;56;1;2;
0220;145254798;1;0;41;1;2;
0220;145254799;1;0;72;1#1V1;2;
0220;145254800;1;0;30;1;2;
0220;145254801;1;0;86;1;2;
0220;145254802;1;0;28;1;2;
0220;145254803;1;0;23;1;2;
0220;145254804;1;0;3;1;2;
0220;145254805;1;0;176;1;2;
0220;145254806;1;0;32;1;2;
0220;145254807;1;0;10;1;2;
0220;145254808;1;0;35;1;2;
0220;145254809;1;0;48;1#1V1;2;
0220;145254810;1;0;34;1;2;
0220;145254811;1;0;25;1;2;
0220;145254812;1;0;23;1#1V1;2;
0220;145254813;1;0;35;1;2;
0220;145254814;1;0;47;1;2;
0220;145254815;1;0;6;1;2;
0220;145254816;1;0;7;1;2;
0220;145254817;1;0;21;1;2;
0220;145254818;1;0;25;1;2;
0220;145254819;1;0;7;1#1V1;2;
0220;145254820;1;0;26;1;2;
0220;145254821;1;0;18;1;2;
0220;145254822;1;0;56;1#1V1;2;
0220;145254823;1;0;12;1;2;
0220;145254824;1;0;69;1;2;
0220;145254825;1;0;5;1;2;
0220;145254826;1;0;11;1;2;
0220;145254827;1;0;17;1;2;
0220;145254828;1;0;103;1;2;
0220;145254829;1;0;31;1;2;
0220;145254833;1;0;23;1;2;
0220;145254834;1;0;94;1;2;
0220;145254835;1;0;46;1;2;
0220;145254836;1;0;126;1;2;
0220;145254837;1;0;3;1;2;
0220;145254838;1;0;22;1;2;
0220;145254839;1;0;35;1;2;
0220;145254840;1;0;9;1;2;
0220;145254841;1;0;8;1;2;
0220;145254842;1;0;8;1;2;
0220;145254843;1;0;31;1;2;
0220;145254844;1;0;4;1;2;
0220;145254845;1;0;11;1;2;
0220;145254846;1;0;4;1;2;
0220;145254847;1;0;5;1;2;
0220;145254848;1;0;42;1;2;
0220;276794396;1;0;16;1;2;
0220;276794397;1;0;9;1;2;
0220;145254850;1;0;6;1;2;
0220;145254851;1;0;4;1;2;
0220;145254852;1;0;6;1;2;
0220;145254853;1;0;19;1;2;
0220;145254854;1;0;17;1;2;
0220;145254855;1;0;4;1;2;
0220;145254856;1;0;11;1;2;
0220;145254857;1;0;4;1;2;
0220;145254858;1;0;38;1;2;
0220;145254859;1;0;24;1;2;
0220;145254860;1;0;12;1;2;
0220;145254861;1;0;7;1;2;
0220;145254862;1;0;4;1;2;
0220;145254863;1;0;9;1;2;
0220;145254864;1;0;13;1;2;
0220;145254865;1;0;2;1;2;
0220;145254866;1;0;11;1;2;
0220;145254867;1;0;7;1;2;
0220;145254868;1;0;25;1;2;
0220;145254869;1;0;26;1;2;
0220;145254870;1;0;19;1;2;
0220;145255787;1;0;32;1;2;
0220;145255788;1;0;32;1;2;
0220;145255789;1;0;37;1;2;
0220;145255790;1;0;29;1;2;
0220;145255793;1;0;10;1;2;
0220;145255794;1;0;20;1;2;
0220;145255795;1;0;28;1;2;
0220;276848328;1;0;15;1;2;
0220;276848329;1;0;9;1;2;
0220;276848330;1;0;13;1;2;
0220;276848331;1;0;19;1;2;
0220;145255804;1;0;11;1;2;
0220;145255805;1;0;25;1;2;
0220;145255806;1;0;24;1;2;
0220;145255807;1;0;41;1;2;
0220;145255808;1;0;26;1;2;
0220;145255809;1;0;227;1;2;
0220;145255810;1;0;69;1;2;
0220;145255811;1;0;22;1;2;
0220;145255812;1;0;23;1;2;
0220;145255813;1;0;44;1;2;
0220;145255814;1;0;21;1;2;
0220;145255815;1;0;27;1;2;
0220;145255816;1;0;6;1;2;
0220;145255817;1;0;18;1;2;
0220;145255820;1;0;99;1;2;
0220;145255822;1;0;33;1;2;
0220;145255823;1;0;5;1;2;
0220;145255824;1;0;13;1;2;
0220;145255825;1;0;25;1;2;
0220;276848332;1;0;13;1;2;
0220;276848333;1;0;15;1;2;
0220;145255827;1;0;34;1;2;
0220;145255828;1;0;6;1;2;
0220;145255829;1;0;15;1;2;
0220;145255830;1;0;16;1;2;
0220;145255831;1;0;12;1;2;
0220;250209097;1;0;5;1;2;
0220;250209098;1;0;2;1;2;
0220;145255833;1;0;19;1;2;
0220;145255834;1;0;18;1;2;
0220;145255835;1;0;10;1;2;
0220;145255836;1;0;25;1;2;
0220;145255837;1;0;35;1;2;
0220;145255838;1;0;8;1;2;
0220;145255839;1;0;31;1;2;
0220;145255840;1;0;27;1;2;
0220;145255841;1;0;28;1;2;
0220;145255842;1;0;10;1;2;
0220;276794398;1;0;6;1;2;
0220;276794399;1;0;16;1;2;
0220;145255844;1;0;23;1;2;
0220;145255846;1;0;41;1;2;
0220;145255847;1;0;25;1;2;
0220;145255849;1;0;35;1;2;
0220;145255850;1;0;9;1;2;
0220;145255851;1;0;5;1;2;
0220;145255852;1;0;5;1;2;
0220;145255853;1;0;25;1;2;
0220;145255854;1;0;11;1;2;
0220;145255855;1;0;11;1;2;
0220;145255856;1;0;20;1;2;
0220;145255859;1;0;39;1;2;
0220;145255860;1;0;30;1;2;
0220;145256203;1;0;14;1;2;
0220;145256211;1;0;20;1;2;
0220;145256212;1;0;16;1;2;
0220;145256213;1;0;18;1;2;
0220;145256214;1;0;8;1;2;
0220;145256215;1;0;19;1;2;
0220;145256228;1;0;10;1;2;
0220;145256229;1;0;4;1;2;
0220;145256230;1;0;11;1;2;
0220;145256231;1;0;26;1;2;
0220;145256782;1;0;40;2#4#6K;1;
0220;145256783;1;0;11;2#4#6K;1;
0220;145256784;1;0;33;2#4#6K;1;
0220;145256785;1;0;73;2#4#6K;1;
0220;145256786;1;0;56;2#4#6K;1;
0220;145256787;1;0;51;2#4#6K;1;
0220;145256788;1;0;11;2#4#6K;1;
0220;145256789;1;0;82;2#4#6K;1;
0220;145256790;1;0;27;2#4#6K;1;
0220;145256791;1;0;11;2#4#6K;1;
0220;145256792;1;0;276;2#4#6K;1;
0220;145256793;1;0;8;2#4#6K;1;
0220;145256794;1;0;12;2#4#6K;1;
0220;145256795;1;0;834;2#4#6K;1;
0220;145256796;1;0;3;2#4#6K;1;
0220;145256797;1;0;24;2#4#6K;1;
0220;145256798;1;0;140;2#4#6K;1;
0220;145256799;1;0;10;2#4#6K;1;
0220;145256800;1;0;194;2#4#6K;1;
0220;145256801;1;0;528;2#4#6K;1;
0220;145256802;1;0;88;2#4;1;
0220;145256803;1;0;13;2#4;1;
0220;145256804;1;0;52;2#4;1;
0220;145256805;1;0;26;2#4;1;
0220;145256806;1;0;80;2#4;1;
0220;145256807;1;0;62;2#4;1;
0220;145256808;1;0;158;2#4#6K;1;
0220;145256809;1;0;4;2#4#6K;1;
0220;145256810;1;0;43;2#4#6K;1;
0220;145256811;1;0;121;2#4#6K;1;
0220;204596099;1;0;31;2#4#6K;1;
0220;204596100;1;0;150;2#4;1;
0220;204596101;1;0;18;2#4#6K;1;
0220;145256813;1;0;9;2#4#6K;1;
0220;145256814;1;0;1523;2#4#6K;1;
0220;145256815;1;0;116;2#4#6K;1;
0220;145256816;1;0;829;2#4#6K;1;
0220;145256817;1;0;198;2#4#6K;1;
0220;145256818;1;0;5;2#4#6K;1;
0220;204596102;1;0;95;2#4#6K;1;
0220;204596103;1;0;26;2#4;1;
0220;145256820;1;0;4;2#4;1;
0220;145256821;1;0;653;2#4;1;
0220;145256822;1;0;121;2#4;1;
0220;145256823;1;0;8;2#4;1;
0220;145256824;1;0;273;2#4;1;
0220;145256825;1;0;4;2#4;1;
0220;145256826;1;0;51;2#4;1;
0220;145256827;1;0;163;2#4;1;
0220;145256828;1;0;305;2#4;1;
0220;145256829;1;0;7;2#4;1;
0220;145256830;1;0;37;2#4;1;
0220;145256831;1;0;8;2#4;1;
0220;145256832;1;0;45;2#4;1;
0220;145256833;1;0;99;2#4;1;
0220;145256834;1;0;72;2#4;1;
0220;145256835;1;0;47;2;1;
0220;145256835;1;0;47;2;1;
0220;145256836;1;0;57;2#4;1;
0220;145256837;1;0;5;2#4;1;
0220;145256838;1;0;163;2#4;1;
0220;145256839;1;0;260;2#4;1;
0220;145256840;1;0;3;2#4;1;
0220;145256841;1;0;71;2#4;1;
0220;145256842;1;0;149;2#4;1;
0220;145256843;1;0;1507;2#4;1;
0220;145256844;1;0;7;2#4;1;
0220;145256845;1;0;15;2#4;1;
0220;145256846;1;0;9;2#4;1;
0220;145256847;1;0;928;2#4;1;
0220;145256848;1;0;653;2#4;1;
0220;145256854;1;0;5;2;1;
0220;145256855;1;0;24;2;1;
0220;145256856;1;0;22;2;1;
0220;145256857;1;0;25;2;1;
0220;145256858;1;0;20;2;1;
0220;145256859;1;0;4;2;1;
0220;145256862;1;0;7;;;
0220;145256863;1;0;26;;;
0220;145257730;1;0;4;2#2V1;1;
0220;145257731;1;0;62;2#2V1;1;
0220;145257732;1;0;76;2;1;
0220;145257733;1;0;13;2;1;
0220;145257734;1;0;13;2;1;
0220;145257735;1;0;11;2;1;
0220;145257736;1;0;13;2;1;
0220;145257737;1;0;4;2;1;
0220;145257738;1;0;16;2;1;
0220;145257739;1;0;96;2;1;
0220;145257740;1;0;148;2;1;
0220;145257741;1;0;69;2;1;
0220;145257742;1;0;27;2;1;
0220;145257743;1;0;5;2;1;
0220;145257744;1;0;65;2;1;
0220;145257745;1;0;44;2;1;
0220;145257746;1;0;32;2;1;
0220;145257747;1;0;122;2;1;
0220;145257748;1;0;80;2;1;
0220;145257749;1;0;47;2;1;
0220;145257750;1;0;9;2;1;
0220;145257751;1;0;66;2;1;
0220;145257752;1;0;27;2#2V1;1;
0220;145257753;1;0;64;2;1;
0220;145257754;1;0;87;2;1;
0220;145257755;1;0;70;2;1;
0220;145257756;1;0;33;2;1;
0220;145257757;1;0;26;2;1;
0220;145257758;1;0;7;2;1;
0220;145257759;1;0;3;2;1;
0220;145257760;1;0;4;2;1;
0220;145257761;1;0;7;2;1;
0220;145257762;1;0;42;2;1;
0220;145257763;1;0;44;2;1;
0220;145257764;1;0;37;2;1;
0220;145257765;1;0;72;2;1;
0220;145257766;1;0;8;2;1;
0220;145257767;1;0;22;2#2V1;1;
0220;145257768;1;0;42;2;1;
0220;145257769;1;0;55;2;1;
0220;145257770;1;0;46;2;1;
0220;145257771;1;0;5;2;1;
0220;145257772;1;0;5;2;1;
0220;145257773;1;0;3;2;1;
0220;145257774;1;0;34;2;1;
0220;145257775;1;0;113;2;1;
0220;145257776;1;0;10;2;1;
0220;145257777;1;0;21;2#2V1;1;
0220;145257778;1;0;19;2;1;
0220;145257779;1;0;4;2;1;
0220;145257780;1;0;80;2;1;
0220;145257781;1;0;39;2;1;
0220;145257782;1;0;59;2;1;
0220;145257783;1;0;6;2;1;
0220;145257784;1;0;5;2;1;
0220;145257785;1;0;24;2;1;
0220;145257809;1;0;69;2;1;
0220;145257810;1;0;8;2;1;
0220;145257811;1;0;95;2;1;
0220;145257812;1;0;11;2;1;
0220;145257813;1;0;3;2;1;
0220;145257814;1;0;38;2;1;
0220;145257815;1;0;5;2;1;
0220;145257816;1;0;39;2;1;
0220;145257817;1;0;48;2#2V1;1;
0220;145257818;1;0;10;2;1;
0220;145257819;1;0;10;2;1;
0220;145257820;1;0;5;2;1;
0220;145257821;1;0;5;2;1;
0220;145257822;1;0;36;2#2H1;1;
0220;145257823;1;0;10;2#2H1;1;
0220;145257824;1;0;55;2;1;
0220;145257825;1;0;27;2;1;
0220;145257826;1;0;70;2;1;
0220;145257827;1;0;2;2;1;
0220;145257828;1;0;3;2;1;
0220;145257829;1;0;5;2;1;
0220;145257830;1;0;9;2;1;
0220;145257831;1;0;29;2;1;
0220;145257832;1;0;103;2;1;
0220;145257833;1;0;7;2#2V1;1;
0220;145257834;1;0;53;2#2V1;1;
0220;145257835;1;0;58;2;1;
0220;145257836;1;0;126;2;1;
0220;145257837;1;0;48;2#2V1;1;
0220;145257838;1;0;44;2;1;
0220;145257839;1;0;53;2;1;
0220;145257840;1;0;27;2;1;
0220;145257841;1;0;6;2;1;
0220;145257842;1;0;11;2;1;
0220;145257843;1;0;33;2;1;
0220;145257844;1;0;55;2;1;
0220;145258553;1;0;19;2;1;
0220;145258554;1;0;26;2;1;
0220;145258555;1;0;24;2;1;
0220;145258556;1;0;12;2;1;
0220;145258557;1;0;9;2;1;
0220;145258558;1;0;10;2;1;
0220;145258559;1;0;37;2#2V1;1;
0220;145258560;1;0;12;2#2V1;1;
0220;145258561;1;0;22;2;1;
0220;145258562;1;0;4;2;1;
0220;145258563;1;0;2;2;1;
0220;145258564;1;0;60;2;1;
0220;145258565;1;0;12;2;1;
0220;145258566;1;0;10;2;1;
0220;145258567;1;0;19;2#2V1;1;
0220;145258568;1;0;63;2;1;
0220;145258569;1;0;31;2;1;
0220;276848334;1;0;11;2;1;
0220;276848335;1;0;25;2;1;
0220;145258571;1;0;45;2;1;
0220;145258572;1;0;22;2;1;
0220;145258573;1;0;20;2;1;
0220;145258574;1;0;25;2;1;
0220;145258575;1;0;29;2;1;
0220;145258576;1;0;14;2#2V1;1;
0220;145258577;1;0;28;2#2V1;1;
0220;145258578;1;0;56;2;1;
0220;145258579;1;0;27;2;1;
0220;145258580;1;0;30;2;1;
0220;145258581;1;0;5;2#2V1;1;
0220;145258582;1;0;45;2#2V1;1;
0220;145258583;1;0;10;2;1;
0220;145258584;1;0;6;2;1;
0220;145258585;1;0;5;2;1;
0220;145258586;1;0;25;2;1;
0220;145258587;1;0;8;2;1;
0220;276848336;1;0;3;2;1;
0220;276848337;1;0;19;2;1;
0220;145258589;1;0;4;2;1;
0220;145258590;1;0;16;2;1;
0220;145258591;1;0;59;2;1;
0220;145258592;1;0;9;2;1;
0220;145258593;1;0;36;2;1;
0220;145258594;1;0;37;2;1;
0220;145258595;1;0;39;2;1;
0220;145258596;1;0;57;2;1;
0220;145258597;1;0;55;2;1;
0220;145258598;1;0;78;2;1;
0220;145258599;1;0;21;2;1;
0220;145258600;1;0;35;2;1;
0220;145258601;1;0;41;2;1;
0220;145258602;1;0;72;2;1;
0220;145258603;1;0;30;2;1;
0220;145258604;1;0;86;2;1;
0220;145258605;1;0;28;2;1;
0220;145258606;1;0;23;2;1;
0220;145258607;1;0;179;2;1;
0220;145258608;1;0;35;2;1;
0220;145258609;1;0;7;2;1;
0220;145258610;1;0;4;2;1;
0220;145258611;1;0;31;2;1;
0220;145258612;1;0;16;2;1;
0220;145258613;1;0;32;2;1;
0220;145258614;1;0;34;2;1;
0220;145258615;1;0;25;2;1;
0220;145258616;1;0;23;2;1;
0220;145258617;1;0;35;2;1;
0220;145258618;1;0;53;2;1;
0220;145258619;1;0;28;2#2V1;1;
0220;145258620;1;0;25;2;1;
0220;145258621;1;0;7;2;1;
0220;145258622;1;0;26;2;1;
0220;145258623;1;0;18;2;1;
0220;145258624;1;0;56;2;1;
0220;145258625;1;0;7;2;1;
0220;145258626;1;0;5;2;1;
0220;145258627;1;0;5;2;1;
0220;145258628;1;0;64;2;1;
0220;145258629;1;0;5;2;1;
0220;145258630;1;0;131;2;1;
0220;145258631;1;0;31;2;1;
0220;145258635;1;0;23;2;1;
0220;145258636;1;0;94;2;1;
0220;145258637;1;0;46;2;1;
0220;145258638;1;0;126;2;1;
0220;145258639;1;0;3;2;1;
0220;145258640;1;0;22;2;1;
0220;145258641;1;0;35;2;1;
0220;145258642;1;0;9;2;1;
0220;145258643;1;0;8;2;1;
0220;145258644;1;0;8;2;1;
0220;145258645;1;0;31;2;1;
0220;145258646;1;0;4;2;1;
0220;145258647;1;0;11;2;1;
0220;145258648;1;0;4;2;1;
0220;145258649;1;0;5;2;1;
0220;145258650;1;0;42;2;1;
0220;276794400;1;0;17;2;1;
0220;276794401;1;0;8;2;1;
0220;145258652;1;0;6;2;1;
0220;145258653;1;0;4;2;1;
0220;145258654;1;0;6;2;1;
0220;145258655;1;0;19;2;1;
0220;145258656;1;0;17;2;1;
0220;145258657;1;0;4;2;1;
0220;145258658;1;0;9;2;1;
0220;145258659;1;0;6;2;1;
0220;145258660;1;0;38;2;1;
0220;145258661;1;0;24;2;1;
0220;145258662;1;0;12;2;1;
0220;145258663;1;0;7;2;1;
0220;145258664;1;0;4;2;1;
0220;145258665;1;0;9;2;1;
0220;145258666;1;0;13;2;1;
0220;145258667;1;0;3;2;1;
0220;145258668;1;0;10;2;1;
0220;145258669;1;0;7;2;1;
0220;145258670;1;0;25;2;1;
0220;145258671;1;0;26;2;1;
0220;145258672;1;0;19;2;1;
0220;145259545;1;0;32;2;1;
0220;145259546;1;0;32;2;1;
0220;145259547;1;0;37;2;1;
0220;145259548;1;0;29;2;1;
0220;145259549;1;0;10;2;1;
0220;145259550;1;0;20;2;1;
0220;145259551;1;0;28;2;1;
0220;276848338;1;0;15;2;1;
0220;276848339;1;0;9;2;1;
0220;276848340;1;0;11;2;1;
0220;276848341;1;0;21;2;1;
0220;145259554;1;0;11;2;1;
0220;145259555;1;0;25;2;1;
0220;145259556;1;0;24;2;1;
0220;145259557;1;0;41;2;1;
0220;145259558;1;0;26;2;1;
0220;145259559;1;0;227;2;1;
0220;145259560;1;0;69;2;1;
0220;145259561;1;0;22;2;1;
0220;145259562;1;0;23;2;1;
0220;145259563;1;0;44;2;1;
0220;145259564;1;0;21;2;1;
0220;145259565;1;0;27;2;1;
0220;145259566;1;0;6;2;1;
0220;145259567;1;0;18;2;1;
0220;145259568;1;0;99;2;1;
0220;145259570;1;0;33;2;1;
0220;145259571;1;0;18;2;1;
0220;145259572;1;0;25;2;1;
0220;276848342;1;0;12;2;1;
0220;276848343;1;0;16;2;1;
0220;145259574;1;0;34;2;1;
0220;145259575;1;0;6;2;1;
0220;145259576;1;0;15;2;1;
0220;145259577;1;0;16;2;1;
0220;145259578;1;0;12;2;1;
0220;145259579;1;0;4;2;1;
0220;145259580;1;0;22;2;1;
0220;145259581;1;0;18;2;1;
0220;145259582;1;0;10;2;1;
0220;145259583;1;0;25;2;1;
0220;145259584;1;0;35;2;1;
0220;145259585;1;0;8;2;1;
0220;145259586;1;0;31;2;1;
0220;145259587;1;0;27;2;1;
0220;145259588;1;0;28;2;1;
0220;145259589;1;0;10;2;1;
0220;276794402;1;0;6;2;1;
0220;276794403;1;0;16;2;1;
0220;145259591;1;0;23;2;1;
0220;145259592;1;0;41;2;1;
0220;145259593;1;0;25;2;1;
0220;145259595;1;0;35;2;1;
0220;145259596;1;0;9;2;1;
0220;145259597;1;0;5;2;1;
0220;145259598;1;0;4;2;1;
0220;145259599;1;0;26;2;1;
0220;145259600;1;0;11;2;1;
0220;145259601;1;0;11;2;1;
0220;145259602;1;0;20;2;1;
0220;145259603;1;0;39;2;1;
0220;145259604;1;0;30;2;1;
0220;145259890;1;0;14;2;1;
0220;145259892;1;0;20;2;1;
0220;145259893;1;0;16;2;1;
0220;145259894;1;0;18;2;1;
0220;145259895;1;0;8;2;1;
0220;145259896;1;0;19;2;1;
0220;250209099;1;0;11;2;1;
0220;250209100;1;0;3;2;1;
0220;145259898;1;0;11;2;1;
0220;145259899;1;0;26;2;1;
0220;145259988;1;0;49;2V1;1;
0220;145260034;1;0;55;1H1;2;
0220;145260057;1;0;13;1H1;2;
0220;159470224;1;0;29;2;1;
0220;159470233;1;0;29;1;2;
0220;197941440;1;0;24;1;2;
0220;197941441;1;0;4;1;2;
0220;212394977;1;0;37;2;1;
0220;212394983;1;0;37;1;2;
0220;276848350;1;0;19;2;1;
0220;276848351;1;0;12;2;1;
0220;276848352;1;0;18;1;2;
0220;276848353;1;0;13;1;2;
0220;212394986;1;0;64;1;2;
0220;212394987;1;0;64;2;1;
0220;212396884;1;0;33;2;1;
0220;212396885;1;0;116;2;1;
0220;212396886;1;0;16;2;1;
0220;212396887;1;0;33;1;2;
0220;212396888;1;0;116;1;2;
0220;212396889;1;0;16;1;2;
0220;212644392;1;0;30;1;2;
0220;212644393;1;0;30;2;1;
0220;212644395;1;0;26;2;1;
0220;212644428;1;0;26;1;2;
0220;255939609;1;0;62;2;1;
0220;255939611;1;0;5;2;1;
0220;255939612;1;0;48;2;1;
0220;255939614;1;0;4;2;1;
0220;255939618;1;0;4;1;2;
0220;255939619;1;0;48;1;2;
0220;255939620;1;0;32;2;1;
0220;255939621;1;0;32;1;2;
0220;255939622;1;0;67;1;2;
0220;255939625;1;0;27;2;1;
0220;255939626;1;0;27;1;2;
0220;255939627;1;0;60;1;2;
0220;255939631;1;0;60;2;1;
0220;255939632;1;0;3;1;2;
0220;255939633;1;0;10;1;2;
0220;255939634;1;0;3;1;2;
0220;255939635;1;0;3;1;2;
0220;255939636;1;0;9;1;2;
0220;255939637;1;0;3;1;2;
0220;255939673;1;0;18;2;1;
0220;255939676;1;0;18;1;2;
0220;276848356;1;0;12;1;2;
0220;276848357;1;0;7;1;2;
0220;276848360;1;0;12;2;1;
0220;276848361;1;0;7;2;1;
0220;255939686;1;0;21;1;2;
0220;255939687;1;0;22;1;2;
