*0418*2011 VEGNETT*20110511*FART*20110511*VDB SVNT*AHT
..Eksport-dato 20110511
50;

Komm; TransID;kode;Fra;   Til;felt; Fart;
0418;145319761;1;0;126;1#2;80;
0418;145319762;1;0;19;1#2;80;
0418;145319763;1;0;92;1#2;80;
0418;145319764;1;0;33;1#2;80;
0418;145319765;1;0;201;1#2;80;
0418;145319766;1;0;530;1#2;80;
0418;145319767;1;0;93;1#2;80;
0418;145319768;1;0;9;1#2;70;
0418;145319769;1;0;144;1#2;70;
0418;237342155;1;0;28;1#2;70;
0418;237342156;1;0;51;1#2;70;
0418;145319771;1;0;120;1#2;70;
0418;145319772;1;0;7;1#2;70;
0418;145319773;1;0;124;1#2;70;
0418;145319774;1;0;10;1#2;70;
0418;145319775;1;0;67;1#2;70;
0418;145319776;1;0;187;1#2;50;
0418;145319777;1;0;35;1#2;50;
0418;145319778;1;0;2;1#2;50;
0418;145319779;1;0;218;1#2;50;
0418;145319780;1;0;158;1#2;50;
0418;145319781;1;0;316;1#2;50;
0418;145319782;1;0;128;1#2;50;
0418;145319783;1;0;3;1#2;50;
0418;145319784;1;0;291;1#2;50;
0418;145319785;1;0;362;1#2;50;
0418;145319786;1;0;203;1#2;50;
0418;145319787;1;0;82;1#2;50;
0418;145319788;1;0;134;1#2;50;
0418;145319789;1;0;61;1#2;50;
0418;145319790;1;0;161;1#2;50;
0418;145319791;1;0;99;1#2;50;
0418;145319792;1;0;168;1#2;50;
0418;145319793;1;0;323;1#2;50;
0418;145319794;1;0;297;1#2;50;
0418;145319795;1;0;188;1#2;80;
0418;145319796;1;0;268;1#2;80;
0418;145319797;1;0;424;1#2;80;
0418;145319798;1;0;38;1#2;80;
0418;145319799;1;0;596;1#2;80;
0418;145319800;1;0;35;1#2;80;
0418;145319801;1;0;627;1#2;80;
0418;145319802;1;0;174;1#2;80;
0418;145319803;1;0;143;1#2;80;
0418;145319804;1;0;204;1#2;80;
0418;145319805;1;0;436;1#2;30;
0418;145319806;1;0;28;1#2;80;
0418;145319807;1;0;4;1#2;80;
0418;145319808;1;0;204;1#2;80;
0418;145319809;1;0;190;1#2;80;
0418;145319810;1;0;25;1#2;80;
0418;145319811;1;0;256;1#2;80;
0418;145319812;1;0;40;1#2;80;
0418;145319813;1;0;59;1#2;80;
0418;145319814;1;0;56;1#2;70;
0418;145319815;1;0;8;1#2;50;
0418;145319816;1;0;48;1#2;70;
0418;145319817;1;0;5;1#2;70;
0418;145319818;1;0;85;1#2;70;
0418;145319819;1;0;147;1#2;50;
0418;145319820;1;0;249;1#2;50;
0418;145319821;1;0;232;1#2;50;
0418;145319822;1;0;316;1#2;50;
0418;145319823;1;0;461;1#2;50;
0418;145319824;1;0;17;1#2;50;
0418;145319825;1;0;14;1#2;50;
0418;145319826;1;0;88;1#2;50;
0418;145319827;1;0;123;1#2;50;
0418;145319828;1;0;126;1#2;50;
0418;145319829;1;0;305;1#2;50;
0418;145319830;1;0;14;1#2;50;
0418;145319831;1;0;200;1#2;50;
0418;145319832;1;0;95;1#2;60;
0418;145319833;1;0;309;1#2;60;
0418;145319834;1;0;143;1#2;60;
0418;145319835;1;0;229;1#2;60;
0418;145319836;1;0;116;1#2;60;
0418;145319837;1;0;319;1#2;60;
0418;145319838;1;0;11;1#2;60;
0418;145319839;1;0;355;1#2;60;
0418;145319840;1;0;2;1#2;60;
0418;145319841;1;0;262;1#2;60;
0418;145319842;1;0;130;1#2;60;
0418;145319843;1;0;8;1#2;60;
0418;145319844;1;0;67;1#2;60;
0418;145319845;1;0;719;1#2;60;
0418;145319846;1;0;230;1#2;30;
0418;145319847;1;0;92;1#2;30;
0418;145319848;1;0;186;1#2;30;
0418;145319849;1;0;30;1#2;60;
0418;145319850;1;0;99;1#2;60;
0418;145319851;1;0;209;1#2;60;
0418;145319852;1;0;234;1#2;60;
0418;145319853;1;0;120;1#2;60;
0418;145319854;1;0;476;1#2;60;
0418;145319855;1;0;300;1#2;60;
0418;145319856;1;0;148;1#2;60;
0418;145319857;1;0;123;1#2;60;
0418;158378063;1;0;14;1#2;50;
0418;158378064;1;0;71;1#2;50;
0418;145319859;1;0;246;1#2;70;
0418;158378065;1;0;10;1#2;70;
0418;158378066;1;0;182;1#2;70;
0418;145319861;1;0;17;1#2;70;
0418;145319862;1;0;117;1#2;50;
0418;145319863;1;0;1684;1#2;70;
0418;145319864;1;0;24;1#2;70;
0418;145319865;1;0;187;1#2;70;
0418;145319866;1;0;124;1#2;70;
0418;145319867;1;0;85;1#2;70;
0418;145319868;1;0;74;1#2;70;
0418;145319869;1;0;245;1#2;50;
0418;145319870;1;0;29;1#2;50;
0418;145319871;1;0;26;1#2;50;
0418;145319872;1;0;116;1#2;50;
0418;145319873;1;0;8;1#2;50;
0418;145319874;1;0;144;1#2;50;
0418;145319875;1;0;127;1#2;50;
0418;145319876;1;0;75;1#2;50;
0418;145319877;1;0;61;1#2;50;
0418;145319878;1;0;22;1#2;50;
0418;145319879;1;0;71;1#2;50;
0418;145319880;1;0;30;1#2;50;
0418;145319881;1;0;112;1#2;50;
0418;145319882;1;0;2;1#2;50;
0418;145319883;1;0;214;1#2;50;
0418;145319884;1;0;104;1#2;50;
0418;145319885;1;0;194;1#2;50;
0418;145319886;1;0;16;1#2;30;
0418;145319887;1;0;106;1#2;30;
0418;145319888;1;0;35;1#2;30;
0418;145319889;1;0;32;1#2;30;
0418;145319890;1;0;81;1#2;30;
0418;145319891;1;0;96;1#2;30;
0418;145319892;1;0;222;1#2;50;
0418;145319893;1;0;150;1#2;50;
0418;145319894;1;0;211;1#2;50;
0418;145319895;1;0;71;1#2;50;
0418;145319896;1;0;100;1#2;70;
0418;145319897;1;0;28;1#2;30;
0418;145319898;1;0;45;1#2;30;
0418;145319900;1;0;145;1#2;30;
0418;145319901;1;0;342;1#2;30;
0418;145319902;1;0;92;1#2;30;
0418;145319903;1;0;290;1#2;30;
0418;145319904;1;0;46;1#2;30;
0418;158378067;1;0;84;1#2;50;
0418;158378068;1;0;9;1#2;50;
0418;145319906;1;0;259;1#2;30;
0418;145319907;1;0;111;1#2;30;
0418;145319908;1;0;237;1#2;30;
0418;145319909;1;0;134;1#2;30;
0418;145319910;1;0;56;1#2;30;
0418;145319911;1;0;474;1#2;30;
0418;237342157;1;0;41;1#2;30;
0418;237342158;1;0;122;1#2;30;
0418;145319913;1;0;15;1#2;70;
0418;145319914;1;0;37;1#2;30;
0418;145319915;1;0;21;1#2;30;
0418;145319916;1;0;308;1#2;30;
0418;145319917;1;0;789;1#2;30;
0418;145319918;1;0;152;1#2;50;
0418;145319919;1;0;110;1#2;50;
0418;145319920;1;0;16;1#2;50;
0418;145319921;1;0;143;1#2;30;
0418;145319922;1;0;66;1#2;30;
0418;145319924;1;0;25;1#2;30;
0418;145319925;1;0;55;1#2;50;
0418;145319926;1;0;126;1#2;50;
0418;145319927;1;0;17;1#2;50;
0418;276428038;1;0;235;1#2;30;
0418;276428039;1;0;8;1#2;30;
0418;145319929;1;0;94;1#2;30;
0418;145319930;1;0;22;1#2;30;
0418;145319931;1;0;40;1#2;30;
0418;145319932;1;0;28;1#2;30;
0418;145319933;1;0;104;1#2;30;
0418;145319934;1;0;248;1#2;50;
0418;145319935;1;0;211;1#2;50;
0418;145319936;1;0;12;1#2;50;
0418;145319937;1;0;31;1#2;50;
0418;145319938;1;0;116;1#2;50;
0418;145319939;1;0;34;1#2;50;
0418;145319940;1;0;219;1#2;30;
0418;145319941;1;0;179;1#2;30;
0418;158378069;1;0;8;1#2;30;
0418;158378070;1;0;63;1#2;30;
0418;145319943;1;0;75;1#2;30;
0418;145319944;1;0;8;1#2;30;
0418;145319945;1;0;36;1#2;30;
0418;145319946;1;0;59;1#2;30;
0418;145319947;1;0;33;1#2;30;
0418;145319948;1;0;72;1#2;30;
0418;145319949;1;0;33;1#2;30;
0418;145319950;1;0;52;1#2;30;
0418;145319951;1;0;47;1#2;30;
0418;145319952;1;0;87;1#2;30;
0418;145319953;1;0;46;1#2;30;
0418;145319954;1;0;73;1#2;30;
0418;145319955;1;0;74;1#2;30;
0418;145319956;1;0;23;1#2;30;
0418;145319957;1;0;34;1#2;30;
0418;145319958;1;0;79;1#2;30;
0418;145319959;1;0;65;1#2;30;
0418;145319960;1;0;114;1#2;30;
0418;145319961;1;0;277;1#2;30;
0418;145319962;1;0;200;1#2;30;
0418;145319963;1;0;49;1#2;30;
0418;145319964;1;0;468;1#2;30;
0418;145319965;1;0;174;1#2;30;
0418;145319966;1;0;129;1#2;60;
0418;145319967;1;0;75;1#2;60;
0418;145319968;1;0;111;1#2;60;
0418;145319969;1;0;50;1#2;60;
0418;145319970;1;0;36;1#2;60;
0418;145319971;1;0;18;1#2;60;
0418;145319972;1;0;172;1#2;30;
0418;145319973;1;0;205;1#2;30;
0418;145319974;1;0;40;1#2;30;
0418;145319975;1;0;239;1#2;30;
0418;145319976;1;0;386;1#2;30;
0418;145319977;1;0;18;1#2;30;
0418;145319978;1;0;53;1#2;30;
0418;145319979;1;0;90;1#2;30;
0418;145319980;1;0;140;1#2;30;
0418;145319981;1;0;37;1#2;50;
0418;145319982;1;0;62;1#2;30;
0418;145319983;1;0;192;1#2;30;
0418;145319984;1;0;44;1#2;50;
0418;145319985;1;0;154;1#2;30;
0418;145319986;1;0;312;1#2;30;
0418;145319988;1;0;60;1#2;30;
0418;145319989;1;0;354;1#2;50;
0418;145319990;1;0;84;1#2;50;
0418;158378071;1;0;10;1#2;50;
0418;158378072;1;0;14;1#2;50;
0418;145319992;1;0;122;1#2;30;
0418;145319993;1;0;491;1#2;30;
0418;145319994;1;0;1255;1#2;30;
0418;145319995;1;0;42;1#2;50;
0418;145319996;1;0;172;1#2;30;
0418;145319997;1;0;51;1#2;30;
0418;145319998;1;0;136;1#2;30;
0418;145319999;1;0;91;1#2;30;
0418;145320000;1;0;104;1#2;30;
0418;145320001;1;0;85;1#2;30;
0418;145320002;1;0;47;1#2;30;
0418;145320003;1;0;98;1#2;30;
0418;145320004;1;0;178;1#2;30;
0418;158378073;1;0;8;1#2;50;
0418;158378074;1;0;77;1#2;50;
0418;145320006;1;0;151;1#2;30;
0418;145320007;1;0;26;1#2;50;
0418;145320008;1;0;27;1#2;50;
0418;145320009;1;0;45;1#2;50;
0418;145344730;1;0;54;1#2;30;
0418;145344731;1;0;39;1#2;30;
0418;145344732;1;0;63;1#2;30;
0418;145344733;1;0;17;1#2;30;
0418;145344734;1;0;32;1#2;30;
0418;145344735;1;0;76;1#2;30;
0418;145344736;1;0;68;1#2;30;
0418;145344737;1;0;137;1#2;30;
0418;145344738;1;0;126;1#2;30;
0418;145344739;1;0;170;1#2;30;
0418;145344740;1;0;231;1#2;30;
0418;145344741;1;0;136;1#2;30;
0418;145344742;1;0;263;1#2;30;
0418;145344743;1;0;142;1#2;30;
0418;145344744;1;0;243;1#2;30;
0418;145344745;1;0;386;1#2;30;
0418;145344746;1;0;79;1#2;30;
0418;145344747;1;0;89;1#2;30;
0418;145344748;1;0;339;1#2;30;
0418;145344749;1;0;318;1#2;30;
0418;145344750;1;0;71;1#2;30;
0418;145344752;1;0;24;1#2;30;
0418;145344753;1;0;37;1#2;30;
0418;145344754;1;0;70;1#2;30;
0418;145344755;1;0;69;1#2;30;
0418;145344756;1;0;94;1#2;30;
0418;145344757;1;0;34;1#2;30;
0418;145344758;1;0;62;1#2;30;
0418;145344759;1;0;15;1#2;30;
0418;145344760;1;0;69;1#2;30;
0418;145344761;1;0;72;1#2;30;
0418;145344762;1;0;256;1#2;30;
0418;145344763;1;0;12;1#2;30;
0418;145344764;1;0;12;1#2;30;
0418;145344765;1;0;5;1#2;30;
0418;145344766;1;0;276;1#2;30;
0418;145344767;1;0;49;1#2;30;
0418;145344768;1;0;208;1#2;30;
0418;145344769;1;0;62;1#2;30;
0418;145344770;1;0;33;1#2;30;
0418;145344771;1;0;220;1#2;30;
0418;145344772;1;0;852;1#2;30;
0418;145344773;1;0;257;1#2;30;
0418;145344774;1;0;65;1#2;30;
0418;145344775;1;0;34;1#2;30;
0418;145344776;1;0;361;1#2;30;
0418;145344777;1;0;2003;1#2;30;
0418;145344778;1;0;20;1#2;30;
0418;145344779;1;0;68;1#2;30;
0418;145344780;1;0;182;1#2;30;
0418;145344781;1;0;69;1#2;30;
0418;145344782;1;0;274;1#2;30;
0418;145344783;1;0;23;1#2;30;
0418;145344784;1;0;358;1#2;30;
0418;145344786;1;0;9;1#2;30;
0418;145344787;1;0;628;1#2;30;
0418;145344788;1;0;4;1#2;30;
0418;145344789;1;0;7;1#2;30;
0418;145344790;1;0;5;1#2;30;
0418;145344791;1;0;9;1#2;30;
0418;145344792;1;0;6;1#2;30;
0418;145344793;1;0;5;1#2;30;
0418;145344794;1;0;10;1#2;30;
0418;145344795;1;0;11;1#2;30;
0418;145344796;1;0;5;1#2;30;
0418;145344797;1;0;8;1#2;30;
0418;145344798;1;0;5;1#2;30;
0418;145344799;1;0;10;1#2;30;
0418;145344800;1;0;3;1#2;30;
0418;145344801;1;0;3;1#2;30;
0418;145344803;1;0;56;1#2;30;
0418;145344804;1;0;115;1#2;30;
0418;145344805;1;0;183;1#2;30;
0418;145344806;1;0;271;1#2;30;
0418;145344807;1;0;76;1#2;30;
0418;145344809;1;0;62;1#2;30;
0418;145344810;1;0;294;1#2;30;
0418;145344811;1;0;192;1#2;30;
0418;145344812;1;0;41;1#2;30;
0418;145344813;1;0;100;1#2;30;
0418;145344814;1;0;115;1#2;30;
0418;145344815;1;0;47;1#2;30;
0418;145344816;1;0;58;1#2;30;
0418;145344817;1;0;218;1#2;30;
0418;145344818;1;0;94;1#2;30;
0418;145344819;1;0;42;1#2;30;
0418;145344820;1;0;49;1#2;30;
0418;145344821;1;0;147;1#2;30;
0418;145344822;1;0;302;1#2;30;
0418;145344823;1;0;88;1#2;30;
0418;145344824;1;0;29;1#2;30;
0418;145344825;1;0;69;1#2;30;
0418;145344826;1;0;276;1#2;30;
0418;145344827;1;0;299;1#2;30;
0418;145344828;1;0;64;1#2;30;
0418;237342159;1;0;13;1#2;30;
0418;237342160;1;0;135;1#2;30;
0418;145344830;1;0;95;1#2;30;
0418;145344831;1;0;219;1#2;30;
0418;145344832;1;0;212;1#2;30;
0418;145344833;1;0;84;1#2;30;
0418;145344834;1;0;64;1#2;30;
0418;145344835;1;0;53;1#2;30;
0418;145344836;1;0;12;1#2;30;
0418;145344837;1;0;46;1#2;30;
0418;145344838;1;0;50;1#2;30;
0418;145344839;1;0;47;1#2;30;
0418;145344840;1;0;45;1#2;30;
0418;145344841;1;0;100;1#2;30;
0418;145344842;1;0;36;1#2;30;
0418;145344843;1;0;164;1#2;30;
0418;145344844;1;0;231;1#2;30;
0418;145344845;1;0;94;1#2;30;
0418;145344846;1;0;101;1#2;30;
0418;145344847;1;0;60;1#2;30;
0418;145344848;1;0;83;1#2;30;
0418;145344849;1;0;135;1#2;30;
0418;145344850;1;0;221;1#2;30;
0418;145344851;1;0;210;1#2;30;
0418;237342161;1;0;47;1#2;30;
0418;237342162;1;0;21;1#2;30;
0418;237342163;1;0;12;1#2;30;
0418;145344854;1;0;68;1#2;30;
0418;145344855;1;0;57;1#2;30;
0418;145344856;1;0;452;1#2;30;
0418;145344857;1;0;66;1#2;30;
0418;145344858;1;0;103;1#2;30;
0418;145344859;1;0;51;1#2;30;
0418;145344860;1;0;38;1#2;30;
0418;145344861;1;0;532;1#2;30;
0418;145344862;1;0;66;1#2;30;
0418;145344864;1;0;114;1#2;30;
0418;145344865;1;0;334;1#2;30;
0418;145344866;1;0;99;1#2;30;
0418;145344867;1;0;92;1#2;30;
0418;145344868;1;0;260;1#2;30;
0418;145344869;1;0;8;1#2;30;
0418;145344870;1;0;148;1#2;30;
0418;145344871;1;0;38;1#2;30;
0418;145344872;1;0;66;1#2;30;
0418;145344873;1;0;15;1#2;30;
0418;145344874;1;0;31;1#2;30;
0418;145344875;1;0;17;1#2;30;
0418;145344876;1;0;50;1#2;30;
0418;145344877;1;0;195;1#2;30;
0418;145344878;1;0;295;1#2;30;
0418;145344879;1;0;190;1#2;30;
0418;145344880;1;0;52;1#2;30;
0418;145344881;1;0;9;1#2;30;
0418;145344882;1;0;79;1#2;30;
0418;145344883;1;0;78;1#2;30;
0418;145344884;1;0;49;1#2;30;
0418;145344885;1;0;76;1#2;30;
0418;145344886;1;0;510;1#2;30;
0418;145344887;1;0;53;1#2;30;
0418;145344888;1;0;56;1#2;30;
0418;145344889;1;0;74;1#2;30;
0418;145344890;1;0;24;1#2;30;
0418;145344891;1;0;154;1#2;30;
0418;145344892;1;0;109;1#2;30;
0418;145344893;1;0;122;1#2;30;
0418;145344894;1;0;17;1#2;30;
0418;145344895;1;0;18;1#2;30;
0418;145344896;1;0;36;1#2;30;
0418;145344897;1;0;32;1#2;30;
0418;145344898;1;0;116;1#2;30;
0418;145344899;1;0;61;1#2;30;
0418;145344900;1;0;101;1#2;30;
0418;145344901;1;0;72;1#2;30;
0418;145344902;1;0;80;1#2;30;
0418;145344903;1;0;96;1#2;30;
0418;145344904;1;0;128;1#2;30;
0418;145344905;1;0;58;1#2;30;
0418;145344906;1;0;119;1#2;30;
0418;145344907;1;0;253;1#2;30;
0418;145344908;1;0;204;1#2;30;
0418;145344909;1;0;237;1#2;30;
0418;145344910;1;0;204;1#2;30;
0418;145344911;1;0;88;1#2;30;
0418;145344912;1;0;370;1#2;30;
0418;145344913;1;0;37;1#2;30;
0418;145344914;1;0;41;1#2;30;
0418;145344915;1;0;13;1#2;30;
0418;145344916;1;0;142;1#2;30;
0418;145344917;1;0;45;1#2;30;
0418;145344918;1;0;59;1#2;30;
0418;145344919;1;0;285;1#2;30;
0418;145344920;1;0;104;1#2;30;
0418;145344921;1;0;20;1#2;30;
0418;145344922;1;0;144;1#2;30;
0418;145344923;1;0;57;1#2;30;
0418;145344924;1;0;35;1#2;30;
0418;145344925;1;0;57;1#2;30;
0418;145344926;1;0;38;1#2;30;
0418;145344927;1;0;333;1#2;30;
0418;145344928;1;0;95;1#2;30;
0418;145344929;1;0;33;1#2;30;
0418;145344930;1;0;70;1#2;30;
0418;145344931;1;0;221;1#2;30;
0418;145344932;1;0;186;1#2;30;
0418;145344933;1;0;118;1#2;30;
0418;145344934;1;0;18;1#2;30;
0418;145344935;1;0;55;1#2;30;
0418;145344936;1;0;108;1#2;30;
0418;145344937;1;0;228;1#2;30;
0418;145344938;1;0;68;1#2;30;
0418;145344939;1;0;74;1#2;30;
0418;145344940;1;0;182;1#2;30;
0418;145344941;1;0;121;1#2;30;
0418;145344942;1;0;61;1#2;30;
0418;145344943;1;0;45;1#2;30;
0418;145344944;1;0;161;1#2;30;
0418;145344945;1;0;147;1#2;30;
0418;145344946;1;0;393;1#2;30;
0418;145344947;1;0;106;1#2;30;
0418;145344948;1;0;438;1#2;30;
0418;145344949;1;0;133;1#2;30;
0418;145344950;1;0;121;1#2;30;
0418;145344951;1;0;171;1#2;30;
0418;145344952;1;0;538;1#2;30;
0418;145344953;1;0;411;1#2;30;
0418;145344954;1;0;259;1#2;30;
0418;145344955;1;0;145;1#2;30;
0418;145344956;1;0;10;1#2;30;
0418;145344957;1;0;54;1#2;30;
0418;145344958;1;0;187;1#2;30;
0418;145344959;1;0;60;1#2;30;
0418;145344960;1;0;89;1#2;30;
0418;145344961;1;0;47;1#2;30;
0418;145344962;1;0;54;1#2;30;
0418;145344963;1;0;55;1#2;30;
0418;145344964;1;0;62;1#2;30;
0418;145344965;1;0;46;1#2;30;
0418;158378075;1;0;8;1#2;30;
0418;158378076;1;0;95;1#2;30;
0418;145344967;1;0;145;1#2;30;
0418;145344968;1;0;109;1#2;30;
0418;145344969;1;0;183;1#2;30;
0418;158378077;1;0;8;1#2;30;
0418;158378078;1;0;106;1#2;30;
0418;145344971;1;0;65;1#2;30;
0418;145344972;1;0;74;1#2;30;
0418;145344973;1;0;107;1#2;30;
0418;145344974;1;0;80;1#2;30;
0418;145344975;1;0;164;1#2;30;
0418;145344976;1;0;81;1#2;30;
0418;145344977;1;0;69;1#2;30;
0418;145344978;1;0;45;1#2;30;
0418;145344979;1;0;68;1#2;30;
0418;145344980;1;0;94;1#2;30;
0418;145344981;1;0;77;1#2;30;
0418;145344982;1;0;78;1#2;30;
0418;145344983;1;0;31;1#2;30;
0418;145344984;1;0;116;1#2;30;
0418;145344985;1;0;266;1#2;30;
0418;145344986;1;0;25;1#2;30;
0418;145344987;1;0;6;1#2;30;
0418;145344988;1;0;211;1#2;30;
0418;145344989;1;0;49;1#2;30;
0418;145344990;1;0;106;1#2;30;
0418;145344991;1;0;47;1#2;30;
0418;145344992;1;0;62;1#2;30;
0418;145344993;1;0;161;1#2;30;
0418;145344994;1;0;154;1#2;30;
0418;145344995;1;0;138;1#2;30;
0418;145344996;1;0;155;1#2;30;
0418;145344997;1;0;87;1#2;30;
0418;145344998;1;0;74;1#2;30;
0418;145344999;1;0;312;1#2;30;
0418;145345000;1;0;200;1#2;30;
0418;145345001;1;0;442;1#2;30;
0418;145345002;1;0;313;1#2;30;
0418;145345003;1;0;175;1#2;30;
0418;145345004;1;0;134;1#2;30;
0418;145345005;1;0;110;1#2;30;
0418;145345006;1;0;21;1#2;30;
0418;145345007;1;0;97;1#2;30;
0418;145345008;1;0;55;1#2;30;
0418;145345009;1;0;40;1#2;30;
0418;145345010;1;0;38;1#2;30;
0418;145345011;1;0;21;1#2;30;
0418;145345012;1;0;316;1#2;30;
0418;145345013;1;0;80;1#2;30;
0418;145345014;1;0;358;1#2;30;
0418;145345015;1;0;89;1#2;30;
0418;145345016;1;0;129;1#2;30;
0418;145345017;1;0;163;1#2;30;
0418;145345018;1;0;25;1#2;30;
0418;145345019;1;0;20;1#2;30;
0418;145345020;1;0;98;1#2;30;
0418;145345021;1;0;164;1#2;30;
0418;145345022;1;0;51;1#2;30;
0418;145345023;1;0;106;1#2;30;
0418;145345024;1;0;59;1#2;30;
0418;145345025;1;0;174;1#2;30;
0418;145345026;1;0;31;1#2;30;
0418;145345027;1;0;172;1#2;30;
0418;145345028;1;0;19;1#2;30;
0418;145345029;1;0;45;1#2;30;
0418;145345030;1;0;44;1#2;30;
0418;145345031;1;0;142;1#2;30;
0418;145345032;1;0;36;1#2;30;
0418;145345033;1;0;64;1#2;30;
0418;145345034;1;0;125;1#2;30;
0418;145345035;1;0;163;1#2;30;
0418;145345036;1;0;183;1#2;30;
0418;145345037;1;0;35;1#2;30;
0418;145345038;1;0;39;1#2;30;
0418;145345039;1;0;117;1#2;30;
0418;145345040;1;0;106;1#2;30;
0418;145345041;1;0;40;1#2;30;
0418;145345042;1;0;138;1#2;30;
0418;145345043;1;0;128;1#2;30;
0418;145345044;1;0;40;1#2;30;
0418;237342164;1;0;66;1#2;30;
0418;237342165;1;0;273;1#2;30;
0418;166198855;1;0;5;1#2;30;
0418;145345046;1;0;44;1#2;30;
0418;145345047;1;0;66;1#2;30;
0418;145345048;1;0;388;1#2;30;
0418;145345049;1;0;111;1#2;30;
0418;145345050;1;0;1200;1#2;30;
0418;145345051;1;0;101;1#2;30;
0418;145345052;1;0;58;1#2;30;
0418;145345053;1;0;207;1#2;30;
0418;145345054;1;0;10;1#2;30;
0418;145345055;1;0;101;1#2;30;
0418;145345056;1;0;294;1#2;30;
0418;145345057;1;0;99;1#2;30;
0418;145345058;1;0;200;1#2;30;
0418;145345059;1;0;41;1#2;30;
0418;145345060;1;0;69;1#2;30;
0418;145345061;1;0;35;1#2;30;
0418;145345062;1;0;30;1#2;30;
0418;145345063;1;0;46;1#2;30;
0418;145345064;1;0;194;1#2;30;
0418;145345065;1;0;116;1#2;30;
0418;145345066;1;0;45;1#2;30;
0418;145345067;1;0;13;1#2;30;
0418;145345068;1;0;39;1#2;30;
0418;145345069;1;0;93;1#2;30;
0418;237342166;1;0;44;1#2;30;
0418;145345071;1;0;103;1#2;30;
0418;145345072;1;0;30;1#2;30;
0418;145345073;1;0;97;1#2;30;
0418;145345074;1;0;23;1#2;30;
0418;145345075;1;0;72;1#2;30;
0418;145345076;1;0;174;1#2;30;
0418;145345077;1;0;31;1#2;30;
0418;145345078;1;0;85;1#2;30;
0418;145345079;1;0;35;1#2;30;
0418;145345080;1;0;85;1#2;30;
0418;145345081;1;0;309;1#2;30;
0418;145345082;1;0;63;1#2;30;
0418;145345083;1;0;145;1#2;30;
0418;145345084;1;0;68;1#2;30;
0418;145345085;1;0;75;1#2;30;
0418;145345086;1;0;20;1#2;30;
0418;145345087;1;0;191;1#2;30;
0418;145345088;1;0;97;1#2;30;
0418;145345089;1;0;14;1#2;30;
0418;145345090;1;0;58;1#2;30;
0418;145345091;1;0;107;1#2;30;
0418;145345092;1;0;165;1#2;30;
0418;145345093;1;0;60;1#2;30;
0418;145345094;1;0;456;1#2;30;
0418;145345095;1;0;258;1#2;30;
0418;145345096;1;0;381;1#2;30;
0418;145345097;1;0;103;1#2;30;
0418;145345098;1;0;49;1#2;30;
0418;145345099;1;0;77;1#2;30;
0418;237342167;1;0;50;1#2;30;
0418;237342168;1;0;105;1#2;30;
0418;145345101;1;0;55;1#2;30;
0418;145345102;1;0;161;1#2;30;
0418;145345103;1;0;142;1#2;30;
0418;145345104;1;0;115;1#2;30;
0418;237342169;1;0;86;1#2;30;
0418;237342170;1;0;30;1#2;30;
0418;145345106;1;0;48;1#2;30;
0418;145345107;1;0;211;1#2;30;
0418;145345108;1;0;66;1#2;30;
0418;145345109;1;0;32;1#2;30;
0418;237342171;1;0;28;1#2;30;
0418;237342172;1;0;15;1#2;30;
0418;145345111;1;0;38;1#2;30;
0418;145345112;1;0;99;1#2;30;
0418;145345113;1;0;101;1#2;30;
0418;145345114;1;0;314;1#2;30;
0418;145345115;1;0;75;1#2;30;
0418;145345116;1;0;284;1#2;30;
0418;145345117;1;0;46;1#2;30;
0418;145345118;1;0;68;1#2;30;
0418;145345119;1;0;93;1#2;30;
0418;145345120;1;0;19;1#2;30;
0418;145345121;1;0;40;1#2;30;
0418;145345122;1;0;94;1#2;30;
0418;145345123;1;0;83;1#2;30;
0418;145345124;1;0;17;1#2;30;
0418;145345125;1;0;353;1#2;30;
0418;145345126;1;0;86;1#2;30;
0418;145345127;1;0;64;1#2;30;
0418;145345128;1;0;26;1#2;30;
0418;145345129;1;0;98;1#2;30;
0418;145345130;1;0;81;1#2;30;
0418;145345131;1;0;26;1#2;30;
0418;145345132;1;0;18;1#2;30;
0418;145345133;1;0;187;1#2;30;
0418;145345134;1;0;4;1#2;30;
0418;145345135;1;0;52;1#2;30;
0418;145345136;1;0;58;1#2;30;
0418;145345137;1;0;55;1#2;30;
0418;145345138;1;0;493;1#2;30;
0418;145345139;1;0;107;1#2;30;
0418;145345140;1;0;192;1#2;30;
0418;145345141;1;0;51;1#2;30;
0418;145345142;1;0;112;1#2;30;
0418;145345143;1;0;181;1#2;30;
0418;145345144;1;0;470;1#2;30;
0418;145345145;1;0;54;1#2;30;
0418;145345146;1;0;10;1#2;30;
0418;145345147;1;0;75;1#2;30;
0418;145345148;1;0;56;1#2;30;
0418;145345149;1;0;21;1#2;30;
0418;145345150;1;0;81;1#2;30;
0418;145345151;1;0;132;1#2;30;
0418;145345152;1;0;20;1#2;30;
0418;145345153;1;0;56;1#2;30;
0418;145345154;1;0;55;1#2;30;
0418;145345155;1;0;55;1#2;30;
0418;145345156;1;0;44;1#2;30;
0418;145345157;1;0;240;1#2;30;
0418;145345158;1;0;208;1#2;30;
0418;145345159;1;0;97;1#2;30;
0418;145345160;1;0;125;1#2;30;
0418;145345161;1;0;137;1#2;30;
0418;145345162;1;0;133;1#2;30;
0418;145345163;1;0;30;1#2;30;
0418;145345164;1;0;104;1#2;30;
0418;145345165;1;0;506;1#2;30;
0418;145345166;1;0;44;1#2;30;
0418;145345167;1;0;44;1#2;30;
0418;145345168;1;0;157;1#2;30;
0418;145345169;1;0;45;1#2;30;
0418;145345170;1;0;68;1#2;30;
0418;145345171;1;0;61;1#2;30;
0418;145345172;1;0;30;1#2;30;
0418;145345173;1;0;100;1#2;30;
0418;145345174;1;0;76;1#2;30;
0418;145345175;1;0;82;1#2;30;
0418;145345176;1;0;92;1#2;30;
0418;145345177;1;0;112;1#2;30;
0418;145345178;1;0;50;1#2;30;
0418;145345179;1;0;293;1#2;30;
0418;145345180;1;0;59;1#2;30;
0418;145345181;1;0;75;1#2;30;
0418;145345182;1;0;77;1#2;30;
0418;145345183;1;0;209;1#2;30;
0418;145345184;1;0;217;1#2;30;
0418;145345185;1;0;84;1#2;30;
0418;145345186;1;0;119;1#2;30;
0418;145345187;1;0;93;1#2;30;
0418;145345188;1;0;259;1#2;30;
0418;145345189;1;0;120;1#2;30;
0418;145345190;1;0;43;1#2;30;
0418;145345191;1;0;89;1#2;30;
0418;145345192;1;0;65;1#2;30;
0418;237342173;1;0;401;1#2;30;
0418;237342174;1;0;36;1#2;30;
0418;145345194;1;0;25;1#2;30;
0418;145345195;1;0;217;1#2;30;
0418;145345196;1;0;138;1#2;30;
0418;145345197;1;0;78;1#2;30;
0418;145345198;1;0;105;1#2;30;
0418;145345199;1;0;283;1#2;30;
0418;145345200;1;0;18;1#2;30;
0418;145345201;1;0;91;1#2;30;
0418;145345202;1;0;74;1#2;30;
0418;145345203;1;0;242;1#2;30;
0418;145345204;1;0;117;1#2;30;
0418;145345205;1;0;77;1#2;30;
0418;145345206;1;0;28;1#2;30;
0418;145345207;1;0;504;1#2;30;
0418;145345208;1;0;30;1#2;30;
0418;145345209;1;0;135;1#2;30;
0418;145345210;1;0;140;1#2;30;
0418;145345211;1;0;268;1#2;30;
0418;145345212;1;0;121;1#2;30;
0418;145345213;1;0;64;1#2;30;
0418;145345214;1;0;51;1#2;30;
0418;145345215;1;0;77;1#2;30;
0418;145345216;1;0;57;1#2;30;
0418;145345217;1;0;51;1#2;30;
0418;145345218;1;0;209;1#2;30;
0418;145345219;1;0;226;1#2;30;
0418;145345220;1;0;25;1#2;30;
0418;145345221;1;0;52;1#2;30;
0418;145345222;1;0;41;1#2;30;
0418;145345223;1;0;67;1#2;30;
0418;145345224;1;0;200;1#2;30;
0418;145345225;1;0;71;1#2;30;
0418;145345226;1;0;30;1#2;30;
0418;145345227;1;0;52;1#2;30;
0418;145345228;1;0;132;1#2;30;
0418;145345229;1;0;35;1#2;30;
0418;145345230;1;0;49;1#2;30;
0418;145345231;1;0;262;1#2;30;
0418;145345232;1;0;39;1#2;30;
0418;145345233;1;0;80;1#2;30;
0418;145345234;1;0;60;1#2;30;
0418;145345235;1;0;17;1#2;30;
0418;145345236;1;0;126;1#2;30;
0418;145345237;1;0;97;1#2;30;
0418;145345238;1;0;34;1#2;30;
0418;145345239;1;0;62;1#2;30;
0418;158378079;1;0;8;1#2;30;
0418;158378080;1;0;99;1#2;30;
0418;145345241;1;0;85;1#2;30;
0418;145345242;1;0;136;1#2;30;
0418;276428040;1;0;17;1#2;30;
0418;276428041;1;0;46;1#2;30;
0418;145345244;1;0;124;1#2;30;
0418;145345245;1;0;65;1#2;30;
0418;145345246;1;0;140;1#2;30;
0418;145345247;1;0;162;1#2;30;
0418;145345248;1;0;161;1#2;30;
0418;145345249;1;0;21;1#2;30;
0418;145345250;1;0;118;1#2;30;
0418;145345251;1;0;117;1#2;30;
0418;237342175;1;0;66;1#2;30;
0418;237342176;1;0;7;1#2;30;
0418;145345253;1;0;168;1#2;30;
0418;145345254;1;0;143;1#2;30;
0418;145345255;1;0;84;1#2;30;
0418;145345256;1;0;90;1#2;30;
0418;145345257;1;0;566;1#2;30;
0418;145345258;1;0;81;1#2;30;
0418;145345259;1;0;55;1#2;30;
0418;145345260;1;0;349;1#2;30;
0418;145345261;1;0;352;1#2;30;
0418;145345262;1;0;248;1#2;30;
0418;145345263;1;0;82;1#2;30;
0418;145345264;1;0;83;1#2;30;
0418;145345265;1;0;132;1#2;30;
0418;145345266;1;0;70;1#2;30;
0418;145345267;1;0;12;1#2;30;
0418;145345268;1;0;111;1#2;30;
0418;145345269;1;0;68;1#2;30;
0418;145345270;1;0;30;1#2;30;
0418;237342177;1;0;81;1#2;30;
0418;237342178;1;0;38;1#2;30;
0418;145345272;1;0;181;1#2;30;
0418;145345273;1;0;98;1#2;30;
0418;145345274;1;0;113;1#2;30;
0418;145345275;1;0;515;1#2;30;
0418;145345276;1;0;112;1#2;30;
0418;145345277;1;0;169;1#2;30;
0418;145345278;1;0;41;1#2;30;
0418;145345279;1;0;79;1#2;30;
0418;145345280;1;0;304;1#2;30;
0418;145345281;1;0;160;1#2;30;
0418;145345282;1;0;109;1#2;30;
0418;145345283;1;0;180;1#2;30;
0418;145345284;1;0;206;1#2;30;
0418;145345285;1;0;157;1#2;30;
0418;145345286;1;0;249;1#2;30;
0418;145345287;1;0;80;1#2;30;
0418;145345288;1;0;18;1#2;30;
0418;145345289;1;0;11;1#2;30;
0418;145345290;1;0;32;1#2;30;
0418;145345292;1;0;51;1#2;30;
0418;145345293;1;0;52;1#2;30;
0418;145345294;1;0;6;1#2;30;
0418;145345295;1;0;153;1#2;30;
0418;145345296;1;0;100;1#2;30;
0418;145345297;1;0;16;1#2;30;
0418;145345298;1;0;14;1#2;30;
0418;145345299;1;0;12;1#2;30;
0418;145345300;1;0;264;1#2;30;
0418;145345301;1;0;254;1#2;30;
0418;145345302;1;0;630;1#2;30;
0418;166198856;1;0;157;1#2;30;
0418;166198857;1;0;15;1#2;30;
0418;145345304;1;0;513;1#2;30;
0418;145345305;1;0;382;1#2;30;
0418;145345306;1;0;181;1#2;30;
0418;145345307;1;0;18;1#2;30;
0418;145345308;1;0;24;1#2;30;
0418;145345309;1;0;90;1#2;30;
0418;145345310;1;0;15;1#2;30;
0418;145345311;1;0;47;1#2;30;
0418;145345312;1;0;129;1#2;30;
0418;145345313;1;0;52;1#2;30;
0418;145345314;1;0;147;1#2;30;
0418;145345315;1;0;8;1#2;30;
0418;145345316;1;0;58;1#2;30;
0418;145345317;1;0;67;1#2;30;
0418;145345318;1;0;97;1#2;30;
0418;145345319;1;0;148;1#2;30;
0418;145345320;1;0;31;1#2;30;
0418;145345321;1;0;53;1#2;30;
0418;145345322;1;0;157;1#2;30;
0418;145345323;1;0;126;1#2;30;
0418;145345324;1;0;40;1#2;30;
0418;145345325;1;0;110;1#2;30;
0418;145345326;1;0;73;1#2;30;
0418;145345327;1;0;52;1#2;30;
0418;145345328;1;0;258;1#2;30;
0418;166198858;1;0;32;1#2;30;
0418;166198859;1;0;120;1#2;30;
0418;145345330;1;0;243;1#2;30;
0418;145345331;1;0;155;1#2;30;
0418;145345332;1;0;54;1#2;30;
0418;145345333;1;0;28;1#2;30;
0418;145345334;1;0;13;1#2;30;
0418;145345335;1;0;158;1#2;30;
0418;145345336;1;0;145;1#2;30;
0418;145345337;1;0;164;1#2;30;
0418;145345338;1;0;96;1#2;30;
0418;145345339;1;0;125;1#2;30;
0418;145345340;1;0;358;1#2;30;
0418;145345341;1;0;484;1#2;30;
0418;145345342;1;0;90;1#2;30;
0418;145345343;1;0;200;1#2;30;
0418;145345344;1;0;121;1#2;30;
0418;145345345;1;0;166;1#2;30;
0418;145345346;1;0;187;1#2;30;
0418;145345347;1;0;214;1#2;30;
0418;145345348;1;0;84;1#2;30;
0418;145345349;1;0;83;1#2;30;
0418;145345350;1;0;51;1#2;30;
0418;145345351;1;0;156;1#2;30;
0418;145345352;1;0;101;1#2;30;
0418;145345353;1;0;169;1#2;30;
0418;145345354;1;0;79;1#2;30;
0418;145345355;1;0;122;1#2;30;
0418;145345356;1;0;147;1#2;30;
0418;145345357;1;0;112;1#2;30;
0418;145345358;1;0;107;1#2;30;
0418;145345359;1;0;202;1#2;30;
0418;145345360;1;0;186;1#2;30;
0418;145345361;1;0;210;1#2;30;
0418;145345362;1;0;250;1#2;30;
0418;145345363;1;0;42;1#2;30;
0418;145345364;1;0;97;1#2;30;
0418;145345365;1;0;167;1#2;30;
0418;145345366;1;0;112;1#2;30;
0418;145345367;1;0;125;1#2;30;
0418;145345368;1;0;156;1#2;30;
0418;145345369;1;0;218;1#2;30;
0418;145345370;1;0;91;1#2;30;
0418;145345371;1;0;97;1#2;30;
0418;145345372;1;0;62;1#2;30;
0418;145345373;1;0;127;1#2;30;
0418;145345374;1;0;211;1#2;30;
0418;145345375;1;0;77;1#2;30;
0418;145345376;1;0;329;1#2;30;
0418;145345377;1;0;132;1#2;30;
0418;145345378;1;0;72;1#2;30;
0418;145345379;1;0;60;1#2;30;
0418;145345380;1;0;406;1#2;30;
0418;145345381;1;0;54;1#2;30;
0418;145345382;1;0;140;1#2;30;
0418;145345383;1;0;174;1#2;30;
0418;145345384;1;0;134;1#2;30;
0418;145345385;1;0;148;1#2;30;
0418;145345386;1;0;115;1#2;30;
0418;145345387;1;0;125;1#2;30;
0418;158378081;1;0;8;1#2;30;
0418;158378082;1;0;242;1#2;30;
0418;145345389;1;0;91;1#2;30;
0418;145345390;1;0;209;1#2;30;
0418;145345391;1;0;101;1#2;30;
0418;145345392;1;0;113;1#2;30;
0418;145345393;1;0;58;1#2;30;
0418;145345394;1;0;173;1#2;30;
0418;145345395;1;0;246;1#2;30;
0418;145345396;1;0;68;1#2;30;
0418;145345397;1;0;31;1#2;30;
0418;145345398;1;0;78;1#2;30;
0418;145345399;1;0;73;1#2;30;
0418;145345400;1;0;596;1#2;30;
0418;145345401;1;0;77;1#2;30;
0418;145345402;1;0;145;1#2;30;
0418;145345403;1;0;98;1#2;30;
0418;145345404;1;0;125;1#2;30;
0418;145345405;1;0;107;1#2;30;
0418;145345406;1;0;59;1#2;30;
0418;145345407;1;0;162;1#2;30;
0418;145345408;1;0;39;1#2;30;
0418;145345409;1;0;134;1#2;30;
0418;145345410;1;0;179;1#2;30;
0418;145345411;1;0;99;1#2;30;
0418;145345413;1;0;207;1#2;30;
0418;145345414;1;0;88;1#2;30;
0418;145345416;1;0;43;1#2;30;
0418;145345417;1;0;52;1#2;30;
0418;145345418;1;0;139;1#2;30;
0418;145345419;1;0;67;1#2;30;
0418;145345420;1;0;97;1#2;30;
0418;145345421;1;0;110;1#2;30;
0418;145345422;1;0;63;1#2;30;
0418;145345423;1;0;221;1#2;30;
0418;145345424;1;0;80;1#2;30;
0418;145345425;1;0;94;1#2;30;
0418;145345426;1;0;121;1#2;30;
0418;145345427;1;0;121;1#2;30;
0418;145345428;1;0;64;1#2;30;
0418;145345429;1;0;83;1#2;30;
0418;166198860;1;0;74;1#2;30;
0418;145345431;1;0;71;1#2;30;
0418;145345432;1;0;70;1#2;30;
0418;145345434;1;0;68;1#2;30;
0418;145345435;1;0;290;1#2;30;
0418;145345436;1;0;26;1#2;30;
0418;145345437;1;0;229;1#2;30;
0418;145345438;1;0;69;1#2;30;
0418;145345439;1;0;464;1#2;30;
0418;145345440;1;0;72;1#2;30;
0418;145345441;1;0;104;1#2;30;
0418;145345442;1;0;102;1#2;30;
0418;145345443;1;0;127;1#2;30;
0418;145345444;1;0;82;1#2;30;
0418;145345445;1;0;241;1#2;30;
0418;145345446;1;0;108;1#2;30;
0418;145345447;1;0;6;1#2;30;
0418;145345448;1;0;37;1#2;30;
0418;145345449;1;0;147;1#2;30;
0418;237342179;1;0;277;1#2;30;
0418;237342180;1;0;24;1#2;30;
0418;237342181;1;0;299;1#2;30;
0418;237342182;1;0;116;1#2;30;
0418;237342183;1;0;32;1#2;30;
0418;237342184;1;0;74;1#2;30;
0418;145345451;1;0;42;1#2;30;
0418;145345452;1;0;49;1#2;30;
0418;237342185;1;0;167;1#2;30;
0418;237342186;1;0;346;1#2;30;
0418;237342187;1;0;69;1#2;30;
0418;237342188;1;0;405;1#2;30;
0418;145345455;1;0;190;1#2;30;
0418;145345456;1;0;445;1#2;30;
0418;145345457;1;0;1007;1#2;30;
0418;145345458;1;0;75;1#2;30;
0418;145345459;1;0;222;1#2;30;
0418;145345460;1;0;615;1#2;30;
0418;145345461;1;0;946;1#2;30;
0418;145345462;1;0;494;1#2;30;
0418;145345463;1;0;280;1#2;30;
0418;145345464;1;0;253;1#2;30;
0418;145345465;1;0;233;1#2;30;
0418;145345466;1;0;255;1#2;30;
0418;145345467;1;0;834;1#2;30;
0418;166198861;1;0;504;1#2;30;
0418;145345469;1;0;418;1#2;30;
0418;145345470;1;0;126;1#2;30;
0418;145345471;1;0;109;1#2;30;
0418;145345472;1;0;170;1#2;30;
0418;145345473;1;0;335;1#2;30;
0418;145345474;1;0;480;1#2;30;
0418;145345475;1;0;106;1#2;30;
0418;145345476;1;0;61;1#2;30;
0418;145345477;1;0;15;1#2;30;
0418;145345478;1;0;149;1#2;30;
0418;145345479;1;0;76;1#2;30;
0418;145345480;1;0;316;1#2;30;
0418;145345481;1;0;61;1#2;30;
0418;145345482;1;0;68;1#2;30;
0418;145345483;1;0;299;1#2;30;
0418;145345484;1;0;117;1#2;30;
0418;145345485;1;0;338;1#2;30;
0418;145345486;1;0;236;1#2;30;
0418;145345487;1;0;74;1#2;30;
0418;145345488;1;0;116;1#2;30;
0418;145345489;1;0;145;1#2;30;
0418;145345490;1;0;14;1#2;30;
0418;145345491;1;0;85;1#2;30;
0418;145345492;1;0;79;1#2;30;
0418;166198862;1;0;96;1#2;30;
0418;166198863;1;0;21;1#2;30;
0418;145345494;1;0;164;1#2;30;
0418;145345495;1;0;71;1#2;30;
0418;145345496;1;0;169;1#2;30;
0418;145345497;1;0;79;1#2;30;
0418;145345498;1;0;94;1#2;30;
0418;145345499;1;0;128;1#2;30;
0418;145345500;1;0;70;1#2;30;
0418;145345501;1;0;192;1#2;30;
0418;145345502;1;0;39;1#2;30;
0418;145345503;1;0;120;1#2;30;
0418;145345504;1;0;72;1#2;30;
0418;145345505;1;0;245;1#2;30;
0418;145345506;1;0;24;1#2;30;
0418;145345507;1;0;100;1#2;30;
0418;145345508;1;0;108;1#2;30;
0418;145345509;1;0;175;1#2;30;
0418;145345510;1;0;389;1#2;30;
0418;166198864;1;0;27;1#2;30;
0418;166198865;1;0;27;1#2;30;
0418;166198866;1;0;32;1#2;30;
0418;145345512;1;0;174;1#2;30;
0418;145345513;1;0;42;1#2;30;
0418;145345514;1;0;292;1#2;30;
0418;145345515;1;0;171;1#2;30;
0418;145345516;1;0;44;1#2;30;
0418;145345517;1;0;206;1#2;30;
0418;145345518;1;0;118;1#2;30;
0418;145345519;1;0;45;1#2;30;
0418;145345520;1;0;111;1#2;30;
0418;145345521;1;0;172;1#2;30;
0418;145345522;1;0;63;1#2;30;
0418;145345523;1;0;130;1#2;30;
0418;145345524;1;0;132;1#2;30;
0418;145345525;1;0;249;1#2;30;
0418;145345526;1;0;51;1#2;30;
0418;145345527;1;0;43;1#2;30;
0418;145345529;1;0;192;1#2;30;
0418;145345530;1;0;31;1#2;30;
0418;145345531;1;0;154;1#2;30;
0418;145345532;1;0;249;1#2;30;
0418;145345533;1;0;153;1#2;30;
0418;145345534;1;0;249;1#2;30;
0418;145345535;1;0;170;1#2;30;
0418;145345536;1;0;146;1#2;30;
0418;145345537;1;0;233;1#2;30;
0418;145345538;1;0;89;1#2;30;
0418;145345539;1;0;82;1#2;30;
0418;145345540;1;0;225;1#2;30;
0418;145345541;1;0;27;1#2;30;
0418;145345542;1;0;31;1#2;30;
0418;145345543;1;0;235;1#2;30;
0418;145345544;1;0;153;1#2;30;
0418;145345545;1;0;603;1#2;30;
0418;145345546;1;0;35;1#2;30;
0418;145345547;1;0;84;1#2;30;
0418;145345548;1;0;156;1#2;30;
0418;145345549;1;0;130;1#2;30;
0418;145345550;1;0;61;1#2;30;
0418;145345551;1;0;29;1#2;30;
0418;145345552;1;0;172;1#2;30;
0418;145345553;1;0;12;1#2;30;
0418;145345554;1;0;100;1#2;30;
0418;145345555;1;0;145;1#2;30;
0418;145345556;1;0;47;1#2;30;
0418;145345557;1;0;74;1#2;30;
0418;145345558;1;0;122;1#2;30;
0418;145345559;1;0;81;1#2;30;
0418;145345560;1;0;149;1#2;30;
0418;145345561;1;0;27;1#2;30;
0418;145345562;1;0;382;1#2;30;
0418;145345564;1;0;28;1#2;30;
0418;145345565;1;0;452;1#2;30;
0418;145345567;1;0;30;1#2;30;
0418;145345568;1;0;147;1#2;30;
0418;145345569;1;0;19;1#2;30;
0418;145345570;1;0;355;1#2;30;
0418;145345571;1;0;28;1#2;30;
0418;145345572;1;0;13;1#2;30;
0418;145345573;1;0;116;1#2;30;
0418;145345574;1;0;99;1#2;30;
0418;145345575;1;0;389;1#2;30;
0418;145345576;1;0;142;1#2;30;
0418;145345577;1;0;45;1#2;30;
0418;145345578;1;0;134;1#2;30;
0418;145345579;1;0;47;1#2;30;
0418;145345580;1;0;79;1#2;30;
0418;145345581;1;0;26;1#2;30;
0418;145345582;1;0;66;1#2;30;
0418;237342189;1;0;9;1#2;30;
0418;237342190;1;0;181;1#2;30;
0418;145345584;1;0;47;1#2;30;
0418;145345585;1;0;39;1#2;30;
0418;145345586;1;0;24;1#2;30;
0418;145345587;1;0;321;1#2;30;
0418;145345588;1;0;128;1#2;30;
0418;145345589;1;0;30;1#2;30;
0418;145345590;1;0;6;1#2;30;
0418;145345591;1;0;54;1#2;30;
0418;145345592;1;0;117;1#2;30;
0418;145345593;1;0;225;1#2;30;
0418;145345594;1;0;320;1#2;30;
0418;145345595;1;0;73;1#2;30;
0418;145345596;1;0;35;1#2;30;
0418;145345597;1;0;44;1#2;30;
0418;145345598;1;0;142;1#2;30;
0418;145345599;1;0;105;1#2;30;
0418;145345600;1;0;81;1#2;30;
0418;145345601;1;0;79;1#2;30;
0418;145345602;1;0;155;1#2;30;
0418;145345603;1;0;26;1#2;30;
0418;145345604;1;0;29;1#2;30;
0418;145345605;1;0;180;1#2;30;
0418;145345606;1;0;153;1#2;30;
0418;237342191;1;0;28;1#2;30;
0418;237342192;1;0;3;1#2;30;
0418;145345608;1;0;66;1#2;30;
0418;145345609;1;0;139;1#2;30;
0418;145345610;1;0;34;1#2;30;
0418;145345611;1;0;112;1#2;30;
0418;237342193;1;0;149;1#2;30;
0418;237342194;1;0;112;1#2;30;
0418;145345613;1;0;158;1#2;30;
0418;145345614;1;0;195;1#2;30;
0418;145345615;1;0;564;1#2;30;
0418;145345616;1;0;166;1#2;30;
0418;145345617;1;0;114;1#2;30;
0418;145345618;1;0;79;1#2;30;
0418;145345619;1;0;59;1#2;30;
0418;145345620;1;0;59;1#2;30;
0418;145345621;1;0;80;1#2;30;
0418;145345622;1;0;74;1#2;30;
0418;145345623;1;0;87;1#2;30;
0418;145345624;1;0;18;1#2;30;
0418;145345625;1;0;270;1#2;30;
0418;145345626;1;0;122;1#2;30;
0418;145345627;1;0;327;1#2;30;
0418;145345629;1;0;21;1#2;30;
0418;145345630;1;0;189;1#2;30;
0418;145345631;1;0;82;1#2;30;
0418;145345632;1;0;426;1#2;30;
0418;145345633;1;0;71;1#2;30;
0418;145345634;1;0;46;1#2;30;
0418;145345635;1;0;585;1#2;30;
0418;145345636;1;0;300;1#2;30;
0418;237342195;1;0;89;1#2;30;
0418;237342196;1;0;64;1#2;30;
0418;237342197;1;0;82;1#2;30;
0418;237342198;1;0;119;1#2;30;
0418;145345639;1;0;148;1#2;30;
0418;145345640;1;0;49;1#2;30;
0418;145345641;1;0;78;1#2;30;
0418;145345642;1;0;145;1#2;30;
0418;145345643;1;0;148;1#2;30;
0418;145345644;1;0;139;1#2;30;
0418;145345645;1;0;100;1#2;30;
0418;145345646;1;0;101;1#2;30;
0418;145345647;1;0;199;1#2;30;
0418;145345648;1;0;57;1#2;30;
0418;145345649;1;0;112;1#2;30;
0418;145345650;1;0;62;1#2;30;
0418;145345651;1;0;89;1#2;30;
0418;145345652;1;0;70;1#2;30;
0418;145345653;1;0;265;1#2;30;
0418;145345654;1;0;17;1#2;30;
0418;158378083;1;0;8;1#2;30;
0418;158378084;1;0;55;1#2;30;
0418;145345656;1;0;211;1#2;30;
0418;145345657;1;0;122;1#2;30;
0418;145345658;1;0;61;1#2;30;
0418;145345659;1;0;118;1#2;30;
0418;145345660;1;0;131;1#2;30;
0418;145345661;1;0;152;1#2;30;
0418;145345662;1;0;314;1#2;30;
0418;145345663;1;0;107;1#2;30;
0418;145345664;1;0;159;1#2;30;
0418;145345665;1;0;67;1#2;30;
0418;145345666;1;0;71;1#2;30;
0418;145345667;1;0;61;1#2;30;
0418;145345668;1;0;73;1#2;30;
0418;145345669;1;0;106;1#2;30;
0418;145345670;1;0;184;1#2;30;
0418;145345671;1;0;65;1#2;30;
0418;145345672;1;0;71;1#2;30;
0418;145345673;1;0;198;1#2;30;
0418;145345674;1;0;58;1#2;30;
0418;145345675;1;0;65;1#2;30;
0418;145345676;1;0;176;1#2;30;
0418;145345677;1;0;72;1#2;30;
0418;145345678;1;0;136;1#2;30;
0418;145345679;1;0;342;1#2;30;
0418;145345680;1;0;162;1#2;30;
0418;145345681;1;0;118;1#2;30;
0418;145345682;1;0;58;1#2;30;
0418;145345683;1;0;76;1#2;30;
0418;145345684;1;0;522;1#2;30;
0418;145345686;1;0;202;1#2;30;
0418;145345687;1;0;145;1#2;30;
0418;237342199;1;0;372;1#2;30;
0418;237342200;1;0;138;1#2;30;
0418;145345689;1;0;387;1#2;30;
0418;145345690;1;0;97;1#2;30;
0418;145345691;1;0;569;1#2;30;
0418;145345692;1;0;69;1#2;30;
0418;145345693;1;0;313;1#2;30;
0418;145345694;1;0;96;1#2;30;
0418;166198867;1;0;46;1#2;30;
0418;145345696;1;0;70;1#2;30;
0418;145345697;1;0;81;1#2;30;
0418;145345698;1;0;75;1#2;30;
0418;166198868;1;0;262;1#2;30;
0418;145345703;1;0;173;1#2;30;
0418;145345704;1;0;112;1#2;30;
0418;145345705;1;0;77;1#2;30;
0418;145345707;1;0;97;1#2;30;
0418;145345708;1;0;64;1#2;30;
0418;237342201;1;0;116;1#2;30;
0418;237342202;1;0;97;1#2;30;
0418;145345710;1;0;103;1#2;30;
0418;145345711;1;0;125;1#2;30;
0418;145345712;1;0;10;1#2;30;
0418;145345713;1;0;58;1#2;30;
0418;145345714;1;0;84;1#2;30;
0418;145345715;1;0;294;1#2;30;
0418;145345716;1;0;121;1#2;30;
0418;145345717;1;0;84;1#2;30;
0418;145345718;1;0;62;1#2;30;
0418;145345719;1;0;361;1#2;30;
0418;145345720;1;0;89;1#2;30;
0418;145345721;1;0;77;1#2;30;
0418;145345722;1;0;52;1#2;30;
0418;145345723;1;0;116;1#2;30;
0418;145345724;1;0;85;1#2;30;
0418;145345725;1;0;223;1#2;30;
0418;145345726;1;0;72;1#2;30;
0418;145345727;1;0;207;1#2;30;
0418;145345728;1;0;67;1#2;30;
0418;145345729;1;0;397;1#2;30;
0418;145345730;1;0;197;1#2;30;
0418;145345731;1;0;84;1#2;30;
0418;145345732;1;0;176;1#2;30;
0418;145345733;1;0;71;1#2;30;
0418;145345734;1;0;82;1#2;30;
0418;145345735;1;0;190;1#2;30;
0418;145345736;1;0;161;1#2;30;
0418;145345737;1;0;110;1#2;30;
0418;145345738;1;0;121;1#2;30;
0418;145345739;1;0;35;1#2;30;
0418;145345740;1;0;115;1#2;30;
0418;145345741;1;0;274;1#2;30;
0418;145345742;1;0;75;1#2;30;
0418;145345743;1;0;179;1#2;30;
0418;145345744;1;0;61;1#2;30;
0418;158378085;1;0;9;1#2;30;
0418;237342203;1;0;211;1#2;30;
0418;237342204;1;0;26;1#2;30;
0418;158378087;1;0;9;1#2;30;
0418;158378088;1;0;107;1#2;30;
0418;145345747;1;0;132;1#2;30;
0418;145345748;1;0;87;1#2;30;
0418;145345749;1;0;175;1#2;30;
0418;145345750;1;0;138;1#2;30;
0418;145345751;1;0;63;1#2;30;
0418;145345752;1;0;82;1#2;30;
0418;145345753;1;0;129;1#2;30;
0418;145345754;1;0;71;1#2;30;
0418;145345755;1;0;260;1#2;30;
0418;145345756;1;0;277;1#2;30;
0418;145345757;1;0;14;1#2;30;
0418;145345758;1;0;71;1#2;30;
0418;145345759;1;0;90;1#2;30;
0418;145345760;1;0;117;1#2;30;
0418;145345761;1;0;164;1#2;30;
0418;145345762;1;0;404;1#2;30;
0418;145345763;1;0;297;1#2;30;
0418;145345764;1;0;87;1#2;30;
0418;145345765;1;0;106;1#2;30;
0418;145345766;1;0;71;1#2;30;
0418;145345767;1;0;58;1#2;30;
0418;145345768;1;0;77;1#2;30;
0418;145345769;1;0;116;1#2;30;
0418;145345770;1;0;137;1#2;30;
0418;145345771;1;0;20;1#2;30;
0418;145345772;1;0;200;1#2;30;
0418;145345773;1;0;68;1#2;30;
0418;145345774;1;0;124;1#2;30;
0418;145345775;1;0;94;1#2;30;
0418;145345776;1;0;428;1#2;30;
0418;145345777;1;0;82;1#2;30;
0418;145345778;1;0;179;1#2;30;
0418;145345779;1;0;95;1#2;30;
0418;145345780;1;0;68;1#2;30;
0418;145345781;1;0;74;1#2;30;
0418;145345782;1;0;119;1#2;30;
0418;145345783;1;0;55;1#2;30;
0418;145345784;1;0;219;1#2;30;
0418;145345785;1;0;63;1#2;30;
0418;145345786;1;0;49;1#2;30;
0418;145345787;1;0;103;1#2;30;
0418;145345788;1;0;142;1#2;30;
0418;145345789;1;0;67;1#2;30;
0418;145345790;1;0;212;1#2;30;
0418;145345791;1;0;206;1#2;30;
0418;145345792;1;0;182;1#2;30;
0418;145345793;1;0;165;1#2;30;
0418;145345794;1;0;77;1#2;30;
0418;145345795;1;0;136;1#2;30;
0418;145345796;1;0;174;1#2;30;
0418;145345797;1;0;97;1#2;30;
0418;145345798;1;0;153;1#2;30;
0418;145345799;1;0;114;1#2;30;
0418;145345800;1;0;179;1#2;30;
0418;145345801;1;0;65;1#2;30;
0418;145345802;1;0;183;1#2;30;
0418;145345803;1;0;67;1#2;30;
0418;145345804;1;0;71;1#2;30;
0418;145345805;1;0;109;1#2;30;
0418;145345806;1;0;85;1#2;30;
0418;145345807;1;0;66;1#2;30;
0418;145345808;1;0;332;1#2;30;
0418;145345809;1;0;150;1#2;30;
0418;145345810;1;0;250;1#2;30;
0418;145345811;1;0;49;1#2;30;
0418;145345812;1;0;89;1#2;30;
0418;145345813;1;0;99;1#2;30;
0418;145345814;1;0;125;1#2;30;
0418;145345815;1;0;259;1#2;30;
0418;145345816;1;0;156;1#2;30;
0418;145345817;1;0;45;1#2;30;
0418;145345818;1;0;75;1#2;30;
0418;145345819;1;0;92;1#2;30;
0418;145345820;1;0;119;1#2;30;
0418;145345821;1;0;131;1#2;30;
0418;145345822;1;0;67;1#2;30;
0418;145345823;1;0;175;1#2;30;
0418;145345824;1;0;124;1#2;30;
0418;145345825;1;0;161;1#2;30;
0418;145345826;1;0;108;1#2;30;
0418;145345827;1;0;279;1#2;30;
0418;145345829;1;0;336;1#2;30;
0418;145345830;1;0;87;1#2;30;
0418;145345831;1;0;236;1#2;30;
0418;145345832;1;0;121;1#2;30;
0418;145345833;1;0;146;1#2;30;
0418;145345834;1;0;80;1#2;30;
0418;145345835;1;0;74;1#2;30;
0418;145345836;1;0;183;1#2;30;
0418;145345837;1;0;80;1#2;30;
0418;145345838;1;0;83;1#2;30;
0418;145345839;1;0;75;1#2;30;
0418;145345840;1;0;620;1#2;30;
0418;145345841;1;0;68;1#2;30;
0418;145345842;1;0;734;1#2;30;
0418;145345843;1;0;29;1#2;30;
0418;145345844;1;0;65;1#2;30;
0418;166198869;1;0;76;1#2;30;
0418;166198870;1;0;90;1#2;30;
0418;145345846;1;0;88;1#2;30;
0418;166198871;1;0;11;1#2;30;
0418;166198872;1;0;159;1#2;30;
0418;145345848;1;0;205;1#2;30;
0418;145345849;1;0;103;1#2;30;
0418;145345850;1;0;130;1#2;30;
0418;145345851;1;0;81;1#2;30;
0418;145345852;1;0;99;1#2;30;
0418;145345853;1;0;92;1#2;30;
0418;145345854;1;0;115;1#2;30;
0418;145345855;1;0;126;1#2;30;
0418;166198873;1;0;64;1#2;30;
0418;145345857;1;0;72;1#2;30;
0418;145345858;1;0;91;1#2;30;
0418;237342205;1;0;84;1#2;30;
0418;237342206;1;0;18;1#2;30;
0418;145345860;1;0;211;1#2;30;
0418;145345861;1;0;358;1#2;30;
0418;145345862;1;0;137;1#2;30;
0418;145345863;1;0;83;1#2;30;
0418;145345864;1;0;90;1#2;30;
0418;145345865;1;0;78;1#2;30;
0418;145345866;1;0;62;1#2;30;
0418;145345867;1;0;47;1#2;30;
0418;145345868;1;0;120;1#2;30;
0418;145345869;1;0;94;1#2;30;
0418;145345870;1;0;26;1#2;30;
0418;145345871;1;0;342;1#2;30;
0418;145345872;1;0;55;1#2;30;
0418;145345873;1;0;136;1#2;30;
0418;145345874;1;0;126;1#2;30;
0418;145345875;1;0;45;1#2;30;
0418;145345876;1;0;61;1#2;30;
0418;145345877;1;0;86;1#2;30;
0418;145345878;1;0;62;1#2;30;
0418;145345879;1;0;276;1#2;30;
0418;145345880;1;0;53;1#2;30;
0418;145345881;1;0;59;1#2;30;
0418;237342207;1;0;77;1#2;30;
0418;237342208;1;0;182;1#2;30;
0418;145345884;1;0;114;1#2;30;
0418;145345885;1;0;282;1#2;30;
0418;145345886;1;0;84;1#2;30;
0418;237342209;1;0;222;1#2;30;
0418;145345888;1;0;85;1#2;30;
0418;145345889;1;0;35;1#2;30;
0418;145345890;1;0;104;1#2;30;
0418;145345891;1;0;227;1#2;30;
0418;145345892;1;0;59;1#2;30;
0418;145345893;1;0;287;1#2;30;
0418;145345894;1;0;507;1#2;30;
0418;145345895;1;0;200;1#2;30;
0418;145345896;1;0;46;1#2;30;
0418;145345897;1;0;56;1#2;30;
0418;145345898;1;0;196;1#2;30;
0418;145345899;1;0;15;1#2;30;
0418;145345900;1;0;82;1#2;30;
0418;145345901;1;0;117;1#2;30;
0418;145345902;1;0;374;1#2;30;
0418;145345903;1;0;100;1#2;30;
0418;145345904;1;0;153;1#2;30;
0418;145345905;1;0;116;1#2;30;
0418;145345906;1;0;425;1#2;30;
0418;145345907;1;0;63;1#2;30;
0418;145345908;1;0;35;1#2;30;
0418;145345909;1;0;146;1#2;30;
0418;145345910;1;0;400;1#2;30;
0418;145345911;1;0;77;1#2;30;
0418;145345912;1;0;37;1#2;30;
0418;145345913;1;0;174;1#2;30;
0418;145345914;1;0;14;1#2;30;
0418;145345915;1;0;196;1#2;30;
0418;145345916;1;0;48;1#2;30;
0418;145345917;1;0;120;1#2;30;
0418;145345918;1;0;220;1#2;30;
0418;145345919;1;0;121;1#2;30;
0418;145345920;1;0;15;1#2;30;
0418;145345921;1;0;65;1#2;30;
0418;145345922;1;0;95;1#2;30;
0418;145345923;1;0;93;1#2;30;
0418;145345924;1;0;76;1#2;30;
0418;237342210;1;0;27;1#2;30;
0418;237342211;1;0;102;1#2;30;
0418;145345926;1;0;155;1#2;30;
0418;145345927;1;0;552;1#2;30;
0418;145345928;1;0;33;1#2;30;
0418;145345929;1;0;131;1#2;30;
0418;145345930;1;0;206;1#2;30;
0418;145345931;1;0;120;1#2;30;
0418;145345932;1;0;114;1#2;30;
0418;145345933;1;0;180;1#2;30;
0418;145345934;1;0;168;1#2;30;
0418;145345935;1;0;166;1#2;30;
0418;145345936;1;0;396;1#2;30;
0418;145345937;1;0;119;1#2;30;
0418;145345938;1;0;99;1#2;30;
0418;145345939;1;0;169;1#2;30;
0418;145345940;1;0;61;1#2;30;
0418;145345941;1;0;86;1#2;30;
0418;145345942;1;0;39;1#2;30;
0418;145345943;1;0;86;1#2;30;
0418;145345944;1;0;385;1#2;30;
0418;145345945;1;0;68;1#2;30;
0418;145345946;1;0;82;1#2;30;
0418;145345947;1;0;334;1#2;30;
0418;145345948;1;0;12;1#2;30;
0418;145345949;1;0;191;1#2;30;
0418;145345950;1;0;95;1#2;30;
0418;145345951;1;0;78;1#2;30;
0418;145345952;1;0;80;1#2;30;
0418;145345953;1;0;56;1#2;30;
0418;145345954;1;0;195;1#2;30;
0418;145345955;1;0;134;1#2;30;
0418;145345956;1;0;62;1#2;30;
0418;145345957;1;0;212;1#2;30;
0418;145345958;1;0;220;1#2;30;
0418;145345959;1;0;263;1#2;30;
0418;145345960;1;0;98;1#2;30;
0418;145345961;1;0;97;1#2;30;
0418;145345962;1;0;205;1#2;30;
0418;145345963;1;0;95;1#2;30;
0418;145345964;1;0;307;1#2;30;
0418;145345965;1;0;55;1#2;30;
0418;145345966;1;0;66;1#2;30;
0418;145345967;1;0;22;1#2;30;
0418;145345968;1;0;39;1#2;30;
0418;145345969;1;0;286;1#2;30;
0418;145345970;1;0;239;1#2;30;
0418;145345971;1;0;131;1#2;30;
0418;145345972;1;0;123;1#2;30;
0418;145345973;1;0;276;1#2;30;
0418;145345974;1;0;244;1#2;30;
0418;145345975;1;0;62;1#2;30;
0418;145345976;1;0;374;1#2;30;
0418;145345977;1;0;283;1#2;30;
0418;145345978;1;0;15;1#2;30;
0418;145345979;1;0;327;1#2;30;
0418;145345980;1;0;544;1#2;30;
0418;145345981;1;0;8;1#2;30;
0418;145345982;1;0;39;1#2;30;
0418;145345983;1;0;10;1#2;30;
0418;145345984;1;0;26;1#2;30;
0418;145345985;1;0;131;1#2;30;
0418;145345986;1;0;38;1#2;30;
0418;145345987;1;0;54;1#2;30;
0418;145345988;1;0;230;1#2;30;
0418;145345989;1;0;57;1#2;30;
0418;145345990;1;0;13;1#2;30;
0418;145345991;1;0;32;1#2;30;
0418;145345992;1;0;129;1#2;30;
0418;145345993;1;0;94;1#2;30;
0418;145345994;1;0;144;1#2;30;
0418;145345995;1;0;45;1#2;30;
0418;145345996;1;0;179;1#2;30;
0418;145345997;1;0;113;1#2;30;
0418;145345998;1;0;206;1#2;30;
0418;145345999;1;0;105;1#2;30;
0418;145346000;1;0;117;1#2;30;
0418;145346001;1;0;779;1#2;30;
0418;145346002;1;0;90;1#2;30;
0418;145346003;1;0;223;1#2;30;
0418;145346004;1;0;82;1#2;30;
0418;145346005;1;0;86;1#2;30;
0418;145346006;1;0;493;1#2;30;
0418;145346007;1;0;49;1#2;30;
0418;145346008;1;0;534;1#2;30;
0418;145346009;1;0;106;1#2;30;
0418;145346010;1;0;129;1#2;30;
0418;248714414;1;0;39;1#2;30;
0418;248714415;1;0;127;1#2;30;
0418;145346012;1;0;165;1#2;30;
0418;145346013;1;0;23;1#2;30;
0418;145346014;1;0;89;1#2;30;
0418;145346015;1;0;67;1#2;30;
0418;145346016;1;0;59;1#2;30;
0418;145346017;1;0;42;1#2;30;
0418;145346018;1;0;20;1#2;30;
0418;145346019;1;0;56;1#2;30;
0418;145346020;1;0;54;1#2;30;
0418;145346021;1;0;108;1#2;30;
0418;145346022;1;0;126;1#2;30;
0418;145346023;1;0;139;1#2;30;
0418;145346024;1;0;62;1#2;30;
0418;237342212;1;0;6;1#2;30;
0418;237342213;1;0;79;1#2;30;
0418;145346026;1;0;88;1#2;30;
0418;145346027;1;0;161;1#2;30;
0418;145346028;1;0;58;1#2;30;
0418;145346029;1;0;234;1#2;30;
0418;145346030;1;0;86;1#2;30;
0418;145346031;1;0;13;1#2;30;
0418;145346032;1;0;616;1#2;30;
0418;145346033;1;0;187;1#2;30;
0418;145346034;1;0;299;1#2;30;
0418;145346035;1;0;254;1#2;30;
0418;145346036;1;0;412;1#2;30;
0418;145346037;1;0;163;1#2;30;
0418;145346038;1;0;331;1#2;30;
0418;145346039;1;0;55;1#2;30;
0418;145346040;1;0;29;1#2;30;
0418;145346041;1;0;47;1#2;30;
0418;145346042;1;0;697;1#2;30;
0418;145346043;1;0;126;1#2;30;
0418;145346044;1;0;202;1#2;30;
0418;145346045;1;0;55;1#2;30;
0418;145346046;1;0;256;1#2;30;
0418;145346047;1;0;323;1#2;30;
0418;145346048;1;0;89;1#2;30;
0418;145346049;1;0;41;1#2;30;
0418;145346050;1;0;64;1#2;30;
0418;145346051;1;0;69;1#2;30;
0418;145346052;1;0;25;1#2;30;
0418;145346053;1;0;50;1#2;30;
0418;145346054;1;0;128;1#2;30;
0418;145346055;1;0;216;1#2;30;
0418;145346056;1;0;109;1#2;30;
0418;145346057;1;0;334;1#2;30;
0418;145346058;1;0;421;1#2;30;
0418;145346059;1;0;108;1#2;30;
0418;145346060;1;0;172;1#2;30;
0418;145346061;1;0;31;1#2;30;
0418;145346062;1;0;45;1#2;30;
0418;145346063;1;0;218;1#2;30;
0418;145378635;1;0;64;1#2;60;
0418;145378636;1;0;205;1#2;60;
0418;145378637;1;0;73;1#2;60;
0418;145378638;1;0;400;1#2;60;
0418;145378639;1;0;100;1#2;60;
0418;145378640;1;0;17;1#2;60;
0418;145378641;1;0;23;1#2;60;
0418;145378642;1;0;953;1#2;60;
0418;145378643;1;0;251;1#2;60;
0418;145378644;1;0;529;1#2;60;
0418;145378645;1;0;1248;1#2;60;
0418;145378646;1;0;854;1#2;60;
0418;145378647;1;0;413;1#2;60;
0418;145378648;1;0;536;1#2;60;
0418;145378649;1;0;2630;1#2;60;
0418;145378650;1;0;462;1#2;60;
0418;145378651;1;0;840;1#2;60;
0418;145378652;1;0;26;1#2;60;
0418;145378653;1;0;47;1#2;60;
0418;145378654;1;0;339;1#2;60;
0418;145378655;1;0;233;1#2;60;
0418;237342214;1;0;137;1#2;60;
0418;237342215;1;0;542;1#2;60;
0418;145378657;1;0;1760;1#2;60;
0418;145378658;1;0;528;1#2;60;
0418;145378659;1;0;334;1#2;60;
0418;145378660;1;0;861;1#2;60;
0418;145378661;1;0;117;1#2;60;
0418;237342216;1;0;126;1#2;60;
0418;237342217;1;0;27;1#2;60;
0418;237342218;1;0;8;1#2;60;
0418;237342219;1;0;190;1#2;60;
0418;237342220;1;0;2325;1#2;60;
0418;237342221;1;0;244;1#2;60;
0418;145378665;1;0;1761;1#2;60;
0418;145378666;1;0;432;1#2;60;
0418;145378667;1;0;356;1#2;60;
0418;145378668;1;0;1964;1#2;60;
0418;145378669;1;0;1177;1#2;60;
0418;145378670;1;0;360;1#2;60;
0418;145378671;1;0;1430;1#2;60;
0418;145378672;1;0;69;1#2;60;
0418;145378673;1;0;1965;1#2;60;
0418;145378674;1;0;569;1#2;60;
0418;145378675;1;0;950;1#2;60;
0418;145378676;1;0;832;1#2;60;
0418;145378677;1;0;356;1#2;60;
0418;145378678;1;0;206;1#2;60;
0418;145378679;1;0;174;1#2;60;
0418;145378680;1;0;1011;1#2;60;
0418;145378681;1;0;331;1#2;60;
0418;145378682;1;0;12;1#2;60;
0418;145378683;1;0;25;1#2;60;
0418;145378684;1;0;1002;1#2;60;
0418;145378685;1;0;26;1#2;60;
0418;145378686;1;0;156;1#2;60;
0418;145378687;1;0;8;1#2;60;
0418;145378688;1;0;24;1#2;60;
0418;145378689;1;0;55;1#2;60;
0418;145378690;1;0;506;1#2;60;
0418;145378691;1;0;776;1#2;60;
0418;145378692;1;0;448;1#2;60;
0418;145378693;1;0;1189;1#2;60;
0418;145378694;1;0;2507;1#2;60;
0418;145378695;1;0;210;1#2;60;
0418;145378696;1;0;1261;1#2;60;
0418;145378697;1;0;1305;1#2;60;
0418;145378698;1;0;321;1#2;60;
0418;145378699;1;0;1239;1#2;60;
0418;145378700;1;0;28;1#2;60;
0418;145378701;1;0;32;1#2;60;
0418;145378702;1;0;1281;1#2;60;
0418;145378703;1;0;18;1#2;60;
0418;145378704;1;0;39;1#2;60;
0418;145378705;1;0;1000;1#2;60;
0418;145378706;1;0;1163;1#2;60;
0418;145378707;1;0;1909;1#2;60;
0418;145378708;1;0;976;1#2;60;
0418;145378709;1;0;704;1#2;60;
0418;145378710;1;0;33;1#2;60;
0418;145378711;1;0;208;1#2;60;
0418;145378712;1;0;112;1#2;60;
0418;145378713;1;0;131;1#2;60;
0418;145378714;1;0;119;1#2;60;
0418;145378715;1;0;161;1#2;60;
0418;145378716;1;0;9;1#2;60;
0418;145378717;1;0;70;1#2;60;
0418;145378718;1;0;62;1#2;60;
0418;145378719;1;0;417;1#2;60;
0418;145378720;1;0;101;1#2;60;
0418;145378721;1;0;1214;1#2;60;
0418;145378722;1;0;258;1#2;60;
0418;145378723;1;0;1946;1#2;60;
0418;145378724;1;0;1615;1#2;60;
0418;145378725;1;0;625;1#2;60;
0418;145378726;1;0;391;1#2;60;
0418;237342222;1;0;5;1#2;60;
0418;237342223;1;0;1657;1#2;60;
0418;145378728;1;0;3;1#2;60;
0418;145378729;1;0;559;1#2;60;
0418;145378730;1;0;1067;1#2;60;
0418;145378731;1;0;1245;1#2;60;
0418;145378732;1;0;231;1#2;60;
0418;145378733;1;0;16;1#2;60;
0418;145378734;1;0;202;1#2;60;
0418;145378735;1;0;70;1#2;60;
0418;145378736;1;0;156;1#2;60;
0418;145378737;1;0;84;1#2;60;
0418;145378738;1;0;147;1#2;60;
0418;145378739;1;0;301;1#2;60;
0418;145378740;1;0;203;1#2;60;
0418;145378741;1;0;328;1#2;60;
0418;145378742;1;0;423;1#2;60;
0418;145378743;1;0;126;1#2;60;
0418;145378744;1;0;553;1#2;60;
0418;145378745;1;0;1791;1#2;60;
0418;145378746;1;0;13;1#2;60;
0418;145378747;1;0;777;1#2;60;
0418;145378748;1;0;248;1#2;60;
0418;237342224;1;0;209;1#2;60;
0418;237342225;1;0;406;1#2;60;
0418;145378750;1;0;11;1#2;60;
0418;145378751;1;0;150;1#2;60;
0418;145378752;1;0;137;1#2;60;
0418;145378753;1;0;137;1#2;60;
0418;145378754;1;0;1186;1#2;60;
0418;145378755;1;0;241;1#2;60;
0418;145378756;1;0;907;1#2;60;
0418;145378757;1;0;1014;1#2;60;
0418;145378758;1;0;384;1#2;60;
0418;145378759;1;0;118;1#2;60;
0418;145378760;1;0;70;1#2;60;
0418;145378761;1;0;311;1#2;60;
0418;145378762;1;0;1158;1#2;60;
0418;145378763;1;0;522;1#2;60;
0418;145378764;1;0;1241;1#2;60;
0418;145378765;1;0;2134;1#2;60;
0418;237342226;1;0;222;1#2;60;
0418;237342227;1;0;81;1#2;60;
0418;145378767;1;0;3082;1#2;60;
0418;145378768;1;0;686;1#2;60;
0418;145378769;1;0;46;1#2;60;
0418;145378770;1;0;611;1#2;60;
0418;145378771;1;0;204;1#2;60;
0418;145378772;1;0;71;1#2;60;
0418;145378773;1;0;356;1#2;60;
0418;145378774;1;0;88;1#2;60;
0418;145378775;1;0;495;1#2;60;
0418;145378776;1;0;154;1#2;60;
0418;145378777;1;0;5;1#2;60;
0418;145378778;1;0;954;1#2;60;
0418;145378779;1;0;388;1#2;60;
0418;145378780;1;0;1629;1#2;60;
0418;145378781;1;0;1315;1#2;60;
0418;145378782;1;0;196;1#2;60;
0418;145378783;1;0;1601;1#2;60;
0418;145378784;1;0;133;1#2;60;
0418;145378785;1;0;668;1#2;60;
0418;145378786;1;0;722;1#2;60;
0418;145378787;1;0;21;1#2;60;
0418;145378788;1;0;332;1#2;60;
0418;145378789;1;0;1618;1#2;60;
0418;237342228;1;0;1003;1#2;60;
0418;237342229;1;0;291;1#2;60;
0418;145378791;1;0;363;1#2;60;
0418;145378792;1;0;3274;1#2;60;
0418;145378793;1;0;1304;1#2;60;
0418;145378794;1;0;614;1#2;60;
0418;145378795;1;0;588;1#2;60;
0418;145378796;1;0;3276;1#2;60;
0418;145378797;1;0;36;1#2;60;
0418;145378798;1;0;134;1#2;60;
0418;145378799;1;0;189;1#2;60;
0418;145378800;1;0;487;1#2;60;
0418;145378801;1;0;3948;1#2;60;
0418;145378802;1;0;502;1#2;60;
0418;145378803;1;0;1762;1#2;60;
0418;145378804;1;0;753;1#2;60;
0418;145378805;1;0;555;1#2;60;
0418;145378806;1;0;931;1#2;60;
0418;145378807;1;0;959;1#2;60;
0418;145378808;1;0;2010;1#2;60;
0418;237342230;1;0;94;1#2;60;
0418;237342231;1;0;303;1#2;60;
0418;145378810;1;0;123;1#2;60;
0418;145378811;1;0;1240;1#2;60;
0418;145378812;1;0;1053;1#2;60;
0418;145378813;1;0;874;1#2;60;
0418;145378814;1;0;291;1#2;60;
0418;145378815;1;0;1398;1#2;60;
0418;145378816;1;0;388;1#2;60;
0418;145378817;1;0;1472;1#2;60;
0418;145378818;1;0;514;1#2;60;
0418;145378819;1;0;76;1#2;60;
0418;145378820;1;0;76;1#2;60;
0418;145378821;1;0;1206;1#2;60;
0418;145378822;1;0;10;1#2;60;
0418;145378823;1;0;397;1#2;60;
0418;145378824;1;0;1926;1#2;60;
0418;145378825;1;0;560;1#2;60;
0418;145378826;1;0;68;1#2;60;
0418;145378827;1;0;43;1#2;60;
0418;145378828;1;0;45;1#2;60;
0418;145378829;1;0;166;1#2;60;
0418;145378830;1;0;215;1#2;60;
0418;145378831;1;0;77;1#2;60;
0418;145378832;1;0;79;1#2;60;
0418;145378833;1;0;46;1#2;60;
0418;145378834;1;0;47;1#2;60;
0418;145378835;1;0;26;1#2;60;
0418;145378836;1;0;193;1#2;60;
0418;145378837;1;0;109;1#2;60;
0418;145378838;1;0;157;1#2;60;
0418;145378839;1;0;100;1#2;60;
0418;145378840;1;0;96;1#2;60;
0418;145378841;1;0;307;1#2;60;
0418;145378842;1;0;32;1#2;60;
0418;145378843;1;0;96;1#2;60;
0418;145378844;1;0;11;1#2;60;
0418;145378845;1;0;52;1#2;60;
0418;145378846;1;0;118;1#2;60;
0418;237342232;1;0;67;1#2;60;
0418;237342233;1;0;45;1#2;60;
0418;248714416;1;0;160;1#2;60;
0418;248714417;1;0;17;1#2;60;
0418;237342235;1;0;259;1#2;60;
0418;145378849;1;0;947;1#2;60;
0418;145378850;1;0;1225;1#2;60;
0418;237342236;1;0;88;1#2;60;
0418;237342237;1;0;2312;1#2;60;
0418;237342238;1;0;26;1#2;60;
0418;237342239;1;0;1070;1#2;60;
0418;145378852;1;0;918;1#2;60;
0418;145378853;1;0;1144;1#2;60;
0418;145378854;1;0;42;1#2;60;
0418;145378855;1;0;1071;1#2;60;
0418;158378089;1;0;8;1#2;60;
0418;158378090;1;0;187;1#2;60;
0418;145378857;1;0;164;1#2;60;
0418;145378858;1;0;93;1#2;60;
0418;145378859;1;0;99;1#2;60;
0418;145378860;1;0;179;1#2;60;
0418;145378861;1;0;231;1#2;60;
0418;145378862;1;0;491;1#2;60;
0418;145378863;1;0;148;1#2;60;
0418;145378864;1;0;426;1#2;60;
0418;145378865;1;0;89;1#2;60;
0418;145378866;1;0;290;1#2;60;
0418;145378867;1;0;203;1#2;60;
0418;145378868;1;0;7;1#2;60;
0418;145378869;1;0;1390;1#2;60;
0418;145378870;1;0;38;1#2;60;
0418;145378871;1;0;250;1#2;60;
0418;145378872;1;0;53;1#2;60;
0418;145378873;1;0;58;1#2;60;
0418;237342240;1;0;30;1#2;60;
0418;237342241;1;0;196;1#2;60;
0418;145378875;1;0;856;1#2;60;
0418;145378876;1;0;200;1#2;60;
0418;145378877;1;0;67;1#2;60;
0418;145378878;1;0;226;1#2;60;
0418;145378879;1;0;682;1#2;60;
0418;145378880;1;0;187;1#2;60;
0418;145378881;1;0;1220;1#2;60;
0418;145378882;1;0;27;1#2;60;
0418;145378883;1;0;131;1#2;60;
0418;145378884;1;0;241;1#2;60;
0418;145378885;1;0;23;1#2;60;
0418;166198874;1;0;9;1#2;60;
0418;166198875;1;0;109;1#2;60;
0418;145378887;1;0;66;1#2;60;
0418;145378888;1;0;65;1#2;60;
0418;145378889;1;0;287;1#2;60;
0418;145378890;1;0;226;1#2;60;
0418;145378891;1;0;3585;1#2;60;
0418;145378892;1;0;1199;1#2;60;
0418;145378893;1;0;711;1#2;60;
0418;145378894;1;0;417;1#2;60;
0418;145378895;1;0;28;1#2;60;
0418;145378896;1;0;378;1#2;60;
0418;237342242;1;0;48;1#2;60;
0418;237342243;1;0;108;1#2;60;
0418;145378898;1;0;447;1#2;60;
0418;145378899;1;0;3;1#2;60;
0418;145378900;1;0;177;1#2;60;
0418;145378901;1;0;521;1#2;60;
0418;145378902;1;0;67;1#2;60;
0418;145378903;1;0;92;1#2;60;
0418;145378904;1;0;577;1#2;60;
0418;145378905;1;0;106;1#2;60;
0418;145378906;1;0;166;1#2;60;
0418;145378907;1;0;76;1#2;60;
0418;145378908;1;0;86;1#2;60;
0418;145378909;1;0;71;1#2;60;
0418;145378910;1;0;168;1#2;60;
0418;145378911;1;0;2;1#2;60;
0418;145378912;1;0;798;1#2;60;
0418;145378913;1;0;469;1#2;60;
0418;145378914;1;0;831;1#2;60;
0418;145378915;1;0;108;1#2;60;
0418;145378916;1;0;233;1#2;60;
0418;145378917;1;0;379;1#2;60;
0418;145378918;1;0;1126;1#2;60;
0418;145378919;1;0;616;1#2;60;
0418;145378920;1;0;645;1#2;60;
0418;145378921;1;0;517;1#2;60;
0418;145378922;1;0;2830;1#2;60;
0418;145378923;1;0;1903;1#2;60;
0418;145378924;1;0;799;1#2;60;
0418;145378925;1;0;18;1#2;60;
0418;145378926;1;0;22;1#2;60;
0418;145378927;1;0;45;1#2;60;
0418;145378928;1;0;820;1#2;60;
0418;145378929;1;0;988;1#2;60;
0418;237342244;1;0;1577;1#2;60;
0418;237342245;1;0;1676;1#2;60;
0418;145378931;1;0;24;1#2;60;
0418;145378932;1;0;17;1#2;60;
0418;145378933;1;0;1743;1#2;60;
0418;145378934;1;0;2447;1#2;60;
0418;145378935;1;0;174;1#2;60;
0418;145378936;1;0;568;1#2;60;
0418;145378937;1;0;1134;1#2;60;
0418;145378938;1;0;947;1#2;60;
0418;145378939;1;0;116;1#2;60;
0418;145378940;1;0;990;1#2;60;
0418;145378941;1;0;2584;1#2;60;
0418;145378942;1;0;461;1#2;60;
0418;145378943;1;0;789;1#2;60;
0418;145378944;1;0;1937;1#2;60;
0418;145378945;1;0;150;1#2;60;
0418;145378946;1;0;500;1#2;60;
0418;145378947;1;0;633;1#2;60;
0418;145378948;1;0;2771;1#2;60;
0418;145378949;1;0;2832;1#2;60;
0418;145378951;1;0;2178;1#2;60;
0418;145378952;1;0;88;1#2;60;
0418;145378953;1;0;368;1#2;60;
0418;145378954;1;0;65;1#2;60;
0418;145378955;1;0;64;1#2;60;
0418;145378956;1;0;942;1#2;60;
0418;145378957;1;0;210;1#2;60;
0418;145378958;1;0;553;1#2;60;
0418;145378959;1;0;1680;1#2;60;
0418;145378960;1;0;44;1#2;60;
0418;145378961;1;0;727;1#2;60;
0418;145378962;1;0;4474;1#2;60;
0418;145378963;1;0;2258;1#2;60;
0418;145378964;1;0;424;1#2;60;
0418;145378965;1;0;160;1#2;60;
0418;145378966;1;0;1657;1#2;60;
0418;145378967;1;0;130;1#2;60;
0418;145378968;1;0;63;1#2;60;
0418;145378969;1;0;463;1#2;60;
0418;145378970;1;0;642;1#2;60;
0418;145378972;1;0;485;1#2;60;
0418;145378973;1;0;14;1#2;60;
0418;145378974;1;0;657;1#2;60;
0418;145378975;1;0;1576;1#2;60;
0418;145378976;1;0;927;1#2;60;
0418;145378977;1;0;3049;1#2;60;
0418;145378978;1;0;1396;1#2;60;
0418;145378979;1;0;647;1#2;60;
0418;145378980;1;0;48;1#2;60;
0418;145378981;1;0;60;1#2;60;
0418;145378982;1;0;602;1#2;60;
0418;145378983;1;0;1076;1#2;60;
0418;145378984;1;0;58;1#2;60;
0418;145378985;1;0;68;1#2;60;
0418;145378986;1;0;269;1#2;60;
0418;145378987;1;0;162;1#2;60;
0418;145378988;1;0;707;1#2;60;
0418;145378989;1;0;72;1#2;60;
0418;145378990;1;0;87;1#2;60;
0418;145378991;1;0;18;1#2;60;
0418;145378992;1;0;1993;1#2;60;
0418;145378993;1;0;123;1#2;60;
0418;145378994;1;0;137;1#2;60;
0418;145378995;1;0;3560;1#2;60;
0418;145378996;1;0;1153;1#2;60;
0418;145378997;1;0;373;1#2;60;
0418;145378998;1;0;1449;1#2;60;
0418;145378999;1;0;1366;1#2;60;
0418;145379000;1;0;867;1#2;60;
0418;145379001;1;0;18;1#2;60;
0418;145379002;1;0;709;1#2;60;
0418;145379003;1;0;386;1#2;60;
0418;145379004;1;0;300;1#2;60;
0418;145379005;1;0;73;1#2;60;
0418;145379006;1;0;331;1#2;60;
0418;145379007;1;0;23;1#2;60;
0418;145379008;1;0;403;1#2;60;
0418;145379009;1;0;302;1#2;60;
0418;145379010;1;0;164;1#2;60;
0418;145379011;1;0;61;1#2;60;
0418;145379012;1;0;30;1#2;60;
0418;145379013;1;0;11;1#2;60;
0418;145379014;1;0;527;1#2;60;
0418;145379015;1;0;244;1#2;60;
0418;145379016;1;0;71;1#2;60;
0418;145379017;1;0;440;1#2;60;
0418;145379018;1;0;410;1#2;60;
0418;145379019;1;0;297;1#2;60;
0418;237342246;1;0;84;1#2;60;
0418;237342247;1;0;221;1#2;60;
0418;145379021;1;0;1963;1#2;60;
0418;145379022;1;0;78;1#2;60;
0418;145379023;1;0;2142;1#2;60;
0418;145379024;1;0;65;1#2;60;
0418;145379025;1;0;487;1#2;60;
0418;145379026;1;0;527;1#2;60;
0418;145379027;1;0;448;1#2;60;
0418;145379028;1;0;455;1#2;60;
0418;145379029;1;0;332;1#2;60;
0418;145379030;1;0;289;1#2;60;
0418;145379031;1;0;703;1#2;60;
0418;145379032;1;0;236;1#2;60;
0418;145379033;1;0;510;1#2;60;
0418;145379034;1;0;2817;1#2;60;
0418;145379035;1;0;788;1#2;60;
0418;145379036;1;0;78;1#2;60;
0418;145379037;1;0;614;1#2;60;
0418;145379038;1;0;698;1#2;60;
0418;145379039;1;0;509;1#2;60;
0418;145379040;1;0;1294;1#2;60;
0418;145379041;1;0;272;1#2;60;
0418;145379042;1;0;816;1#2;60;
0418;145379043;1;0;364;1#2;60;
0418;145379044;1;0;330;1#2;60;
0418;145379045;1;0;25;1#2;60;
0418;145379046;1;0;30;1#2;60;
0418;145379047;1;0;3573;1#2;60;
0418;145379048;1;0;338;1#2;60;
0418;145379049;1;0;221;1#2;60;
0418;145379050;1;0;1752;1#2;60;
0418;145379051;1;0;446;1#2;60;
0418;145379052;1;0;209;1#2;60;
0418;145379053;1;0;498;1#2;60;
0418;145379054;1;0;1117;1#2;60;
0418;145379055;1;0;823;1#2;60;
0418;145379056;1;0;526;1#2;60;
0418;145379057;1;0;261;1#2;60;
0418;237342248;1;0;326;1#2;60;
0418;145379059;1;0;1498;1#2;60;
0418;145379060;1;0;33;1#2;60;
0418;145379061;1;0;42;1#2;60;
0418;145379062;1;0;70;1#2;60;
0418;145379063;1;0;2359;1#2;60;
0418;145379064;1;0;1040;1#2;60;
0418;145379065;1;0;6;1#2;60;
0418;145379066;1;0;9;1#2;60;
0418;145379067;1;0;1647;1#2;60;
0418;145379068;1;0;382;1#2;60;
0418;145379069;1;0;361;1#2;60;
0418;145379070;1;0;221;1#2;60;
0418;145379071;1;0;205;1#2;60;
0418;145379072;1;0;101;1#2;60;
0418;145379073;1;0;413;1#2;60;
0418;145379074;1;0;1010;1#2;60;
0418;145379075;1;0;1028;1#2;60;
0418;145379076;1;0;236;1#2;60;
0418;145379077;1;0;41;1#2;60;
0418;145379078;1;0;29;1#2;60;
0418;145379079;1;0;115;1#2;60;
0418;145379080;1;0;357;1#2;60;
0418;145379081;1;0;134;1#2;60;
0418;145379082;1;0;321;1#2;60;
0418;145379083;1;0;428;1#2;60;
0418;145379084;1;0;1941;1#2;60;
0418;145379085;1;0;492;1#2;60;
0418;145379086;1;0;60;1#2;60;
0418;145379087;1;0;64;1#2;60;
0418;145379088;1;0;194;1#2;60;
0418;145379089;1;0;1059;1#2;60;
0418;145379090;1;0;1883;1#2;60;
0418;145379091;1;0;43;1#2;60;
0418;145379092;1;0;43;1#2;60;
0418;145379093;1;0;1194;1#2;60;
0418;145379094;1;0;59;1#2;60;
0418;145379095;1;0;69;1#2;60;
0418;145379096;1;0;1483;1#2;60;
0418;145379097;1;0;411;1#2;60;
0418;145379098;1;0;1892;1#2;60;
0418;237342249;1;0;19;1#2;60;
0418;237342250;1;0;971;1#2;60;
0418;145379100;1;0;505;1#2;60;
0418;145379101;1;0;3314;1#2;60;
0418;145379102;1;0;851;1#2;60;
0418;145379103;1;0;157;1#2;60;
0418;145379104;1;0;97;1#2;60;
0418;145379105;1;0;197;1#2;60;
0418;237342251;1;0;76;1#2;60;
0418;237342252;1;0;132;1#2;60;
0418;145379107;1;0;417;1#2;60;
0418;145379108;1;0;272;1#2;60;
0418;145379109;1;0;1264;1#2;60;
0418;145379110;1;0;1234;1#2;60;
0418;145379111;1;0;1418;1#2;60;
0418;145379112;1;0;323;1#2;60;
0418;145379113;1;0;230;1#2;60;
0418;145379114;1;0;196;1#2;60;
0418;145379115;1;0;555;1#2;60;
0418;145379116;1;0;514;1#2;60;
0418;145379117;1;0;87;1#2;60;
0418;145379118;1;0;19;1#2;60;
0418;145379119;1;0;1442;1#2;60;
0418;145379120;1;0;892;1#2;60;
0418;145379121;1;0;167;1#2;60;
0418;145379122;1;0;202;1#2;60;
0418;145379123;1;0;97;1#2;60;
0418;145379124;1;0;914;1#2;60;
0418;145379125;1;0;27;1#2;60;
0418;145379126;1;0;32;1#2;60;
0418;145379127;1;0;85;1#2;60;
0418;145379128;1;0;1969;1#2;60;
0418;145379129;1;0;431;1#2;60;
0418;145379130;1;0;1720;1#2;60;
0418;145379131;1;0;40;1#2;60;
0418;237342253;1;0;19;1#2;60;
0418;237342254;1;0;40;1#2;60;
0418;145379133;1;0;161;1#2;60;
0418;145379134;1;0;89;1#2;60;
0418;145379135;1;0;81;1#2;60;
0418;145379136;1;0;131;1#2;60;
0418;145379137;1;0;161;1#2;60;
0418;145379138;1;0;4;1#2;60;
0418;145379139;1;0;485;1#2;60;
0418;145379140;1;0;412;1#2;60;
0418;145379141;1;0;322;1#2;60;
0418;145379142;1;0;394;1#2;60;
0418;145379143;1;0;451;1#2;60;
0418;145379144;1;0;904;1#2;60;
0418;145379145;1;0;112;1#2;60;
0418;145379146;1;0;797;1#2;60;
0418;145379147;1;0;157;1#2;60;
0418;145379148;1;0;17;1#2;60;
0418;145379149;1;0;39;1#2;60;
0418;145379150;1;0;776;1#2;60;
0418;145379151;1;0;128;1#2;60;
0418;145379152;1;0;209;1#2;60;
0418;145379153;1;0;12;1#2;60;
0418;145379154;1;0;29;1#2;60;
0418;145379155;1;0;3292;1#2;60;
0418;145379156;1;0;7;1#2;60;
0418;145379157;1;0;264;1#2;60;
0418;145379158;1;0;125;1#2;60;
0418;145379159;1;0;2225;1#2;60;
0418;145379160;1;0;25;1#2;60;
0418;237342255;1;0;111;1#2;60;
0418;237342256;1;0;1232;1#2;60;
0418;145379162;1;0;904;1#2;60;
0418;145379163;1;0;429;1#2;60;
0418;145379164;1;0;20;1#2;60;
0418;145379165;1;0;29;1#2;60;
0418;145379166;1;0;761;1#2;60;
0418;145379167;1;0;116;1#2;60;
0418;145379168;1;0;92;1#2;60;
0418;145379169;1;0;304;1#2;60;
0418;145379170;1;0;61;1#2;60;
0418;145379171;1;0;172;1#2;60;
0418;145379172;1;0;402;1#2;60;
0418;145379173;1;0;64;1#2;60;
0418;145379174;1;0;1219;1#2;60;
0418;145379175;1;0;30;1#2;60;
0418;145379176;1;0;43;1#2;60;
0418;145379177;1;0;467;1#2;60;
0418;145379178;1;0;33;1#2;60;
0418;145379179;1;0;42;1#2;60;
0418;145379180;1;0;377;1#2;60;
0418;145379181;1;0;23;1#2;60;
0418;145379182;1;0;24;1#2;60;
0418;145379183;1;0;57;1#2;60;
0418;145379184;1;0;883;1#2;60;
0418;145379185;1;0;38;1#2;60;
0418;145379186;1;0;44;1#2;60;
0418;145379187;1;0;46;1#2;60;
0418;145379188;1;0;20;1#2;60;
0418;145379189;1;0;28;1#2;60;
0418;145379190;1;0;716;1#2;60;
0418;145379191;1;0;61;1#2;60;
0418;145379192;1;0;61;1#2;60;
0418;145379193;1;0;1160;1#2;60;
0418;145379194;1;0;80;1#2;60;
0418;145379195;1;0;63;1#2;60;
0418;145379196;1;0;2157;1#2;60;
0418;145379197;1;0;47;1#2;60;
0418;145379198;1;0;56;1#2;60;
0418;145379199;1;0;328;1#2;60;
0418;145379200;1;0;382;1#2;60;
0418;145379201;1;0;110;1#2;60;
0418;145379202;1;0;1191;1#2;60;
0418;145379203;1;0;1243;1#2;60;
0418;145379204;1;0;604;1#2;60;
0418;145379205;1;0;51;1#2;60;
0418;145379206;1;0;47;1#2;60;
0418;145379207;1;0;1658;1#2;60;
0418;145379208;1;0;138;1#2;60;
0418;237342257;1;0;666;1#2;60;
0418;145379211;1;0;58;1#2;60;
0418;237342258;1;0;2386;1#2;60;
0418;237342259;1;0;813;1#2;60;
0418;145379213;1;0;2463;1#2;60;
0418;145379214;1;0;408;1#2;60;
0418;145379215;1;0;387;1#2;60;
0418;145379216;1;0;76;1#2;60;
0418;145379217;1;0;1191;1#2;60;
0418;145379218;1;0;557;1#2;60;
0418;145379219;1;0;69;1#2;30;
0418;145379220;1;0;1105;1#2;30;
0418;145379221;1;0;73;1#2;30;
0418;145379222;1;0;73;1#2;30;
0418;145379223;1;0;76;1#2;30;
0418;145379224;1;0;40;1#2;30;
0418;145379225;1;0;774;1#2;30;
0418;145379226;1;0;45;1#2;30;
0418;145379227;1;0;56;1#2;30;
0418;145379228;1;0;40;1#2;60;
0418;145379229;1;0;1093;1#2;60;
0418;145379230;1;0;1822;1#2;60;
0418;145379231;1;0;36;1#2;60;
0418;145379232;1;0;46;1#2;60;
0418;145379233;1;0;10;1#2;60;
0418;145379234;1;0;865;1#2;60;
0418;145379235;1;0;43;1#2;60;
0418;145379236;1;0;35;1#2;60;
0418;145379237;1;0;172;1#2;60;
0418;145379238;1;0;11;1#2;60;
0418;145379239;1;0;30;1#2;60;
0418;145379240;1;0;363;1#2;60;
0418;145379241;1;0;788;1#2;60;
0418;145379242;1;0;38;1#2;60;
0418;145379243;1;0;26;1#2;60;
0418;145379244;1;0;769;1#2;60;
0418;145379245;1;0;40;1#2;60;
0418;145379246;1;0;29;1#2;60;
0418;145379247;1;0;92;1#2;60;
0418;237342260;1;0;101;1#2;60;
0418;237342261;1;0;118;1#2;60;
0418;145379249;1;0;511;1#2;60;
0418;145379250;1;0;292;1#2;60;
0418;145379251;1;0;86;1#2;60;
0418;145379252;1;0;536;1#2;60;
0418;145379253;1;0;1488;1#2;60;
0418;145379254;1;0;970;1#2;60;
0418;145379255;1;0;898;1#2;60;
0418;145379256;1;0;489;1#2;60;
0418;145379257;1;0;30;1#2;60;
0418;145379258;1;0;18;1#2;60;
0418;145379259;1;0;8;1#2;60;
0418;145379260;1;0;1126;1#2;60;
0418;145379261;1;0;32;1#2;60;
0418;145379262;1;0;42;1#2;60;
0418;237342262;1;0;753;1#2;60;
0418;145379264;1;0;514;1#2;60;
0418;145379265;1;0;419;1#2;60;
0418;145379266;1;0;326;1#2;60;
0418;145379267;1;0;472;1#2;60;
0418;145379268;1;0;116;1#2;60;
0418;145379269;1;0;12;1#2;60;
0418;145379270;1;0;276;1#2;60;
0418;145379271;1;0;161;1#2;60;
0418;145379272;1;0;65;1#2;60;
0418;145379273;1;0;543;1#2;60;
0418;145379274;1;0;430;1#2;60;
0418;145379275;1;0;613;1#2;60;
0418;145379276;1;0;25;1#2;60;
0418;145379277;1;0;38;1#2;60;
0418;237342263;1;0;123;1#2;60;
0418;237342264;1;0;65;1#2;60;
0418;237342265;1;0;58;1#2;60;
0418;237342266;1;0;253;1#2;60;
0418;145379280;1;0;31;1#2;60;
0418;237342267;1;0;235;1#2;60;
0418;145379282;1;0;256;1#2;60;
0418;237342268;1;0;164;1#2;60;
0418;237342269;1;0;45;1#2;60;
0418;145379284;1;0;301;1#2;60;
0418;145379285;1;0;342;1#2;60;
0418;145379286;1;0;379;1#2;60;
0418;145379287;1;0;415;1#2;60;
0418;145379288;1;0;14;1#2;60;
0418;145379289;1;0;63;1#2;60;
0418;145379290;1;0;158;1#2;60;
0418;145379291;1;0;526;1#2;60;
0418;145379292;1;0;892;1#2;60;
0418;145379293;1;0;342;1#2;60;
0418;145379294;1;0;268;1#2;60;
0418;145379295;1;0;72;1#2;60;
0418;145379296;1;0;385;1#2;60;
0418;145379297;1;0;200;1#2;60;
0418;145379298;1;0;53;1#2;60;
0418;145379299;1;0;35;1#2;60;
0418;145379300;1;0;422;1#2;60;
0418;145379301;1;0;80;1#2;60;
0418;145379302;1;0;68;1#2;60;
0418;145379303;1;0;317;1#2;60;
0418;145379304;1;0;344;1#2;60;
0418;145379305;1;0;421;1#2;60;
0418;145379306;1;0;97;1#2;60;
0418;145379307;1;0;100;1#2;60;
0418;145379308;1;0;270;1#2;60;
0418;145379309;1;0;121;1#2;60;
0418;145379310;1;0;42;1#2;60;
0418;145379311;1;0;25;1#2;60;
0418;145379312;1;0;27;1#2;60;
0418;145379313;1;0;233;1#2;60;
0418;145379314;1;0;275;1#2;60;
0418;145379315;1;0;10;1#2;60;
0418;145379316;1;0;1247;1#2;60;
0418;145379317;1;0;614;1#2;60;
0418;145379318;1;0;44;1#2;60;
0418;145379319;1;0;45;1#2;60;
0418;145379320;1;0;210;1#2;60;
0418;145379321;1;0;343;1#2;60;
0418;145379322;1;0;99;1#2;60;
0418;145379323;1;0;100;1#2;60;
0418;145379324;1;0;102;1#2;60;
0418;145379325;1;0;126;1#2;60;
0418;145379326;1;0;925;1#2;60;
0418;145379327;1;0;263;1#2;60;
0418;145379328;1;0;177;1#2;60;
0418;145379329;1;0;94;1#2;60;
0418;145379330;1;0;2032;1#2;60;
0418;145379331;1;0;777;1#2;60;
0418;145379332;1;0;66;1#2;60;
0418;145379333;1;0;2279;1#2;60;
0418;145379334;1;0;611;1#2;60;
0418;145379335;1;0;49;1#2;60;
0418;145379336;1;0;71;1#2;60;
0418;145379337;1;0;122;1#2;60;
0418;145379338;1;0;130;1#2;60;
0418;145379339;1;0;94;1#2;60;
0418;145379340;1;0;226;1#2;60;
0418;145379341;1;0;185;1#2;60;
0418;145379342;1;0;60;1#2;60;
0418;145379343;1;0;360;1#2;60;
0418;145379344;1;0;432;1#2;60;
0418;145379345;1;0;41;1#2;60;
0418;145379346;1;0;160;1#2;60;
0418;145379347;1;0;340;1#2;60;
0418;145379348;1;0;49;1#2;60;
0418;145379349;1;0;55;1#2;60;
0418;145379350;1;0;231;1#2;60;
0418;145379351;1;0;798;1#2;60;
0418;145379352;1;0;71;1#2;60;
0418;145379353;1;0;149;1#2;60;
0418;145379354;1;0;45;1#2;60;
0418;145379355;1;0;311;1#2;60;
0418;237342270;1;0;34;1#2;60;
0418;145379357;1;0;82;1#2;60;
0418;145379358;1;0;33;1#2;60;
0418;145379359;1;0;41;1#2;60;
0418;145379360;1;0;843;1#2;60;
0418;145379361;1;0;119;1#2;60;
0418;145379362;1;0;177;1#2;60;
0418;145379363;1;0;1483;1#2;60;
0418;145379364;1;0;477;1#2;60;
0418;145379365;1;0;758;1#2;60;
0418;145379366;1;0;150;1#2;60;
0418;145379367;1;0;128;1#2;60;
0418;145379368;1;0;10;1#2;60;
0418;145379369;1;0;15;1#2;60;
0418;145379370;1;0;622;1#2;60;
0418;145379371;1;0;604;1#2;60;
0418;145379372;1;0;707;1#2;60;
0418;145379373;1;0;471;1#2;60;
0418;145379374;1;0;524;1#2;60;
0418;145379375;1;0;237;1#2;60;
0418;145379376;1;0;865;1#2;60;
0418;145379377;1;0;265;1#2;60;
0418;145379378;1;0;334;1#2;60;
0418;145379379;1;0;874;1#2;60;
0418;145379380;1;0;1628;1#2;60;
0418;237342271;1;0;247;1#2;60;
0418;237342272;1;0;884;1#2;60;
0418;145379382;1;0;31;1#2;30;
0418;145379383;1;0;22;1#2;30;
0418;145379384;1;0;1319;1#2;30;
0418;145379385;1;0;827;1#2;30;
0418;145379386;1;0;769;1#2;60;
0418;145379387;1;0;569;1#2;30;
0418;145379388;1;0;768;1#2;30;
0418;145379389;1;0;266;1#2;60;
0418;145379390;1;0;750;1#2;60;
0418;145391681;1;0;286;1#2;80;
0418;145391682;1;0;332;1#2;80;
0418;145391683;1;0;88;1#2;80;
0418;145391684;1;0;132;1#2;80;
0418;145391685;1;0;347;1#2;80;
0418;145391686;1;0;148;1#2;80;
0418;145391687;1;0;944;1#2;80;
0418;145391688;1;0;25;1#2;80;
0418;145391689;1;0;59;1#2;80;
0418;145391690;1;0;404;1#2;80;
0418;145391691;1;0;83;1#2;80;
0418;145391692;1;0;69;1#2;80;
0418;145391693;1;0;292;1#2;70;
0418;145391694;1;0;34;1#2;70;
0418;145391695;1;0;43;1#2;70;
0418;145391696;1;0;109;1#2;70;
0418;145391697;1;0;38;1#2;70;
0418;145391698;1;0;178;1#2;70;
0418;145391698;2;129;178;1#2;60;
0418;145391699;1;0;115;1#2;60;
0418;145391700;1;0;12;1#2;60;
0418;145391701;1;0;42;1#2;60;
0418;145391702;1;0;56;1#2;60;
0418;145391703;1;0;189;1#2;60;
0418;145391704;1;0;100;1#2;60;
0418;145391705;1;0;100;1#2;60;
0418;145391706;1;0;70;1#2;60;
0418;145391707;1;0;72;1#2;60;
0418;145391708;1;0;5;1#2;60;
0418;145391709;1;0;81;1#2;60;
0418;145391710;1;0;154;1#2;60;
0418;145391711;1;0;2;1#2;60;
0418;145391712;1;0;127;1#2;60;
0418;145391713;1;0;130;1#2;60;
0418;145391713;2;75;130;1#2;60;
0418;145391714;1;0;48;1#2;60;
0418;145391715;1;0;113;1#2;60;
0418;145391716;1;0;118;1#2;60;
0418;145391716;2;55;118;1#2;80;
0418;145391717;1;0;93;1#2;80;
0418;145391718;1;0;194;1#2;80;
0418;145391719;1;0;138;1#2;80;
0418;260828204;1;0;292;1#2;80;
0418;260828205;1;0;11;1#2;80;
0418;145391721;1;0;155;1#2;80;
0418;145391722;1;0;12;1#2;80;
0418;145391723;1;0;188;1#2;80;
0418;145391724;1;0;3;1#2;80;
0418;145391725;1;0;307;1#2;80;
0418;145391726;1;0;422;1#2;80;
0418;145391726;2;404;422;1#2;60;
0418;145391727;1;0;4;1#2;60;
0418;145391728;1;0;208;1#2;60;
0418;145391729;1;0;21;1#2;60;
0418;145391730;1;0;20;1#2;60;
0418;145391731;1;0;46;1#2;60;
0418;145391732;1;0;88;1#2;60;
0418;145391733;1;0;309;1#2;60;
0418;145391733;2;30;309;1#2;80;
0418;145391734;1;0;155;1#2;80;
0418;145391735;1;0;67;1#2;80;
0418;145391736;1;0;153;1#2;80;
0418;145391737;1;0;272;1#2;80;
0418;145391738;1;0;75;1#2;80;
0418;145391739;1;0;231;1#2;80;
0418;145391740;1;0;73;1#2;80;
0418;145391741;1;0;520;1#2;80;
0418;237342273;1;0;69;1#2;80;
0418;237342274;1;0;143;1#2;80;
0418;145391743;1;0;1568;1#2;80;
0418;145391744;1;0;354;1#2;80;
0418;145391745;1;0;188;1#2;80;
0418;145391746;1;0;108;1#2;80;
0418;145391747;1;0;647;1#2;80;
0418;145391748;1;0;430;1#2;80;
0418;237342275;1;0;79;1#2;80;
0418;237342276;1;0;1323;1#2;80;
0418;145391750;1;0;65;1#2;80;
0418;145391751;1;0;11;1#2;80;
0418;145391752;1;0;192;1#2;80;
0418;145391753;1;0;101;1#2;80;
0418;145391754;1;0;1753;1#2;80;
0418;145391755;1;0;133;1#2;80;
0418;145391756;1;0;119;1#2;80;
0418;145393363;1;0;217;1#2;80;
0418;145393364;1;0;40;1#2;80;
0418;145393365;1;0;75;1#2;80;
0418;145393366;1;0;277;1#2;80;
0418;145393367;1;0;794;1#2;80;
0418;145393368;1;0;507;1#2;80;
0418;145393369;1;0;298;1#2;80;
0418;145393370;1;0;502;1#2;80;
0418;145393371;1;0;1322;1#2;80;
0418;145393372;1;0;523;1#2;80;
0418;145393373;1;0;122;1#2;80;
0418;145393374;1;0;78;1#2;80;
0418;145393375;1;0;337;1#2;80;
0418;145393376;1;0;308;1#2;80;
0418;145393377;1;0;10;1#2;80;
0418;145393378;1;0;119;1#2;80;
0418;145393379;1;0;508;1#2;80;
0418;145393380;1;0;51;1#2;80;
0418;145393381;1;0;20;1#2;80;
0418;145393382;1;0;140;1#2;80;
0418;145393383;1;0;116;1#2;80;
0418;145393384;1;0;631;1#2;80;
0418;145393385;1;0;187;1#2;80;
0418;145393386;1;0;437;1#2;80;
0418;145393386;2;368;437;1#2;60;
0418;145393387;1;0;43;1#2;60;
0418;145393388;1;0;13;1#2;60;
0418;145393389;1;0;327;1#2;60;
0418;145393390;1;0;397;1#2;60;
0418;145393390;2;47;397;1#2;80;
0418;237342277;1;0;560;1#2;80;
0418;237342277;2;543;560;1#2;60;
0418;237342278;1;0;102;1#2;60;
0418;237342279;1;0;241;1#2;60;
0418;237342279;2;185;241;1#2;80;
0418;237342280;1;0;26;1#2;80;
0418;145393392;1;0;11;1#2;80;
0418;145393393;1;0;11;1#2;80;
0418;145393394;1;0;84;1#2;80;
0418;145394017;1;0;253;1#2;80;
0418;145394018;1;0;312;1#2;80;
0418;145394019;1;0;347;1#2;80;
0418;237342281;1;0;142;1#2;80;
0418;237342282;1;0;85;1#2;80;
0418;145394021;1;0;525;1#2;80;
0418;145394022;1;0;561;1#2;80;
0418;145394023;1;0;262;1#2;80;
0418;166198876;1;0;49;1#2;80;
0418;166198877;1;0;184;1#2;80;
0418;145394025;1;0;32;1#2;80;
0418;145394026;1;0;103;1#2;80;
0418;145394027;1;0;247;1#2;80;
0418;145394028;1;0;20;1#2;80;
0418;145394029;1;0;7;1#2;80;
0418;145394030;1;0;75;1#2;80;
0418;145394031;1;0;80;1#2;80;
0418;145394032;1;0;93;1#2;80;
0418;145394032;2;59;93;1#2;60;
0418;145394033;1;0;64;1#2;60;
0418;145394034;1;0;49;1#2;60;
0418;145394035;1;0;41;1#2;60;
0418;145394036;1;0;154;1#2;60;
0418;145394037;1;0;10;1#2;60;
0418;145394038;1;0;506;1#2;60;
0418;145394038;2;114;506;1#2;80;
0418;145394039;1;0;168;1#2;80;
0418;145394040;1;0;74;1#2;80;
0418;145394041;1;0;264;1#2;80;
0418;145394042;1;0;46;1#2;80;
0418;145394043;1;0;89;1#2;80;
0418;145394044;1;0;115;1#2;80;
0418;145394045;1;0;191;1#2;80;
0418;145394046;1;0;80;1#2;80;
0418;145394047;1;0;361;1#2;80;
0418;145394048;1;0;156;1#2;80;
0418;145394049;1;0;2;1#2;80;
0418;145394050;1;0;200;1#2;80;
0418;145394051;1;0;98;1#2;80;
0418;145394052;1;0;242;1#2;80;
0418;145394053;1;0;72;1#2;80;
0418;145394054;1;0;392;1#2;80;
0418;237342283;1;0;61;1#2;80;
0418;237342284;1;0;272;1#2;80;
0418;237342284;2;125;272;1#2;60;
0418;145394056;1;0;9;1#2;60;
0418;145394057;1;0;51;1#2;60;
0418;145394058;1;0;102;1#2;60;
0418;145394059;1;0;328;1#2;60;
0418;145394060;1;0;41;1#2;60;
0418;145394061;1;0;22;1#2;60;
0418;145394062;1;0;328;1#2;60;
0418;145394063;1;0;27;1#2;60;
0418;145394064;1;0;112;1#2;60;
0418;145394065;1;0;33;1#2;60;
0418;145394066;1;0;264;1#2;60;
0418;145394067;1;0;7;1#2;60;
0418;145394068;1;0;8;1#2;60;
0418;145394069;1;0;96;1#2;60;
0418;145394070;1;0;10;1#2;60;
0418;145394071;1;0;137;1#2;60;
0418;145394072;1;0;8;1#2;60;
0418;145394073;1;0;9;1#2;60;
0418;145394074;1;0;88;1#2;60;
0418;145398560;1;0;398;1#2;80;
0418;145398561;1;0;567;1#2;80;
0418;145398562;1;0;85;1#2;80;
0418;145398563;1;0;287;1#2;80;
0418;145398564;1;0;352;1#2;80;
0418;237342285;1;0;198;1#2;80;
0418;237342286;1;0;64;1#2;80;
0418;145398566;1;0;21;1#2;80;
0418;145398567;1;0;17;1#2;80;
0418;145398568;1;0;59;1#2;80;
0418;237342287;1;0;306;1#2;80;
0418;237342288;1;0;18;1#2;80;
0418;145398570;1;0;273;1#2;80;
0418;145398571;1;0;1195;1#2;80;
0418;145398572;1;0;342;1#2;80;
0418;145398573;1;0;155;1#2;80;
0418;145398574;1;0;387;1#2;80;
0418;145398575;1;0;416;1#2;80;
0418;145398576;1;0;2426;1#2;80;
0418;145398577;1;0;180;1#2;80;
0418;145398578;1;0;677;1#2;80;
0418;145398579;1;0;37;1#2;80;
0418;145398580;1;0;32;1#2;80;
0418;145398581;1;0;28;1#2;80;
0418;145398582;1;0;128;1#2;80;
0418;145398583;1;0;249;1#2;80;
0418;145398584;1;0;135;1#2;80;
0418;145398585;1;0;453;1#2;80;
0418;237342289;1;0;355;1#2;80;
0418;237342290;1;0;81;1#2;80;
0418;145398587;1;0;207;1#2;80;
0418;145398588;1;0;389;1#2;80;
0418;145398589;1;0;4;1#2;80;
0418;145398590;1;0;3;1#2;80;
0418;145398591;1;0;179;1#2;80;
0418;145398705;1;0;4;1#2;80;
0418;145398706;1;0;21;1#2;60;
0418;145398707;1;0;175;1#2;60;
0418;145398708;1;0;30;1#2;60;
0418;145398709;1;0;14;1#2;60;
0418;145398710;1;0;12;1#2;60;
0418;145398711;1;0;197;1#2;60;
0418;145398712;1;0;142;1#2;60;
0418;145398713;1;0;129;1#2;60;
0418;145398714;1;0;12;1#2;60;
0418;166198878;1;0;247;1#2;60;
0418;166198879;1;0;88;1#2;60;
0418;237342291;1;0;78;1#2;60;
0418;237342292;1;0;280;1#2;60;
0418;145398717;1;0;80;1#2;60;
0418;145398718;1;0;859;1#2;60;
0418;145398718;2;75;859;1#2;80;
0418;145398719;1;0;498;1#2;80;
0418;145398720;1;0;173;1#2;80;
0418;145398721;1;0;324;1#2;80;
0418;145398722;1;0;854;1#2;80;
0418;145398723;1;0;90;1#2;80;
0418;145398723;2;37;90;1#2;50;
0418;145398724;1;0;39;1#2;50;
0418;145398725;1;0;14;1#2;50;
0418;145398726;1;0;94;1#2;50;
0418;145398727;1;0;208;1#2;50;
0418;145398728;1;0;67;1#2;50;
0418;145398729;1;0;13;1#2;50;
0418;145398730;1;0;405;1#2;50;
0418;145398730;1;0;405;2;70;
0418;145398730;1;0;405;1;80;
0418;145398730;2;182;405;1#2;80;
0418;145398731;1;0;162;1#2;80;
0418;145398732;1;0;389;1#2;80;
0418;145398732;2;195;389;1#2;60;
0418;145398733;1;0;7;1#2;60;
0418;145398734;1;0;35;1#2;60;
0418;145398735;1;0;54;1#2;60;
0418;145398736;1;0;2;1#2;60;
0418;145398737;1;0;18;1#2;60;
0418;145398738;1;0;4;1#2;60;
0418;145398741;1;0;90;1#2;40;
0418;145398742;1;0;98;1#2;40;
0418;145398743;1;0;49;1#2;40;
0418;145398744;1;0;115;1#2;40;
0418;145398745;1;0;52;1#2;40;
0418;145398746;1;0;20;1#2;40;
0418;276428042;1;0;6;1#2;40;
0418;276428043;1;0;191;1#2;40;
0418;145398748;1;0;96;1#2;40;
0418;145398748;2;38;96;1#2;50;
0418;145398749;1;0;27;1#2;50;
0418;145398750;1;0;192;1#2;50;
0418;145398750;2;5;192;1#2;50;
0418;145398751;1;0;146;1#2;50;
0418;145398752;1;0;102;1#2;50;
0418;145398753;1;0;199;1#2;50;
0418;145398753;2;175;199;1#2;80;
0418;145398754;1;0;5;1#2;80;
0418;145398755;1;0;122;1#2;80;
0418;145398756;1;0;71;1#2;80;
0418;145398757;1;0;479;1#2;80;
0418;145398758;1;0;65;1#2;80;
0418;145398759;1;0;74;1#2;80;
0418;145398760;1;0;363;1#2;80;
0418;145398761;1;0;253;1#2;80;
0418;145398762;1;0;20;1#2;80;
0418;145398763;1;0;439;1#2;80;
0418;145398764;1;0;135;1#2;80;
0418;145398765;1;0;208;1#2;80;
0418;145398766;1;0;359;1#2;80;
0418;145398767;1;0;42;1#2;80;
0418;145398768;1;0;86;1#2;80;
0418;145398769;1;0;428;1#2;80;
0418;145398770;1;0;112;1#2;80;
0418;145398771;1;0;200;1#2;80;
0418;145398772;1;0;327;1#2;80;
0418;145398773;1;0;143;1#2;80;
0418;145398774;1;0;87;1#2;80;
0418;145398775;1;0;62;1#2;80;
0418;145398776;1;0;319;1#2;80;
0418;237342293;1;0;233;1#2;80;
0418;237342294;1;0;257;1#2;80;
0418;145398778;1;0;305;1#2;80;
0418;145398778;2;137;305;1#2;60;
0418;145398779;1;0;252;1#2;60;
0418;145398780;1;0;53;1#2;60;
0418;237342295;1;0;46;1#2;60;
0418;237342296;1;0;278;1#2;60;
0418;145398782;1;0;152;1#2;60;
0418;145398783;1;0;71;1#2;60;
0418;145398784;1;0;240;1#2;60;
0418;145398785;1;0;12;1#2;60;
0418;145398786;1;0;48;1#2;60;
0418;145398787;1;0;177;1#2;60;
0418;145398788;1;0;49;1#2;60;
0418;145398789;1;0;95;1#2;60;
0418;145398790;1;0;249;1#2;60;
0418;145398791;1;0;129;1#2;60;
0418;145398792;1;0;150;1#2;60;
0418;145398793;1;0;135;1#2;60;
0418;145398794;1;0;7;1#2;60;
0418;145398795;1;0;64;1#2;60;
0418;145398796;1;0;80;1#2;60;
0418;145398797;1;0;32;1#2;60;
0418;145398798;1;0;59;1#2;60;
0418;145398799;1;0;173;1#2;60;
0418;145398800;1;0;4;1#2;60;
0418;145398801;1;0;4;1#2;80;
0418;145398802;1;0;555;1#2;80;
0418;145398803;1;0;8;1#2;80;
0418;145398804;1;0;26;1#2;80;
0418;145398805;1;0;160;1#2;80;
0418;145398806;1;0;286;1#2;80;
0418;145398807;1;0;58;1#2;80;
0418;145398808;1;0;35;1#2;80;
0418;145398809;1;0;101;1#2;80;
0418;145398810;1;0;190;1#2;80;
0418;145398811;1;0;81;1#2;80;
0418;145398812;1;0;198;1#2;80;
0418;145398813;1;0;76;1#2;80;
0418;145398814;1;0;3;1#2;80;
0418;145398815;1;0;42;1#2;80;
0418;145398816;1;0;156;1#2;80;
0418;145398817;1;0;104;1#2;80;
0418;145398818;1;0;7;1#2;80;
0418;145398819;1;0;82;1#2;80;
0418;145398820;1;0;197;1#2;80;
0418;145398821;1;0;5;1#2;80;
0418;145398822;1;0;215;1#2;80;
0418;145398823;1;0;81;1#2;80;
0418;145398824;1;0;268;1#2;80;
0418;145398825;1;0;160;1#2;80;
0418;145398826;1;0;323;1#2;80;
0418;145398826;2;183;323;1#2;60;
0418;145398827;1;0;8;1#2;60;
0418;145398828;1;0;64;1#2;60;
0418;145398829;1;0;111;1#2;60;
0418;145398830;1;0;118;1#2;60;
0418;145398831;1;0;109;1#2;60;
0418;145398832;1;0;183;1#2;60;
0418;145398833;1;0;93;1#2;60;
0418;145398834;1;0;74;1#2;60;
0418;145398835;1;0;3;1#2;60;
0418;145398836;1;0;4;1#2;60;
0418;158378091;1;0;9;1#2;60;
0418;158378092;1;0;137;1#2;60;
0418;237342297;1;0;287;1#2;60;
0418;237342298;1;0;6;1#2;60;
0418;145398839;1;0;120;1#2;60;
0418;145398840;1;0;87;1#2;60;
0418;145398841;1;0;541;1#2;60;
0418;145398842;1;0;187;1#2;60;
0418;145398843;1;0;26;1#2;60;
0418;145398844;1;0;495;1#2;60;
0418;145398845;1;0;71;1#2;60;
0418;145398846;1;0;127;1#2;60;
0418;145398847;1;0;255;1#2;60;
0418;145398848;1;0;62;1#2;60;
0418;145398849;1;0;82;1#2;60;
0418;145398850;1;0;96;1#2;60;
0418;145398851;1;0;112;1#2;60;
0418;145398852;1;0;162;1#2;60;
0418;145398853;1;0;132;1#2;60;
0418;145398854;1;0;25;1#2;60;
0418;145398855;1;0;157;1#2;60;
0418;145398856;1;0;7;1#2;60;
0418;145398857;1;0;349;1#2;60;
0418;145398857;2;17;349;1#2;70;
0418;145398858;1;0;25;1#2;70;
0418;145398859;1;0;56;1#2;70;
0418;145398860;1;0;146;1#2;70;
0418;145398861;1;0;127;1#2;70;
0418;145398862;1;0;291;1#2;70;
0418;145398863;1;0;585;1#2;70;
0418;145398863;2;523;585;1#2;50;
0418;145398864;1;0;55;1#2;50;
0418;145398865;1;0;5;1#2;50;
0418;145398866;1;0;40;1#2;50;
0418;145398867;1;0;33;1#2;50;
0418;145398868;1;0;97;1#2;50;
0418;145398869;1;0;6;1#2;50;
0418;145398870;1;0;441;1#2;50;
0418;145398870;2;32;441;1#2;60;
0418;145398871;1;0;62;1#2;60;
0418;145398872;1;0;277;1#2;60;
0418;145398873;1;0;99;1#2;60;
0418;145398874;1;0;99;1#2;60;
0418;145398875;1;0;22;1#2;60;
0418;145398876;1;0;153;1#2;60;
0418;145398877;1;0;76;1#2;60;
0418;145398878;1;0;5;1#2;60;
0418;145398879;1;0;161;1#2;60;
0418;145398880;1;0;130;1#2;60;
0418;145398881;1;0;3;1#2;60;
0418;145398882;1;0;170;1#2;60;
0418;145398883;1;0;13;1#2;60;
0418;145398884;1;0;3;1#2;60;
0418;145398885;1;0;38;1#2;60;
0418;145398886;1;0;77;1#2;60;
0418;145398887;1;0;75;1#2;60;
0418;145398888;1;0;96;1#2;60;
0418;145398889;1;0;59;1#2;60;
0418;145398890;1;0;196;1#2;60;
0418;166198880;1;0;7;1#2;60;
0418;166198881;1;0;82;1#2;60;
0418;145398892;1;0;101;1#2;60;
0418;145398893;1;0;33;1#2;60;
0418;145398894;1;0;44;1#2;60;
0418;145398895;1;0;3;1#2;60;
0418;145398896;1;0;84;1#2;60;
0418;145398897;1;0;521;1#2;60;
0418;145398898;1;0;95;1#2;60;
0418;145398899;1;0;60;1#2;60;
0418;145398900;1;0;89;1#2;60;
0418;145398901;1;0;51;1#2;60;
0418;145398902;1;0;61;1#2;60;
0418;145398903;1;0;148;1#2;60;
0418;145398904;1;0;59;1#2;60;
0418;145398905;1;0;209;1#2;60;
0418;145398906;1;0;7;1#2;60;
0418;145398907;1;0;163;1#2;60;
0418;145398908;1;0;36;1#2;60;
0418;145398909;1;0;253;1#2;60;
0418;145398910;1;0;15;1#2;60;
0418;145398911;1;0;119;1#2;60;
0418;145398912;1;0;4;1#2;60;
0418;145398913;1;0;247;1#2;60;
0418;145398913;2;56;247;1#2;80;
0418;145398914;1;0;20;1#2;80;
0418;145398915;1;0;347;1#2;80;
0418;145398916;1;0;121;1#2;80;
0418;145398917;1;0;158;1#2;80;
0418;145398918;1;0;50;1#2;80;
0418;145398919;1;0;81;1#2;80;
0418;145398920;1;0;28;1#2;80;
0418;145398921;1;0;181;1#2;80;
0418;145398922;1;0;38;1#2;80;
0418;145398923;1;0;412;1#2;80;
0418;145398924;1;0;25;1#2;80;
0418;145398925;1;0;62;1#2;80;
0418;145398926;1;0;29;1#2;80;
0418;145398927;1;0;33;1#2;80;
0418;145398928;1;0;273;1#2;80;
0418;145398929;1;0;60;1#2;80;
0418;145398930;1;0;4;1#2;80;
0418;145398931;1;0;102;1#2;80;
0418;145398932;1;0;92;1#2;80;
0418;145398933;1;0;18;1#2;80;
0418;145398934;1;0;13;1#2;80;
0418;145398935;1;0;15;1#2;80;
0418;145398936;1;0;196;1#2;80;
0418;145398937;1;0;92;1#2;80;
0418;145398938;1;0;282;1#2;80;
0418;145398939;1;0;49;1#2;80;
0418;145398940;1;0;35;1#2;80;
0418;145398941;1;0;76;1#2;80;
0418;145398942;1;0;74;1#2;80;
0418;145398942;2;7;74;1#2;50;
0418;145398943;1;0;23;1#2;50;
0418;145398944;1;0;102;1#2;50;
0418;145398945;1;0;40;1#2;50;
0418;145398946;1;0;198;1#2;50;
0418;145398946;2;188;198;1#2;40;
0418;145398947;1;0;19;1#2;40;
0418;145398948;1;0;16;1#2;40;
0418;145398949;1;0;18;1#2;40;
0418;145398950;1;0;167;1#2;40;
0418;145398951;1;0;25;1#2;40;
0418;145398952;1;0;26;1#2;40;
0418;145398953;1;0;3;1#2;40;
0418;145405056;1;0;228;1#2;80;
0418;145405057;1;0;4;1#2;80;
0418;145405058;1;0;456;1#2;80;
0418;145405059;1;0;139;1#2;80;
0418;145405060;1;0;291;1#2;80;
0418;145405061;1;0;185;1#2;80;
0418;145405062;1;0;3;1#2;80;
0418;145405063;1;0;475;1#2;80;
0418;145405064;1;0;55;1#2;80;
0418;145405065;1;0;415;1#2;80;
0418;145405066;1;0;258;1#2;80;
0418;145405067;1;0;353;1#2;80;
0418;145405068;1;0;516;1#2;80;
0418;145405069;1;0;151;1#2;80;
0418;145405070;1;0;371;1#2;80;
0418;145405071;1;0;379;1#2;80;
0418;145405072;1;0;367;1#2;80;
0418;145405073;1;0;184;1#2;80;
0418;145405074;1;0;272;1#2;80;
0418;145405075;1;0;49;1#2;80;
0418;145405076;1;0;314;1#2;80;
0418;145405077;1;0;95;1#2;80;
0418;145405078;1;0;249;1#2;80;
0418;145405079;1;0;77;1#2;80;
0418;145405080;1;0;26;1#2;80;
0418;145405081;1;0;38;1#2;80;
0418;145405082;1;0;226;1#2;80;
0418;145405083;1;0;2;1#2;80;
0418;145405084;1;0;77;1#2;80;
0418;158378093;1;0;204;1#2;80;
0418;158378094;1;0;56;1#2;80;
0418;145405086;1;0;90;1#2;80;
0418;145405087;1;0;43;1#2;80;
0418;145405088;1;0;307;1#2;80;
0418;145405089;1;0;174;1#2;80;
0418;145405089;2;107;174;1#2;60;
0418;145405090;1;0;474;1#2;60;
0418;145405091;1;0;61;1#2;60;
0418;145405092;1;0;31;1#2;60;
0418;158378095;1;0;295;1#2;60;
0418;158378096;1;0;53;1#2;60;
0418;145405094;1;0;9;1#2;60;
0418;145405095;1;0;9;1#2;60;
0418;145405096;1;0;4;1#2;60;
0418;145405097;1;0;39;1#2;60;
0418;145405098;1;0;136;1#2;60;
0418;145405099;1;0;11;1#2;60;
0418;145405100;1;0;9;1#2;60;
0418;145405101;1;0;27;1#2;60;
0418;145405102;1;0;285;1#2;60;
0418;145405102;2;31;285;1#2;70;
0418;145405103;1;0;163;1#2;70;
0418;145405104;1;0;167;1#2;70;
0418;145405105;1;0;201;1#2;70;
0418;145405106;1;0;80;1#2;70;
0418;145405107;1;0;83;1#2;70;
0418;145405108;1;0;118;1#2;70;
0418;145405109;1;0;103;1#2;70;
0418;145405110;1;0;161;1#2;70;
0418;145405111;1;0;154;1#2;70;
0418;145406644;1;0;276;1#2;80;
0418;145406645;1;0;2;1#2;80;
0418;145406646;1;0;103;1#2;80;
0418;145406647;1;0;156;1#2;80;
0418;145406647;2;152;156;1#2;60;
0418;145406648;1;0;144;1#2;60;
0418;145406649;1;0;11;1#2;60;
0418;145406650;1;0;89;1#2;60;
0418;145406651;1;0;60;1#2;60;
0418;145406652;1;0;171;1#2;60;
0418;145406653;1;0;230;1#2;60;
0418;145406654;1;0;159;1#2;60;
0418;145406655;1;0;6;1#2;60;
0418;145406656;1;0;528;1#2;60;
0418;145406656;2;170;528;1#2;70;
0418;145406657;1;0;58;1#2;70;
0418;145406658;1;0;128;1#2;70;
0418;145406659;1;0;197;1#2;70;
0418;145406660;1;0;88;1#2;70;
0418;145406661;1;0;350;1#2;70;
0418;145406661;2;235;350;1#2;40;
0418;145406662;1;0;154;1#2;40;
0418;145406663;1;0;6;1#2;40;
0418;145406664;1;0;138;1#2;40;
0418;145406665;1;0;109;1#2;40;
0418;145406665;2;44;109;1#2;60;
0418;145406666;1;0;374;1#2;60;
0418;145406667;1;0;3;1#2;60;
0418;145406668;1;0;62;1#2;60;
0418;145406669;1;0;26;1#2;60;
0418;145406670;1;0;145;1#2;60;
0418;145406671;1;0;84;1#2;60;
0418;145406671;2;75;84;1#2;80;
0418;145406672;1;0;16;1#2;80;
0418;145406673;1;0;218;1#2;80;
0418;145406674;1;0;245;1#2;80;
0418;145406675;1;0;266;1#2;80;
0418;145406676;1;0;165;1#2;80;
0418;145406677;1;0;343;1#2;80;
0418;145406678;1;0;38;1#2;80;
0418;145406679;1;0;58;1#2;80;
0418;145406680;1;0;122;1#2;80;
0418;145406681;1;0;52;1#2;80;
0418;145406682;1;0;103;1#2;80;
0418;145406683;1;0;208;1#2;80;
0418;145406684;1;0;102;1#2;80;
0418;166198882;1;0;6;1#2;80;
0418;166198883;1;0;34;1#2;80;
0418;145406686;1;0;46;1#2;80;
0418;145406687;1;0;225;1#2;80;
0418;145406688;1;0;10;1#2;80;
0418;145406689;1;0;226;1#2;80;
0418;145406690;1;0;6;1#2;80;
0418;145406691;1;0;282;1#2;80;
0418;145406692;1;0;53;1#2;80;
0418;145406693;1;0;198;1#2;80;
0418;145406694;1;0;6;1#2;80;
0418;145406695;1;0;29;1#2;80;
0418;145406696;1;0;157;1#2;80;
0418;145406697;1;0;213;1#2;80;
0418;145406698;1;0;999;1#2;80;
0418;145406699;1;0;126;1#2;80;
0418;145406700;1;0;92;1#2;80;
0418;166198884;1;0;160;1#2;80;
0418;166198885;1;0;5;1#2;80;
0418;145406702;1;0;530;1#2;80;
0418;145406702;2;382;530;1#2;60;
0418;145406703;1;0;97;1#2;60;
0418;145406704;1;0;156;1#2;60;
0418;145406705;1;0;31;1#2;60;
0418;145406706;1;0;390;1#2;60;
0418;145406706;2;168;390;1#2;80;
0418;145409020;1;0;626;1#2;80;
0418;145409021;1;0;84;1#2;80;
0418;237342299;1;0;217;1#2;80;
0418;237342300;1;0;17;1#2;80;
0418;145411628;1;0;32;1;80;
0418;145411629;1;0;4;1;80;
0418;145411650;1;0;40;1;60;
0418;145411651;1;0;4;1;60;
0418;145412027;1;0;4;1;40;
0418;145412028;1;0;41;1;40;
0418;145412315;1;0;32;1;50;
0418;145412316;1;0;32;1;50;
0418;145412928;1;0;32;2;80;
0418;145412929;1;0;4;2;80;
0418;145412950;1;0;40;2;60;
0418;145412951;1;0;4;2;60;
0418;145413336;1;0;4;2;40;
0418;145413337;1;0;41;2;40;
0418;145413603;1;0;32;2;30;
0418;145413604;1;0;32;2;30;
0418;145414014;1;0;131;1#2;30;
0418;145414015;1;0;22;1#2;30;
0418;145414016;1;0;81;1#2;80;
0418;145414017;1;0;107;1#2;60;
0418;145414018;1;0;141;1#2;30;
0418;145414019;1;0;11;1#2;30;
0418;145414020;1;0;52;1#2;30;
0418;145414021;1;0;32;1#2;30;
0418;145414022;1;0;112;1#2;30;
0418;145414023;1;0;32;1#2;30;
0418;145414024;1;0;104;1#2;60;
0418;145414025;1;0;39;1#2;30;
0418;145414026;1;0;93;1#2;30;
0418;145414027;1;0;71;1#2;30;
0418;145414175;1;0;61;1#2;30;
0418;145414176;1;0;49;1#2;30;
0418;145414177;1;0;109;1#2;30;
0418;145414178;1;0;227;1#2;30;
0418;145414179;1;0;119;1#2;30;
0418;145414182;1;0;37;1#2;30;
0418;145414183;1;0;56;1#2;30;
0418;237342301;1;0;63;1#2;30;
0418;237342302;1;0;17;1#2;30;
0418;145414185;1;0;38;1#2;30;
0418;145414186;1;0;74;1#2;30;
0418;145414187;1;0;93;1#2;30;
0418;145414188;1;0;215;1#2;30;
0418;145414189;1;0;167;1#2;30;
0418;166198886;1;0;70;1#2;30;
0418;166198887;1;0;51;1#2;30;
0418;166198888;1;0;52;1#2;30;
0418;166198889;1;0;82;1#2;30;
0418;166198890;1;0;15;1#2;30;
0418;166198891;1;0;56;1#2;30;
0418;166198892;1;0;66;1#2;30;
0418;166198893;1;0;43;1#2;30;
0418;166198894;1;0;8;1#2;30;
0418;166198895;1;0;136;1#2;30;
0418;166198896;1;0;37;1#2;30;
0418;166198897;1;0;94;1#2;30;
0418;166198898;1;0;54;1#2;30;
0418;166198899;1;0;107;1#2;30;
0418;166198900;1;0;161;1#2;30;
0418;166198901;1;0;213;1#2;30;
0418;166198902;1;0;354;1#2;30;
0418;166198903;1;0;91;1#2;30;
0418;166198904;1;0;23;1#2;30;
0418;166198905;1;0;255;1#2;30;
0418;166198906;1;0;112;1#2;30;
0418;166198907;1;0;175;1#2;30;
0418;166198908;1;0;41;1#2;30;
0418;166198909;1;0;124;1#2;30;
0418;166198910;1;0;98;1#2;30;
0418;166198911;1;0;133;1#2;30;
0418;166198912;1;0;321;1#2;30;
0418;166198913;1;0;148;1#2;30;
0418;166198914;1;0;377;1#2;30;
0418;166198915;1;0;3;1#2;30;
0418;166198916;1;0;67;1#2;30;
0418;166198917;1;0;35;1#2;30;
0418;166198918;1;0;127;1#2;30;
0418;166198919;1;0;26;1#2;30;
0418;166198920;1;0;9;1#2;30;
0418;166198921;1;0;56;1#2;30;
0418;237342303;1;0;29;1#2;30;
0418;237342304;1;0;58;1#2;30;
0418;166198923;1;0;298;1#2;30;
0418;166198924;1;0;96;1#2;30;
0418;166198925;1;0;50;1#2;30;
0418;166198926;1;0;57;1#2;30;
0418;166198927;1;0;49;1#2;30;
0418;166198928;1;0;64;1#2;30;
0418;166198929;1;0;123;1#2;30;
0418;237342305;1;0;78;1#2;60;
0418;237342306;1;0;118;1#2;30;
0418;237342307;1;0;147;1#2;30;
0418;237342308;1;0;1169;1#2;30;
0418;237342309;1;0;28;1#2;30;
0418;237342310;1;0;30;1#2;30;
0418;237342311;1;0;42;1#2;30;
0418;237342312;1;0;195;1#2;30;
0418;237342313;1;0;183;1#2;30;
0418;237342314;1;0;99;1#2;30;
0418;237342315;1;0;112;1#2;30;
0418;237342316;1;0;125;1#2;30;
0418;237342317;1;0;124;1#2;30;
0418;237342318;1;0;238;1#2;30;
0418;237342319;1;0;135;1#2;30;
0418;237342320;1;0;83;1#2;30;
0418;237342321;1;0;104;1#2;30;
0418;237342322;1;0;69;1#2;30;
0418;237342323;1;0;76;1#2;30;
0418;237342324;1;0;41;1#2;30;
0418;237342325;1;0;16;1#2;30;
0418;237342326;1;0;43;1#2;30;
0418;237342327;1;0;152;1#2;30;
0418;237342328;1;0;23;1#2;30;
0418;237342329;1;0;656;1#2;30;
0418;237342330;1;0;943;1#2;30;
0418;237342331;1;0;57;1#2;30;
0418;237342332;1;0;33;1#2;30;
0418;237342333;1;0;31;1#2;30;
0418;237342334;1;0;106;1#2;30;
0418;237342335;1;0;28;1#2;30;
0418;237342336;1;0;94;1#2;30;
0418;237342337;1;0;138;1#2;30;
0418;237342338;1;0;87;1#2;30;
0418;237342339;1;0;68;1#2;30;
0418;237342340;1;0;40;1#2;30;
0418;237342341;1;0;84;1#2;30;
0418;237342342;1;0;118;1#2;30;
0418;237342343;1;0;83;1#2;30;
0418;237342344;1;0;131;1#2;30;
0418;237342345;1;0;77;1#2;30;
0418;237342346;1;0;110;1#2;30;
0418;237342347;1;0;101;1#2;30;
0418;237342348;1;0;68;1#2;30;
0418;237342349;1;0;182;1#2;30;
0418;237342350;1;0;165;1#2;30;
0418;237342351;1;0;105;1#2;30;
0418;237342352;1;0;105;1#2;30;
0418;237342353;1;0;127;1#2;30;
0418;237342354;1;0;56;1#2;30;
0418;237342355;1;0;257;1#2;30;
0418;237342356;1;0;172;1#2;30;
0418;237342357;1;0;70;1#2;30;
0418;237342358;1;0;128;1#2;30;
0418;237342359;1;0;153;1#2;30;
0418;237342360;1;0;191;1#2;30;
0418;237342361;1;0;57;1#2;30;
0418;237342362;1;0;99;1#2;30;
0418;237342363;1;0;393;1#2;30;
0418;237342364;1;0;23;1#2;30;
0418;237342365;1;0;287;1#2;30;
0418;237342366;1;0;34;1#2;30;
0418;237342367;1;0;32;1#2;30;
0418;237342368;1;0;314;1#2;30;
0418;237342369;1;0;104;1#2;30;
0418;237342370;1;0;57;1#2;30;
0418;237342371;1;0;148;1#2;30;
0418;237342372;1;0;29;1#2;30;
0418;237342373;1;0;19;1#2;30;
0418;237342374;1;0;227;1#2;30;
0418;237342375;1;0;49;1#2;30;
0418;237342376;1;0;38;1#2;30;
0418;237342377;1;0;66;1#2;30;
0418;237342378;1;0;134;1#2;30;
0418;237342379;1;0;125;1#2;30;
0418;237342380;1;0;55;1#2;30;
0418;237342381;1;0;58;1#2;30;
0418;237342382;1;0;39;1#2;30;
0418;237342383;1;0;45;1#2;30;
0418;237342384;1;0;38;1#2;30;
0418;237342385;1;0;73;1#2;30;
0418;237342386;1;0;235;1#2;30;
0418;237342387;1;0;117;1#2;30;
0418;237342388;1;0;36;1#2;30;
0418;237342389;1;0;127;1#2;30;
0418;237342390;1;0;64;1#2;30;
0418;237342391;1;0;44;1#2;30;
0418;237342392;1;0;68;1#2;30;
0418;237342393;1;0;74;1#2;30;
0418;237342394;1;0;29;1#2;30;
0418;237342395;1;0;155;1#2;30;
0418;237342396;1;0;202;1#2;30;
0418;237342397;1;0;380;1#2;30;
0418;237342398;1;0;67;1#2;30;
0418;237342399;1;0;133;1#2;30;
0418;237342400;1;0;94;1#2;30;
0418;237342401;1;0;55;1#2;30;
0418;237342402;1;0;58;1#2;30;
0418;237342403;1;0;101;1#2;30;
0418;237342404;1;0;73;1#2;30;
0418;237342405;1;0;36;1#2;30;
0418;237342406;1;0;18;1#2;30;
0418;237342407;1;0;96;1#2;30;
0418;237342408;1;0;101;1#2;30;
0418;237342409;1;0;387;1#2;30;
0418;237342410;1;0;14;1#2;30;
0418;237342411;1;0;73;1#2;30;
0418;237342412;1;0;107;1#2;30;
0418;237342413;1;0;152;1#2;30;
0418;237342414;1;0;71;1#2;30;
0418;237342415;1;0;165;1#2;30;
0418;237342416;1;0;71;1#2;30;
0418;237342417;1;0;141;1#2;30;
0418;237342418;1;0;112;1#2;30;
0418;237342419;1;0;63;1#2;30;
0418;237342420;1;0;117;1#2;30;
0418;237342421;1;0;173;1#2;30;
0418;237342422;1;0;140;1#2;30;
0418;237342423;1;0;93;1#2;30;
0418;237342424;1;0;66;1#2;30;
0418;237342425;1;0;153;1#2;30;
0418;237342426;1;0;10;1#2;30;
0418;237342427;1;0;25;1#2;30;
0418;237342428;1;0;108;1#2;30;
0418;237342429;1;0;46;1#2;30;
