*0513*2011 VEGNETT*20110511*FART*20110511*VDB SVNT*AHT
..Eksport-dato 20110511
50;

Komm; TransID;kode;Fra;   Til;felt; Fart;
0513;145422624;1;0;166;1#2;30;
0513;145422625;1;0;307;1#2;30;
0513;145422626;1;0;103;1#2;30;
0513;231037329;1;0;103;1#2;30;
0513;231037330;1;0;102;1#2;30;
0513;145422628;1;0;141;1#2;30;
0513;145422629;1;0;84;1#2;30;
0513;145422630;1;0;180;1#2;30;
0513;145422631;1;0;220;1#2;30;
0513;145422632;1;0;236;1#2;30;
0513;145422633;1;0;103;1#2;30;
0513;145422634;1;0;93;1#2;30;
0513;231037331;1;0;113;1#2;30;
0513;231037332;1;0;53;1#2;30;
0513;145422636;1;0;53;1#2;30;
0513;145422637;1;0;110;1#2;30;
0513;145422638;1;0;60;1#2;30;
0513;231037333;1;0;13;1#2;30;
0513;231037334;1;0;48;1#2;30;
0513;145422640;1;0;255;1#2;30;
0513;231037335;1;0;71;1#2;30;
0513;145422644;1;0;305;1#2;30;
0513;145422646;1;0;17;1#2;80;
0513;145422647;1;0;24;1#2;80;
0513;145422648;1;0;24;1#2;80;
0513;145422649;1;0;24;1#2;80;
0513;145422650;1;0;153;1#2;80;
0513;145422655;1;0;15;1#2;30;
0513;145422656;1;0;177;1#2;30;
0513;230795308;1;0;5;1#2;30;
0513;230795309;1;0;9;1#2;30;
0513;230795310;1;0;85;1#2;30;
0513;230795311;1;0;22;1#2;30;
0513;145422659;1;0;94;1#2;30;
0513;145422660;1;0;158;1#2;30;
0513;145422661;1;0;114;1#2;30;
0513;230795312;1;0;65;1#2;30;
0513;230795313;1;0;50;1#2;30;
0513;230795314;1;0;53;1#2;30;
0513;230795315;1;0;92;1#2;30;
0513;230795316;1;0;95;1#2;30;
0513;230795317;1;0;73;1#2;30;
0513;230795318;1;0;120;1#2;30;
0513;230795319;1;0;67;1#2;30;
0513;145422667;1;0;70;1#2;30;
0513;145422668;1;0;56;1#2;30;
0513;166864322;1;0;9;1#2;30;
0513;230795320;1;0;67;1#2;30;
0513;230795321;1;0;70;1#2;30;
0513;145422673;1;0;129;1#2;30;
0513;230795322;1;0;155;1#2;30;
0513;230795323;1;0;160;1#2;30;
0513;230795324;1;0;3;1#2;30;
0513;230795325;1;0;3;1#2;30;
0513;230795326;1;0;41;1#2;30;
0513;145422676;1;0;116;1#2;30;
0513;230795327;1;0;16;1#2;30;
0513;230795328;1;0;37;1#2;30;
0513;230795329;1;0;31;1#2;30;
0513;145422678;1;0;35;1#2;30;
0513;230795330;1;0;73;1#2;30;
0513;230795331;1;0;28;1#2;30;
0513;230795332;1;0;18;1#2;30;
0513;230795333;1;0;7;1#2;30;
0513;230795334;1;0;9;1#2;30;
0513;230795335;1;0;29;1#2;30;
0513;230795336;1;0;41;1#2;30;
0513;230795337;1;0;4;1#2;30;
0513;145422687;1;0;93;1#2;30;
0513;145422688;1;0;163;1#2;30;
0513;145422689;1;0;77;1#2;30;
0513;145422690;1;0;39;1#2;30;
0513;145422693;1;0;52;1#2;30;
0513;145422694;1;0;75;1#2;30;
0513;145422695;1;0;60;1#2;30;
0513;145422696;1;0;69;1#2;30;
0513;145422697;1;0;58;1#2;30;
0513;145422698;1;0;53;1#2;30;
0513;145422699;1;0;158;1#2;30;
0513;145422700;1;0;128;1#2;30;
0513;145422701;1;0;62;1#2;30;
0513;145422702;1;0;84;1#2;30;
0513;145422703;1;0;28;1#2;30;
0513;145422712;1;0;110;1#2;30;
0513;230795338;1;0;53;1#2;30;
0513;230795339;1;0;19;1#2;30;
0513;145422714;1;0;76;1#2;30;
0513;145422715;1;0;106;1#2;30;
0513;145422716;1;0;69;1#2;30;
0513;166864324;1;0;6;1#2;30;
0513;145422719;1;0;38;1#2;30;
0513;230795340;1;0;108;1#2;30;
0513;230795341;1;0;52;1#2;30;
0513;145422721;1;0;61;1#2;30;
0513;145422722;1;0;13;1#2;30;
0513;145422723;1;0;72;1#2;30;
0513;145422724;1;0;91;1#2;30;
0513;145422725;1;0;48;1#2;30;
0513;230795342;1;0;32;1#2;30;
0513;230795343;1;0;25;1#2;30;
0513;230795344;1;0;37;1#2;30;
0513;145422730;1;0;5;1#2;30;
0513;230795345;1;0;75;1#2;30;
0513;230795346;1;0;61;1#2;30;
0513;230795347;1;0;85;1#2;30;
0513;145422734;1;0;12;1#2;80;
0513;145422735;1;0;30;1#2;60;
0513;145422736;1;0;46;1#2;60;
0513;145422737;1;0;56;1#2;60;
0513;145422738;1;0;42;1#2;60;
0513;145422739;1;0;396;1#2;80;
0513;230288182;1;0;191;1#2;80;
0513;230288183;1;0;38;1#2;80;
0513;230288184;1;0;6;1#2;80;
0513;230288185;1;0;87;1#2;80;
0513;145422742;1;0;817;1#2;80;
0513;145422743;1;0;145;1#2;80;
0513;145422744;1;0;264;1#2;80;
0513;145422745;1;0;524;1#2;30;
0513;145422746;1;0;463;1#2;30;
0513;145422747;1;0;227;1#2;30;
0513;145422754;1;0;218;1#2;80;
0513;145422755;1;0;173;1#2;80;
0513;145422756;1;0;234;1#2;80;
0513;145422757;1;0;5;1#2;80;
0513;145422758;1;0;39;1#2;80;
0513;145422759;1;0;5;1#2;80;
0513;145422760;1;0;65;1#2;80;
0513;145422761;1;0;52;1#2;80;
0513;145422762;1;0;41;1#2;80;
0513;145422763;1;0;263;1#2;80;
0513;145422764;1;0;273;1#2;80;
0513;145422765;1;0;414;1#2;80;
0513;145422766;1;0;12;1#2;80;
0513;145422767;1;0;542;1#2;80;
0513;145422768;1;0;27;1#2;80;
0513;145422769;1;0;31;1#2;80;
0513;145422770;1;0;1141;1#2;80;
0513;145422771;1;0;151;1#2;80;
0513;145422772;1;0;2173;1#2;80;
0513;145422773;1;0;591;1#2;80;
0513;145422774;1;0;599;1#2;80;
0513;145422775;1;0;25;1#2;80;
0513;230288186;1;0;5;1#2;80;
0513;230288187;1;0;3298;1#2;80;
0513;230288188;1;0;1178;1#2;80;
0513;230288189;1;0;59;1#2;80;
0513;230288190;1;0;113;1#2;80;
0513;145422777;1;0;1306;1#2;80;
0513;230288191;1;0;4;1#2;80;
0513;230288192;1;0;366;1#2;80;
0513;230288193;1;0;89;1#2;80;
0513;230288194;1;0;209;1#2;80;
0513;230288195;1;0;212;1#2;80;
0513;230288196;1;0;313;1#2;80;
0513;230288197;1;0;209;1#2;80;
0513;230288198;1;0;389;1#2;80;
0513;230288199;1;0;162;1#2;80;
0513;230288200;1;0;996;1#2;80;
0513;166864326;1;0;9;1#2;30;
0513;166864327;1;0;17;1#2;30;
0513;145422789;1;0;257;1#2;30;
0513;145441001;1;0;42;1#2;30;
0513;145441002;1;0;9;1#2;30;
0513;145441003;1;0;12;1#2;30;
0513;145441015;1;0;49;1#2;30;
0513;145441016;1;0;46;1#2;30;
0513;145441018;1;0;49;1#2;30;
0513;145441020;1;0;33;1#2;30;
0513;145441021;1;0;50;1#2;30;
0513;145441023;1;0;49;1#2;30;
0513;145441032;1;0;222;1#2;30;
0513;145441052;1;0;3;1#2;30;
0513;145441058;1;0;9;1#2;30;
0513;145441059;1;0;359;1#2;30;
0513;145441062;1;0;296;1#2;30;
0513;145441064;1;0;11;1#2;30;
0513;145441068;1;0;8;1#2;30;
0513;230795348;1;0;8;1#2;30;
0513;230795349;1;0;4;1#2;30;
0513;145441070;1;0;7;1#2;30;
0513;145441072;1;0;7;1#2;30;
0513;145441074;1;0;8;1#2;30;
0513;145441075;1;0;6;1#2;30;
0513;145441078;1;0;719;1#2;30;
0513;145441079;1;0;46;1#2;30;
0513;145441080;1;0;198;1#2;30;
0513;145441081;1;0;657;1#2;30;
0513;145441084;1;0;502;1#2;30;
0513;145441085;1;0;2821;1#2;30;
0513;145441086;1;0;34;1#2;30;
0513;145441087;1;0;858;1#2;30;
0513;145441088;1;0;53;1#2;30;
0513;145441089;1;0;391;1#2;30;
0513;231037336;1;0;9;1#2;30;
0513;231037337;1;0;51;1#2;30;
0513;145441092;1;0;29;1#2;30;
0513;145441093;1;0;62;1#2;30;
0513;145441097;1;0;1620;1#2;30;
0513;230795350;1;0;18;1#2;30;
0513;230795351;1;0;293;1#2;30;
0513;145441103;1;0;155;1#2;30;
0513;229684093;1;0;460;1#2;30;
0513;229684094;1;0;182;1#2;30;
0513;145441107;1;0;79;1#2;30;
0513;145441108;1;0;376;1#2;30;
0513;145441109;1;0;14;1#2;30;
0513;145441110;1;0;269;1#2;30;
0513;145441111;1;0;127;1#2;30;
0513;145441113;1;0;55;1#2;30;
0513;145441115;1;0;718;1#2;30;
0513;229684095;1;0;147;1#2;30;
0513;229684096;1;0;55;1#2;30;
0513;145441117;1;0;1567;1#2;30;
0513;145441118;1;0;286;1#2;30;
0513;145441119;1;0;3691;1#2;30;
0513;145441120;1;0;3265;1#2;30;
0513;229684097;1;0;789;1#2;30;
0513;145441122;1;0;1007;1#2;30;
0513;145441123;1;0;514;1#2;30;
0513;145441124;1;0;237;1#2;30;
0513;229684098;1;0;443;1#2;30;
0513;145441126;1;0;75;1#2;30;
0513;145441128;1;0;79;1#2;30;
0513;145441130;1;0;38;1#2;30;
0513;145441132;1;0;127;1#2;30;
0513;145441133;1;0;43;1#2;30;
0513;145441138;1;0;14;1#2;30;
0513;145441139;1;0;104;1#2;30;
0513;145441140;1;0;38;1#2;30;
0513;145441141;1;0;210;1#2;30;
0513;145441142;1;0;21;1#2;30;
0513;145441143;1;0;70;1#2;30;
0513;145441144;1;0;283;1#2;30;
0513;145441145;1;0;22;1#2;30;
0513;145441146;1;0;199;1#2;30;
0513;145441154;1;0;77;1#2;30;
0513;145441155;1;0;135;1#2;30;
0513;145441156;1;0;47;1#2;30;
0513;145441157;1;0;38;1#2;30;
0513;145441158;1;0;95;1#2;30;
0513;145441159;1;0;26;1#2;30;
0513;145441160;1;0;665;1#2;30;
0513;145441161;1;0;338;1#2;30;
0513;145441162;1;0;673;1#2;30;
0513;145441163;1;0;135;1#2;30;
0513;145441164;1;0;14;1#2;30;
0513;145441165;1;0;53;1#2;30;
0513;145441166;1;0;116;1#2;30;
0513;145441167;1;0;283;1#2;30;
0513;145441168;1;0;11;1#2;30;
0513;145441169;1;0;87;1#2;30;
0513;145441170;1;0;20;1#2;30;
0513;145441171;1;0;43;1#2;30;
0513;145441172;1;0;76;1#2;30;
0513;145441173;1;0;30;1#2;30;
0513;145441174;1;0;14;1#2;30;
0513;145441175;1;0;14;1#2;30;
0513;145441176;1;0;55;1#2;30;
0513;145441177;1;0;208;1#2;30;
0513;145441178;1;0;86;1#2;30;
0513;145441179;1;0;14;1#2;30;
0513;145441180;1;0;185;1#2;30;
0513;145441181;1;0;276;1#2;30;
0513;145441182;1;0;325;1#2;30;
0513;145441199;1;0;58;1#2;30;
0513;145441200;1;0;42;1#2;30;
0513;145441201;1;0;50;1#2;30;
0513;145441204;1;0;154;1#2;30;
0513;145441205;1;0;25;1#2;30;
0513;145441206;1;0;498;1#2;30;
0513;145441207;1;0;130;1#2;30;
0513;145441208;1;0;29;1#2;30;
0513;145441209;1;0;25;1#2;30;
0513;145441210;1;0;97;1#2;30;
0513;145441211;1;0;71;1#2;30;
0513;145441212;1;0;335;1#2;30;
0513;145441213;1;0;432;1#2;30;
0513;145441214;1;0;107;1#2;30;
0513;145441215;1;0;227;1#2;30;
0513;145441216;1;0;117;1#2;30;
0513;145441217;1;0;88;1#2;30;
0513;145441218;1;0;211;1#2;30;
0513;145441219;1;0;169;1#2;30;
0513;145441220;1;0;206;1#2;30;
0513;145441221;1;0;92;1#2;30;
0513;145441222;1;0;61;1#2;30;
0513;145441223;1;0;78;1#2;30;
0513;145441224;1;0;16;1#2;30;
0513;145441225;1;0;83;1#2;30;
0513;145441226;1;0;798;1#2;30;
0513;145441227;1;0;160;1#2;30;
0513;145441228;1;0;40;1#2;30;
0513;145441229;1;0;202;1#2;30;
0513;145441230;1;0;85;1#2;30;
0513;145441231;1;0;84;1#2;30;
0513;145441232;1;0;308;1#2;30;
0513;145441233;1;0;268;1#2;30;
0513;229684099;1;0;58;1#2;30;
0513;145441235;1;0;121;1#2;30;
0513;145441236;1;0;239;1#2;30;
0513;145441237;1;0;264;1#2;30;
0513;145441238;1;0;159;1#2;30;
0513;145441239;1;0;174;1#2;30;
0513;145441240;1;0;144;1#2;30;
0513;145441241;1;0;115;1#2;30;
0513;145441242;1;0;123;1#2;30;
0513;145441243;1;0;250;1#2;30;
0513;145441245;1;0;28;1#2;30;
0513;145441246;1;0;31;1#2;30;
0513;145441248;1;0;80;1#2;30;
0513;145441251;1;0;221;1#2;30;
0513;145441252;1;0;177;1#2;30;
0513;145441253;1;0;79;1#2;30;
0513;145441255;1;0;333;1#2;30;
0513;145441256;1;0;155;1#2;30;
0513;145441257;1;0;10;1#2;30;
0513;230288201;1;0;695;1#2;30;
0513;145441264;1;0;494;1#2;30;
0513;166864328;1;0;193;1#2;30;
0513;145441270;1;0;136;1#2;30;
0513;145441277;1;0;949;1#2;30;
0513;145441278;1;0;684;1#2;30;
0513;145441281;1;0;684;1#2;30;
0513;145441282;1;0;3267;1#2;30;
0513;145441286;1;0;443;1#2;30;
0513;145441287;1;0;342;1#2;30;
0513;145441289;1;0;102;1#2;30;
0513;145441294;1;0;19;1#2;30;
0513;145441295;1;0;19;1#2;30;
0513;145441296;1;0;37;1#2;30;
0513;145441298;1;0;95;1#2;30;
0513;145441299;1;0;318;1#2;30;
0513;145441300;1;0;182;1#2;30;
0513;145441301;1;0;418;1#2;30;
0513;230288202;1;0;32;1#2;30;
0513;230288203;1;0;4;1#2;30;
0513;145441307;1;0;53;1#2;30;
0513;145441308;1;0;97;1#2;30;
0513;230795352;1;0;27;1#2;30;
0513;145441313;1;0;95;1#2;30;
0513;145441317;1;0;77;1#2;30;
0513;145441318;1;0;161;1#2;30;
0513;145441321;1;0;50;1#2;30;
0513;166864329;1;0;140;1#2;30;
0513;145441327;1;0;53;1#2;30;
0513;145441329;1;0;136;1#2;30;
0513;145441331;1;0;57;1#2;30;
0513;145441335;1;0;43;1#2;30;
0513;145441336;1;0;88;1#2;30;
0513;145441337;1;0;102;1#2;30;
0513;145441338;1;0;32;1#2;30;
0513;145441340;1;0;13;1#2;30;
0513;145441343;1;0;57;1#2;30;
0513;145441345;1;0;88;1#2;30;
0513;145441346;1;0;239;1#2;30;
0513;145441347;1;0;50;1#2;30;
0513;145441348;1;0;31;1#2;30;
0513;145441349;1;0;79;1#2;30;
0513;145441350;1;0;86;1#2;30;
0513;145441351;1;0;375;1#2;30;
0513;145441353;1;0;62;1#2;30;
0513;145441356;1;0;219;1#2;30;
0513;145441360;1;0;177;1#2;30;
0513;145441361;1;0;48;1#2;30;
0513;145441362;1;0;43;1#2;30;
0513;145441364;1;0;92;1#2;30;
0513;145441367;1;0;48;1#2;30;
0513;145441369;1;0;89;1#2;30;
0513;145441370;1;0;181;1#2;30;
0513;145441372;1;0;40;1#2;30;
0513;145441373;1;0;102;1#2;30;
0513;145441374;1;0;73;1#2;30;
0513;145441375;1;0;90;1#2;30;
0513;145441376;1;0;237;1#2;30;
0513;145441377;1;0;144;1#2;30;
0513;145441380;1;0;37;1#2;30;
0513;145441383;1;0;88;1#2;30;
0513;231037338;1;0;113;1#2;30;
0513;231037339;1;0;72;1#2;30;
0513;145441385;1;0;208;1#2;30;
0513;145441386;1;0;61;1#2;30;
0513;145441391;1;0;85;1#2;30;
0513;145441394;1;0;78;1#2;30;
0513;145441396;1;0;226;1#2;30;
0513;145441400;1;0;66;1#2;30;
0513;145441401;1;0;69;1#2;30;
0513;145441402;1;0;384;1#2;30;
0513;145441403;1;0;81;1#2;30;
0513;145441404;1;0;113;1#2;30;
0513;145441405;1;0;121;1#2;30;
0513;230795353;1;0;10;1#2;30;
0513;230795354;1;0;278;1#2;30;
0513;230795355;1;0;119;1#2;30;
0513;145441408;1;0;272;1#2;30;
0513;145441409;1;0;84;1#2;30;
0513;145441410;1;0;46;1#2;30;
0513;145441413;1;0;71;1#2;30;
0513;145441415;1;0;10;1#2;30;
0513;145441416;1;0;65;1#2;30;
0513;145441417;1;0;68;1#2;30;
0513;145441420;1;0;30;1#2;30;
0513;145441421;1;0;213;1#2;30;
0513;145441422;1;0;40;1#2;30;
0513;145441424;1;0;24;1#2;30;
0513;145441425;1;0;157;1#2;30;
0513;145441426;1;0;23;1#2;30;
0513;145441427;1;0;125;1#2;30;
0513;230795356;1;0;7;1#2;30;
0513;230795357;1;0;12;1#2;30;
0513;145441429;1;0;130;1#2;30;
0513;145441436;1;0;128;1#2;30;
0513;145441437;1;0;37;1#2;30;
0513;145441439;1;0;20;1#2;30;
0513;145441447;1;0;105;1#2;30;
0513;145441449;1;0;349;1#2;30;
0513;145441452;1;0;105;1#2;30;
0513;145441453;1;0;54;1#2;30;
0513;145441455;1;0;165;1#2;30;
0513;145441456;1;0;235;1#2;30;
0513;145441457;1;0;106;1#2;30;
0513;145441458;1;0;313;1#2;30;
0513;145441459;1;0;179;1#2;30;
0513;145441461;1;0;53;1#2;30;
0513;145441465;1;0;89;1#2;30;
0513;145441469;1;0;221;1#2;30;
0513;145441477;1;0;74;1#2;30;
0513;145441478;1;0;78;1#2;30;
0513;145441479;1;0;115;1#2;30;
0513;145441480;1;0;209;1#2;30;
0513;145441481;1;0;159;1#2;30;
0513;145441484;1;0;49;1#2;30;
0513;230795358;1;0;62;1#2;30;
0513;230795359;1;0;202;1#2;30;
0513;145441494;1;0;448;1#2;30;
0513;230795360;1;0;89;1#2;30;
0513;230795361;1;0;21;1#2;30;
0513;145441499;1;0;245;1#2;30;
0513;145441500;1;0;71;1#2;30;
0513;145441501;1;0;48;1#2;30;
0513;145441502;1;0;102;1#2;30;
0513;145441503;1;0;70;1#2;30;
0513;145441504;1;0;133;1#2;30;
0513;145441506;1;0;55;1#2;30;
0513;230795362;1;0;28;1#2;30;
0513;230795363;1;0;203;1#2;30;
0513;145441509;1;0;40;1#2;30;
0513;145441510;1;0;77;1#2;30;
0513;230795364;1;0;19;1#2;30;
0513;230795365;1;0;27;1#2;30;
0513;145441515;1;0;26;1#2;30;
0513;145441517;1;0;87;1#2;30;
0513;166864333;1;0;42;1#2;30;
0513;166864334;1;0;53;1#2;30;
0513;166864335;1;0;8;1#2;30;
0513;166864337;1;0;8;1#2;30;
0513;166864338;1;0;107;1#2;30;
0513;166864339;1;0;8;1#2;30;
0513;145441528;1;0;43;1#2;30;
0513;145441529;1;0;18;1#2;30;
0513;145441532;1;0;188;1#2;30;
0513;145441533;1;0;328;1#2;30;
0513;145441537;1;0;87;1#2;30;
0513;145441538;1;0;65;1#2;30;
0513;145441541;1;0;51;1#2;30;
0513;145441544;1;0;77;1#2;30;
0513;145441546;1;0;221;1#2;30;
0513;145441547;1;0;21;1#2;30;
0513;145441548;1;0;66;1#2;30;
0513;145441550;1;0;77;1#2;30;
0513;145441551;1;0;573;1#2;30;
0513;145441552;1;0;169;1#2;30;
0513;145441553;1;0;45;1#2;30;
0513;145441554;1;0;34;1#2;30;
0513;145441555;1;0;60;1#2;30;
0513;145441556;1;0;22;1#2;30;
0513;145441557;1;0;13;1#2;30;
0513;145441558;1;0;55;1#2;30;
0513;230795366;1;0;82;1#2;30;
0513;230795367;1;0;44;1#2;30;
0513;145441560;1;0;78;1#2;30;
0513;145441564;1;0;41;1#2;30;
0513;145441565;1;0;190;1#2;30;
0513;145441567;1;0;60;1#2;30;
0513;145441571;1;0;53;1#2;30;
0513;145441572;1;0;46;1#2;30;
0513;145441574;1;0;85;1#2;30;
0513;145441575;1;0;60;1#2;30;
0513;145441576;1;0;46;1#2;30;
0513;145441577;1;0;52;1#2;30;
0513;145441578;1;0;60;1#2;30;
0513;145441579;1;0;53;1#2;30;
0513;145441580;1;0;609;1#2;30;
0513;145441581;1;0;210;1#2;30;
0513;145441582;1;0;370;1#2;30;
0513;145441584;1;0;336;1#2;30;
0513;145441585;1;0;220;1#2;30;
0513;145441586;1;0;71;1#2;30;
0513;145441587;1;0;142;1#2;30;
0513;145441588;1;0;102;1#2;30;
0513;145441591;1;0;259;1#2;30;
0513;145441592;1;0;41;1#2;30;
0513;145441593;1;0;263;1#2;30;
0513;145441594;1;0;113;1#2;30;
0513;145441597;1;0;43;1#2;30;
0513;145441598;1;0;152;1#2;30;
0513;145441599;1;0;259;1#2;30;
0513;145441600;1;0;78;1#2;30;
0513;145441602;1;0;155;1#2;30;
0513;145441603;1;0;49;1#2;30;
0513;230795368;1;0;372;1#2;30;
0513;145441606;1;0;92;1#2;30;
0513;145441607;1;0;334;1#2;30;
0513;230795369;1;0;55;1#2;30;
0513;230795370;1;0;368;1#2;30;
0513;145441609;1;0;301;1#2;30;
0513;145441612;1;0;90;1#2;30;
0513;145441613;1;0;234;1#2;30;
0513;145441614;1;0;132;1#2;30;
0513;145441615;1;0;204;1#2;30;
0513;145441616;1;0;505;1#2;30;
0513;145441618;1;0;360;1#2;30;
0513;145441619;1;0;76;1#2;30;
0513;145441620;1;0;171;1#2;30;
0513;145441621;1;0;168;1#2;30;
0513;145441623;1;0;99;1#2;30;
0513;166864341;1;0;12;1#2;30;
0513;230795371;1;0;8;1#2;30;
0513;230795372;1;0;335;1#2;30;
0513;145441625;1;0;37;1#2;30;
0513;230795373;1;0;333;1#2;30;
0513;145441628;1;0;60;1#2;30;
0513;145441629;1;0;54;1#2;30;
0513;145441630;1;0;275;1#2;30;
0513;145441631;1;0;245;1#2;30;
0513;145441632;1;0;121;1#2;30;
0513;145441633;1;0;116;1#2;30;
0513;145441638;1;0;321;1#2;30;
0513;145441642;1;0;156;1#2;30;
0513;145441643;1;0;106;1#2;30;
0513;145441644;1;0;120;1#2;30;
0513;145441646;1;0;37;1#2;30;
0513;145441647;1;0;42;1#2;30;
0513;145441648;1;0;29;1#2;30;
0513;145441649;1;0;122;1#2;30;
0513;145441650;1;0;44;1#2;30;
0513;145441655;1;0;95;1#2;30;
0513;145441657;1;0;76;1#2;30;
0513;145441658;1;0;74;1#2;30;
0513;145441659;1;0;462;1#2;30;
0513;145441663;1;0;95;1#2;30;
0513;145441664;1;0;24;1#2;30;
0513;145441665;1;0;391;1#2;30;
0513;145441666;1;0;177;1#2;30;
0513;145441667;1;0;375;1#2;30;
0513;145441669;1;0;188;1#2;30;
0513;145441671;1;0;31;1#2;30;
0513;145441674;1;0;57;1#2;30;
0513;145441675;1;0;61;1#2;30;
0513;145441676;1;0;89;1#2;30;
0513;145441677;1;0;38;1#2;30;
0513;145441679;1;0;454;1#2;30;
0513;145441680;1;0;48;1#2;30;
0513;145441681;1;0;368;1#2;30;
0513;145441688;1;0;136;1#2;30;
0513;145441691;1;0;54;1#2;30;
0513;145441694;1;0;149;1#2;30;
0513;145441695;1;0;325;1#2;30;
0513;145441696;1;0;325;1#2;30;
0513;145441697;1;0;101;1#2;30;
0513;145441698;1;0;73;1#2;30;
0513;145441699;1;0;62;1#2;30;
0513;145441700;1;0;59;1#2;30;
0513;145441701;1;0;284;1#2;30;
0513;145441702;1;0;158;1#2;30;
0513;145441703;1;0;100;1#2;30;
0513;230795374;1;0;13;1#2;30;
0513;145441707;1;0;86;1#2;30;
0513;230795375;1;0;838;1#2;30;
0513;230795376;1;0;742;1#2;30;
0513;230795377;1;0;1057;1#2;30;
0513;230795378;1;0;2904;1#2;30;
0513;230795379;1;0;397;1#2;30;
0513;145441715;1;0;261;1#2;30;
0513;145441716;1;0;130;1#2;30;
0513;230795380;1;0;402;1#2;30;
0513;145441732;1;0;87;1#2;30;
0513;145441743;1;0;278;1#2;30;
0513;231037340;1;0;358;1#2;30;
0513;145441746;1;0;91;1#2;30;
0513;145441747;1;0;200;1#2;30;
0513;145441748;1;0;71;1#2;30;
0513;145441749;1;0;414;1#2;30;
0513;145441753;1;0;640;1#2;30;
0513;145441754;1;0;134;1#2;30;
0513;145441755;1;0;43;1#2;30;
0513;145441757;1;0;135;1#2;30;
0513;145441758;1;0;67;1#2;30;
0513;145441760;1;0;67;1#2;30;
0513;145441761;1;0;43;1#2;30;
0513;145441763;1;0;550;1#2;30;
0513;230288204;1;0;60;1#2;30;
0513;230288205;1;0;28;1#2;30;
0513;145441766;1;0;35;1#2;30;
0513;145441767;1;0;196;1#2;30;
0513;145441769;1;0;268;1#2;30;
0513;145441770;1;0;344;1#2;30;
0513;145441771;1;0;35;1#2;30;
0513;145441772;1;0;44;1#2;30;
0513;145441774;1;0;52;1#2;30;
0513;145441775;1;0;43;1#2;30;
0513;145441776;1;0;124;1#2;30;
0513;230288206;1;0;204;1#2;30;
0513;230288207;1;0;53;1#2;30;
0513;145441779;1;0;73;1#2;30;
0513;145441780;1;0;103;1#2;30;
0513;145441781;1;0;229;1#2;30;
0513;145441783;1;0;404;1#2;30;
0513;145441784;1;0;77;1#2;30;
0513;145441785;1;0;71;1#2;30;
0513;145441787;1;0;43;1#2;30;
0513;145441792;1;0;16;1#2;30;
0513;145441793;1;0;96;1#2;30;
0513;145441794;1;0;14;1#2;30;
0513;145441796;1;0;677;1#2;30;
0513;145441797;1;0;183;1#2;30;
0513;145441798;1;0;183;1#2;30;
0513;145441799;1;0;136;1#2;30;
0513;145441800;1;0;59;1#2;30;
0513;145441801;1;0;130;1#2;30;
0513;230288208;1;0;294;1#2;30;
0513;145441804;1;0;128;1#2;30;
0513;145441806;1;0;174;1#2;30;
0513;145441808;1;0;173;1#2;30;
0513;145441809;1;0;283;1#2;30;
0513;145441811;1;0;80;1#2;30;
0513;145441812;1;0;146;1#2;30;
0513;145441813;1;0;486;1#2;30;
0513;145441814;1;0;91;1#2;30;
0513;145441816;1;0;81;1#2;30;
0513;230288209;1;0;43;1#2;30;
0513;230288210;1;0;372;1#2;30;
0513;145441821;1;0;67;1#2;30;
0513;230288211;1;0;162;1#2;30;
0513;145441823;1;0;36;1#2;30;
0513;145441824;1;0;51;1#2;30;
0513;145441825;1;0;134;1#2;30;
0513;145441826;1;0;51;1#2;30;
0513;145441827;1;0;61;1#2;30;
0513;145441828;1;0;140;1#2;30;
0513;145441829;1;0;88;1#2;30;
0513;145441830;1;0;27;1#2;30;
0513;145441831;1;0;162;1#2;30;
0513;145441832;1;0;118;1#2;30;
0513;145441833;1;0;34;1#2;30;
0513;145441834;1;0;67;1#2;30;
0513;145441836;1;0;107;1#2;30;
0513;145441837;1;0;109;1#2;30;
0513;145441841;1;0;173;1#2;30;
0513;145441842;1;0;242;1#2;30;
0513;230288212;1;0;347;1#2;30;
0513;145441848;1;0;94;1#2;30;
0513;145441850;1;0;59;1#2;30;
0513;145441852;1;0;77;1#2;30;
0513;145441853;1;0;118;1#2;30;
0513;145441856;1;0;47;1#2;30;
0513;145441857;1;0;225;1#2;30;
0513;145441858;1;0;155;1#2;30;
0513;145441859;1;0;280;1#2;30;
0513;145441860;1;0;59;1#2;30;
0513;145441861;1;0;59;1#2;30;
0513;145441862;1;0;134;1#2;30;
0513;230288213;1;0;301;1#2;30;
0513;145441864;1;0;146;1#2;30;
0513;145441865;1;0;85;1#2;30;
0513;145441867;1;0;48;1#2;30;
0513;145441868;1;0;17;1#2;30;
0513;145441869;1;0;40;1#2;30;
0513;145441872;1;0;200;1#2;30;
0513;145441876;1;0;302;1#2;30;
0513;145441877;1;0;434;1#2;30;
0513;145487323;1;0;505;1#2;50;
0513;145487324;1;0;134;1#2;50;
0513;145487325;1;0;188;1#2;50;
0513;230795381;1;0;329;1#2;50;
0513;230795382;1;0;25;1#2;50;
0513;230795383;1;0;457;1#2;50;
0513;230795384;1;0;2969;1#2;50;
0513;230795385;1;0;947;1#2;50;
0513;230795386;1;0;928;1#2;50;
0513;230795387;1;0;1949;1#2;50;
0513;145487333;1;0;404;1#2;50;
0513;145487334;1;0;13;1#2;50;
0513;145487337;1;0;1538;1#2;50;
0513;230795388;1;0;478;1#2;50;
0513;230795389;1;0;1119;1#2;50;
0513;145487339;1;0;6;1#2;50;
0513;145487340;1;0;2822;1#2;50;
0513;230795390;1;0;492;1#2;50;
0513;230288214;1;0;75;1#2;50;
0513;230288215;1;0;195;1#2;50;
0513;145487346;1;0;26;1#2;50;
0513;145487347;1;0;211;1#2;50;
0513;230288216;1;0;86;1#2;50;
0513;230288217;1;0;70;1#2;50;
0513;230288218;1;0;269;1#2;50;
0513;230288219;1;0;290;1#2;50;
0513;145487350;1;0;17;1#2;50;
0513;145487351;1;0;94;1#2;50;
0513;145487353;1;0;108;1#2;50;
0513;145487354;1;0;88;1#2;50;
0513;145487355;1;0;24;1#2;50;
0513;145487358;1;0;1348;1#2;50;
0513;145487365;1;0;198;1#2;50;
0513;145487366;1;0;353;1#2;50;
0513;230795391;1;0;8;1#2;50;
0513;230795392;1;0;217;1#2;50;
0513;145487368;1;0;843;1#2;50;
0513;230288220;1;0;1534;1#2;50;
0513;230288221;1;0;352;1#2;50;
0513;230288222;1;0;514;1#2;50;
0513;145487375;1;0;2063;1#2;50;
0513;230795393;1;0;304;1#2;50;
0513;145487377;1;0;1208;1#2;50;
0513;145487378;1;0;3012;1#2;50;
0513;145487379;1;0;1908;1#2;50;
0513;230288223;1;0;813;1#2;50;
0513;145487381;1;0;697;1#2;50;
0513;229684100;1;0;2153;1#2;50;
0513;230288224;1;0;510;1#2;50;
0513;230288225;1;0;553;1#2;50;
0513;230288226;1;0;594;1#2;50;
0513;230288227;1;0;824;1#2;50;
0513;230288228;1;0;896;1#2;50;
0513;145487390;1;0;239;1#2;50;
0513;145487391;1;0;1115;1#2;50;
0513;145487392;1;0;451;1#2;50;
0513;230288229;1;0;255;1#2;50;
0513;145487395;1;0;694;1#2;50;
0513;145487397;1;0;883;1#2;50;
0513;145487398;1;0;760;1#2;50;
0513;145487403;1;0;432;1#2;50;
0513;145487404;1;0;150;1#2;50;
0513;145487405;1;0;249;1#2;50;
0513;145487406;1;0;637;1#2;50;
0513;145487407;1;0;1333;1#2;50;
0513;145487408;1;0;1053;1#2;50;
0513;145487409;1;0;285;1#2;50;
0513;145487410;1;0;499;1#2;50;
0513;230288230;1;0;350;1#2;50;
0513;230288231;1;0;116;1#2;50;
0513;145487412;1;0;451;1#2;50;
0513;145487413;1;0;745;1#2;50;
0513;230288232;1;0;115;1#2;50;
0513;230288233;1;0;1268;1#2;50;
0513;145487415;1;0;479;1#2;50;
0513;145487416;1;0;2618;1#2;50;
0513;145487417;1;0;7;1#2;50;
0513;145487418;1;0;340;1#2;50;
0513;145497799;1;0;59;1#2;60;
0513;145497800;1;0;69;1#2;60;
0513;231037341;1;0;79;1#2;60;
0513;231037342;1;0;4;1#2;60;
0513;231037343;1;0;25;1#2;60;
0513;231037344;1;0;142;1#2;60;
0513;145497803;1;0;121;1#2;60;
0513;145497804;1;0;137;1#2;60;
0513;231037345;1;0;13;1#2;60;
0513;231037346;1;0;109;1#2;60;
0513;166864344;1;0;30;1#2;60;
0513;231037347;1;0;55;1#2;60;
0513;231037348;1;0;3;1#2;60;
0513;231037349;1;0;41;1#2;60;
0513;231037350;1;0;2;1#2;60;
0513;145497808;1;0;14;1#2;60;
0513;145497809;1;0;36;1#2;60;
0513;231037351;1;0;26;1#2;60;
0513;231037352;1;0;109;1#2;60;
0513;145497811;1;0;93;1#2;60;
0513;145497812;1;0;144;1#2;60;
0513;145497813;1;0;141;1#2;60;
0513;145497814;1;0;137;1#2;60;
0513;231037353;1;0;65;1#2;60;
0513;231037354;1;0;7;1#2;60;
0513;145497816;1;0;46;1#2;60;
0513;145497817;1;0;95;1#2;60;
0513;231037355;1;0;105;1#2;60;
0513;231037355;2;33;105;1#2;80;
0513;231037356;1;0;102;1#2;80;
0513;145497819;1;0;175;1#2;80;
0513;145497820;1;0;83;1#2;80;
0513;145497821;1;0;124;1#2;80;
0513;145497822;1;0;491;1#2;80;
0513;145497823;1;0;401;1#2;80;
0513;145497824;1;0;15;1#2;80;
0513;231037357;1;0;63;1#2;80;
0513;231037358;1;0;85;1#2;80;
0513;231037359;1;0;319;1#2;80;
0513;145497826;1;0;28;1#2;80;
0513;145497827;1;0;146;1#2;80;
0513;145497828;1;0;149;1#2;80;
0513;145497829;1;0;10;1#2;80;
0513;145497830;1;0;11;1#2;80;
0513;145497831;1;0;216;1#2;80;
0513;145497832;1;0;91;1#2;80;
0513;145497833;1;0;33;1#2;80;
0513;145497834;1;0;7;1#2;80;
0513;145497835;1;0;8;1#2;80;
0513;231037360;1;0;24;1#2;80;
0513;231037361;1;0;507;1#2;80;
0513;166864345;1;0;3;1#2;80;
0513;166864346;1;0;168;1#2;80;
0513;166864347;1;0;112;1#2;80;
0513;145497838;1;0;98;1#2;80;
0513;145497839;1;0;28;1#2;80;
0513;166864348;1;0;6;1#2;80;
0513;166864349;1;0;107;1#2;80;
0513;145497841;1;0;424;1#2;80;
0513;166864350;1;0;189;1#2;80;
0513;166864351;1;0;155;1#2;80;
0513;166864352;1;0;181;1#2;80;
0513;166864353;1;0;227;1#2;80;
0513;166864354;1;0;36;1#2;80;
0513;166864355;1;0;145;1#2;80;
0513;166864356;1;0;173;1#2;80;
0513;166864356;2;137;173;1#2;50;
0513;166864357;1;0;7;1#2;50;
0513;145497844;1;0;108;1#2;50;
0513;230795394;1;0;82;1#2;50;
0513;230795395;1;0;67;1#2;50;
0513;145497846;1;0;8;1#2;50;
0513;230795396;1;0;62;1#2;50;
0513;230795397;1;0;4;1#2;50;
0513;166864359;1;0;13;1#2;50;
0513;166864360;1;0;199;1#2;50;
0513;145497848;1;0;9;1#2;50;
0513;166864361;1;0;7;1#2;50;
0513;166864362;1;0;5;1#2;50;
0513;166864363;1;0;5;1#2;50;
0513;230795398;1;0;132;1#2;50;
0513;230795399;1;0;36;1#2;50;
0513;230795400;1;0;48;1#2;50;
0513;145497851;1;0;27;1#2;50;
0513;145497852;1;0;29;1#2;50;
0513;145497853;1;0;75;1#2;50;
0513;166864365;1;0;63;1#2;50;
0513;166864366;1;0;11;1#2;50;
0513;230795401;1;0;45;1#2;50;
0513;230795402;1;0;23;1#2;50;
0513;230795403;1;0;50;1#2;50;
0513;230795404;1;0;41;1#2;50;
0513;166864368;1;0;8;1#2;50;
0513;145497856;1;0;5;1#2;50;
0513;166864369;1;0;97;1#2;50;
0513;166864369;2;52;97;1#2;60;
0513;166864370;1;0;16;1#2;60;
0513;145497858;1;0;359;1#2;60;
0513;145497859;1;0;26;1#2;60;
0513;145497860;1;0;46;1#2;60;
0513;145497861;1;0;30;1#2;60;
0513;145497862;1;0;14;1#2;60;
0513;145497863;1;0;12;1#2;60;
0513;230795405;1;0;1294;1#2;60;
0513;230795405;2;222;1294;1#2;80;
0513;230795406;1;0;105;1#2;80;
0513;230795407;1;0;153;1#2;80;
0513;145497865;1;0;563;1#2;80;
0513;230795408;1;0;257;1#2;80;
0513;230795408;2;247;257;1#2;60;
0513;230795409;1;0;10;1#2;60;
0513;145497867;1;0;106;1#2;60;
0513;145497868;1;0;73;1#2;60;
0513;145497869;1;0;163;1#2;60;
0513;145497870;1;0;29;1#2;60;
0513;145497871;1;0;63;1#2;60;
0513;145497872;1;0;43;1#2;60;
0513;145497873;1;0;155;1#2;60;
0513;145497874;1;0;187;1#2;60;
0513;145497875;1;0;111;1#2;60;
0513;145497876;1;0;133;1#2;60;
0513;145497877;1;0;97;1#2;60;
0513;230795410;1;0;2;1#2;60;
0513;230795411;1;0;127;1#2;60;
0513;230795412;1;0;166;1#2;60;
0513;230795412;2;31;166;1#2;80;
0513;230795413;1;0;11;1#2;80;
0513;145497880;1;0;280;1#2;80;
0513;230795414;1;0;113;1#2;80;
0513;230795415;1;0;124;1#2;80;
0513;145497882;1;0;236;1#2;80;
0513;145497883;1;0;37;1#2;80;
0513;145497884;1;0;95;1#2;80;
0513;145497885;1;0;151;1#2;80;
0513;145497886;1;0;67;1#2;80;
0513;145497887;1;0;4;1#2;80;
0513;230795416;1;0;96;1#2;80;
0513;230795417;1;0;129;1#2;80;
0513;145497889;1;0;153;1#2;80;
0513;145497890;1;0;115;1#2;80;
0513;145497890;2;29;115;1#2;60;
0513;145497891;1;0;47;1#2;60;
0513;230795418;1;0;8;1#2;60;
0513;230795419;1;0;27;1#2;60;
0513;145497893;1;0;28;1#2;60;
0513;145497894;1;0;53;1#2;60;
0513;145497895;1;0;34;1#2;60;
0513;145497896;1;0;84;1#2;60;
0513;145497897;1;0;48;1#2;60;
0513;145497898;1;0;110;1#2;60;
0513;145497899;1;0;6;1#2;60;
0513;145497899;2;5;6;1#2;60;
0513;145497900;1;0;202;1#2;60;
0513;145497900;2;19;202;1#2;70;
0513;145497901;1;0;10;1#2;70;
0513;145497902;1;0;40;1#2;70;
0513;145497903;1;0;510;1#2;70;
0513;145497904;1;0;30;1#2;70;
0513;145497905;1;0;8;1#2;70;
0513;230795420;1;0;142;1#2;70;
0513;230795421;1;0;14;1#2;70;
0513;230795422;1;0;33;1#2;70;
0513;230795423;1;0;197;1#2;70;
0513;230795424;1;0;3;1#2;70;
0513;145497908;1;0;163;1#2;70;
0513;145497909;1;0;54;1#2;70;
0513;145497910;1;0;15;1#2;70;
0513;145497911;1;0;56;1#2;70;
0513;145497912;1;0;405;1#2;70;
0513;145497913;1;0;56;1#2;70;
0513;145497914;1;0;65;1#2;70;
0513;145497915;1;0;32;1#2;70;
0513;230795425;1;0;4;1#2;70;
0513;230795426;1;0;51;1#2;70;
0513;145497917;1;0;127;1#2;70;
0513;145497918;1;0;76;1#2;70;
0513;145497919;1;0;107;1#2;70;
0513;145497920;1;0;184;1#2;70;
0513;145497921;1;0;84;1#2;70;
0513;145497921;2;15;84;1#2;50;
0513;145497922;1;0;25;1#2;50;
0513;145497923;1;0;84;1#2;50;
0513;145497923;2;56;84;1#2;50;
0513;145497924;1;0;13;1#2;50;
0513;145497925;1;0;173;1#2;50;
0513;145497926;1;0;7;1#2;50;
0513;145497927;1;0;7;1#2;50;
0513;145497928;1;0;14;1#2;50;
0513;145497929;1;0;63;1#2;50;
0513;145497930;1;0;54;1#2;50;
0513;145497931;1;0;126;1#2;50;
0513;145497932;1;0;103;1#2;50;
0513;230288234;1;0;1593;1#2;50;
0513;230288234;2;50;1593;1#2;80;
0513;230288235;1;0;12;1#2;80;
0513;145497934;1;0;860;1#2;80;
0513;230288236;1;0;1067;1#2;80;
0513;230288237;1;0;113;1#2;80;
0513;240101843;1;0;489;1#2;80;
0513;240101844;1;0;607;1#2;80;
0513;145497936;1;0;6;1#2;80;
0513;240101845;1;0;25;1#2;80;
0513;240101846;1;0;357;1#2;80;
0513;240101847;1;0;678;1#2;80;
0513;145497938;1;0;660;1#2;80;
0513;145497939;1;0;542;1#2;80;
0513;145497940;1;0;242;1#2;80;
0513;145497941;1;0;79;1#2;80;
0513;145497942;1;0;238;1#2;80;
0513;145497943;1;0;45;1#2;80;
0513;145497944;1;0;311;1#2;80;
0513;145497945;1;0;547;1#2;80;
0513;145497946;1;0;197;1#2;80;
0513;145497947;1;0;484;1#2;80;
0513;145497948;1;0;11;1#2;80;
0513;145497949;1;0;534;1#2;80;
0513;145497950;1;0;202;1#2;80;
0513;145497951;1;0;53;1#2;80;
0513;145497952;1;0;885;1#2;80;
0513;145497953;1;0;113;1#2;80;
0513;230288239;1;0;648;1#2;80;
0513;230288240;1;0;339;1#2;80;
0513;145497955;1;0;153;1#2;80;
0513;145497956;1;0;116;1#2;80;
0513;230288241;1;0;123;1#2;80;
0513;230288242;1;0;3;1#2;80;
0513;145497958;1;0;140;1#2;80;
0513;145497959;1;0;356;1#2;80;
0513;229684101;1;0;2989;1#2;80;
0513;229684102;1;0;179;1#2;80;
0513;145497961;1;0;11;1#2;80;
0513;145497962;1;0;806;1#2;80;
0513;145497963;1;0;107;1#2;80;
0513;145497964;1;0;70;1#2;80;
0513;145497965;1;0;748;1#2;80;
0513;145497966;1;0;83;1#2;80;
0513;145497967;1;0;255;1#2;80;
0513;145497968;1;0;87;1#2;80;
0513;145497969;1;0;58;1#2;80;
0513;145497970;1;0;207;1#2;80;
0513;229684103;1;0;209;1#2;80;
0513;229684104;1;0;27;1#2;80;
0513;229684105;1;0;40;1#2;80;
0513;229684106;1;0;1682;1#2;80;
0513;145497973;1;0;1455;1#2;80;
0513;145497974;1;0;1203;1#2;80;
0513;145497975;1;0;402;1#2;80;
0513;145497976;1;0;89;1#2;80;
0513;145497977;1;0;282;1#2;80;
0513;145497978;1;0;920;1#2;80;
0513;145497978;2;183;920;1#2;90;
0513;145497979;1;0;571;1#2;90;
0513;229684107;1;0;582;1#2;90;
0513;229684108;1;0;157;1#2;90;
0513;145497981;1;0;376;1#2;90;
0513;145497982;1;0;645;1#2;90;
0513;145497983;1;0;525;1#2;90;
0513;145497984;1;0;289;1#2;90;
0513;145497985;1;0;82;1#2;90;
0513;145497986;1;0;188;1#2;90;
0513;145498691;1;0;4;1#2;80;
0513;145498692;1;0;122;1#2;80;
0513;145498693;1;0;2445;1#2;80;
0513;145500357;1;0;3;1#2;80;
0513;145500358;1;0;341;1#2;80;
0513;145500359;1;0;9;1#2;80;
0513;145500360;1;0;144;1#2;80;
0513;145500361;1;0;105;1#2;80;
0513;145500362;1;0;80;1#2;80;
0513;145500363;1;0;241;1#2;80;
0513;145500364;1;0;40;1#2;80;
0513;229684109;1;0;306;1#2;80;
0513;229684110;1;0;3;1#2;80;
0513;229684111;1;0;404;1#2;80;
0513;229684112;1;0;159;1#2;80;
0513;229684113;1;0;30;1#2;80;
0513;229684114;1;0;25;1#2;80;
0513;229684115;1;0;172;1#2;80;
0513;229684116;1;0;117;1#2;80;
0513;229684117;1;0;53;1#2;80;
0513;237530737;1;0;689;1#2;80;
0513;237530738;1;0;5952;1#2;80;
0513;237530739;1;0;2808;1#2;80;
0513;237530740;1;0;3577;1#2;80;
0513;145500370;1;0;1860;1#2;80;
0513;145507904;1;0;113;1#2;60;
0513;145507905;1;0;344;1#2;60;
0513;145507905;2;203;344;1#2;50;
0513;231037362;1;0;45;1#2;50;
0513;231037363;1;0;100;1#2;50;
0513;231037364;1;0;31;1#2;50;
0513;231037365;1;0;29;1#2;50;
0513;231037366;1;0;159;1#2;50;
0513;145507908;1;0;13;1#2;50;
0513;145507909;1;0;11;1#2;50;
0513;145507910;1;0;88;1#2;50;
0513;145507911;1;0;167;1#2;50;
0513;145507911;2;126;167;1#2;80;
0513;145507911;2;126;167;1;50;
0513;145507914;1;0;3;1#2;50;
0513;145507915;1;0;131;1#2;50;
0513;145507915;2;85;131;1#2;60;
0513;145507916;1;0;137;1#2;60;
0513;145507917;1;0;266;1#2;60;
0513;145507918;1;0;83;1#2;60;
0513;231037367;1;0;23;1#2;60;
0513;231037368;1;0;152;1#2;60;
0513;145507920;1;0;22;1#2;60;
0513;231037369;1;0;48;1#2;60;
0513;231037370;1;0;54;1#2;60;
0513;145507922;1;0;14;1#2;60;
0513;145507923;1;0;3;1#2;60;
0513;145507926;1;0;108;1#2;60;
0513;145507927;1;0;147;1#2;60;
0513;145507928;1;0;19;1#2;60;
0513;231037371;1;0;82;1#2;60;
0513;231037372;1;0;4;1#2;60;
0513;231037373;1;0;3;1#2;60;
0513;231037374;1;0;26;1#2;60;
0513;231037375;1;0;3;1#2;60;
0513;231037376;1;0;81;1#2;60;
0513;231037377;1;0;523;1#2;60;
0513;145507932;1;0;132;1#2;60;
0513;145507933;1;0;47;1#2;60;
0513;145507934;1;0;21;1#2;60;
0513;145507935;1;0;18;1#2;60;
0513;145507936;1;0;157;1#2;60;
0513;230795427;1;0;184;1#2;60;
0513;230795428;1;0;4;1#2;60;
0513;145507938;1;0;28;1#2;60;
0513;145507939;1;0;6;1#2;60;
0513;230795429;1;0;5;1#2;60;
0513;230795430;1;0;339;1#2;60;
0513;145507941;1;0;86;1#2;60;
0513;145507942;1;0;117;1#2;60;
0513;145507943;1;0;112;1#2;60;
0513;145507944;1;0;75;1#2;60;
0513;145507945;1;0;224;1#2;60;
0513;145507946;1;0;374;1#2;60;
0513;145507947;1;0;49;1#2;60;
0513;145507948;1;0;9;1#2;60;
0513;145507949;1;0;131;1#2;60;
0513;248536205;1;0;81;1#2;60;
0513;248536206;1;0;155;1#2;60;
0513;230795432;1;0;110;1#2;60;
0513;145507951;1;0;150;1#2;60;
0513;230795433;1;0;7;1#2;60;
0513;230795434;1;0;187;1#2;60;
0513;230795435;1;0;110;1#2;60;
0513;230795436;1;0;4;1#2;60;
0513;145507954;1;0;462;1#2;60;
0513;237415776;1;0;119;1#2;60;
0513;237415777;1;0;9;1#2;60;
0513;237415778;1;0;180;1#2;60;
0513;230795438;1;0;258;1#2;60;
0513;145507956;1;0;156;1#2;60;
0513;230795439;1;0;367;1#2;60;
0513;230795440;1;0;133;1#2;60;
0513;145507958;1;0;36;1#2;60;
0513;145507959;1;0;65;1#2;60;
0513;240101848;1;0;56;1#2;60;
0513;240101849;1;0;11;1#2;60;
0513;145507963;1;0;3;1#2;60;
0513;145507964;1;0;12;1#2;60;
0513;166864371;1;0;41;1#2;60;
0513;166864372;1;0;159;1#2;60;
0513;145507966;1;0;125;1#2;60;
0513;145507967;1;0;110;1#2;60;
0513;145507968;1;0;375;1#2;60;
0513;230795441;1;0;60;1#2;60;
0513;230795442;1;0;5;1#2;60;
0513;145507970;1;0;164;1#2;60;
0513;145507971;1;0;95;1#2;60;
0513;145507972;1;0;206;1#2;60;
0513;145507973;1;0;138;1#2;60;
0513;145507974;1;0;180;1#2;60;
0513;145507975;1;0;14;1#2;60;
0513;145507976;1;0;288;1#2;60;
0513;145507977;1;0;219;1#2;60;
0513;145507977;2;68;219;1#2;40;
0513;145507978;1;0;29;1#2;40;
0513;230795443;1;0;212;1#2;40;
0513;230795443;2;100;212;1#2;60;
0513;230795444;1;0;93;1#2;60;
0513;145507980;1;0;171;1#2;60;
0513;230795445;1;0;26;1#2;60;
0513;230795446;1;0;34;1#2;60;
0513;145507982;1;0;158;1#2;60;
0513;145507983;1;0;38;1#2;60;
0513;145507984;1;0;159;1#2;60;
0513;230795447;1;0;204;1#2;60;
0513;230795448;1;0;71;1#2;60;
0513;230795449;1;0;18;1#2;60;
0513;230795450;1;0;26;1#2;60;
0513;145507987;1;0;30;1#2;60;
0513;230795451;1;0;7;1#2;60;
0513;230795452;1;0;313;1#2;60;
0513;230795453;1;0;48;1#2;60;
0513;145507989;1;0;17;1#2;60;
0513;230795454;1;0;41;1#2;60;
0513;230795455;1;0;4;1#2;60;
0513;230795456;1;0;41;1#2;60;
0513;230795457;1;0;274;1#2;60;
0513;230795458;1;0;466;1#2;60;
0513;230795458;2;53;466;1#2;80;
0513;230795459;1;0;3;1#2;80;
0513;230795460;1;0;36;1#2;80;
0513;230795461;1;0;430;1#2;80;
0513;230795462;1;0;94;1#2;80;
0513;145507994;1;0;95;1#2;80;
0513;230795463;1;0;6;1#2;80;
0513;230795464;1;0;80;1#2;80;
0513;145507996;1;0;52;1#2;80;
0513;145507997;1;0;248;1#2;80;
0513;145507998;1;0;705;1#2;80;
0513;145507999;1;0;316;1#2;80;
0513;145508000;1;0;450;1#2;80;
0513;230795465;1;0;269;1#2;80;
0513;230795466;1;0;427;1#2;80;
0513;145508002;1;0;231;1#2;80;
0513;145508003;1;0;52;1#2;80;
0513;145508004;1;0;146;1#2;80;
0513;145508005;1;0;83;1#2;80;
0513;145508006;1;0;207;1#2;80;
0513;145508007;1;0;45;1#2;80;
0513;145508008;1;0;86;1#2;80;
0513;145508009;1;0;7;1#2;80;
0513;230795467;1;0;34;1#2;80;
0513;230795468;1;0;2;1#2;80;
0513;145508011;1;0;170;1#2;80;
0513;230288243;1;0;346;1#2;80;
0513;230288244;1;0;9;1#2;80;
0513;230288245;1;0;155;1#2;80;
0513;230795469;1;0;28;1#2;80;
0513;230795470;1;0;147;1#2;80;
0513;145508014;1;0;89;1#2;80;
0513;145508015;1;0;26;1#2;80;
0513;145508016;1;0;4;1#2;80;
0513;230288247;1;0;37;1#2;60;
0513;230288248;1;0;6;1#2;60;
0513;230288249;1;0;386;1#2;60;
0513;230288250;1;0;2;1#2;60;
0513;230288251;1;0;49;1#2;60;
0513;230288252;1;0;78;1#2;60;
0513;230288253;1;0;136;1#2;60;
0513;145508022;1;0;174;1#2;60;
0513;145508023;1;0;70;1#2;60;
0513;145508024;1;0;17;1#2;60;
0513;145508025;1;0;76;1#2;60;
0513;145508026;1;0;28;1#2;60;
0513;145508027;1;0;21;1#2;60;
0513;145508028;1;0;88;1#2;60;
0513;145508029;1;0;102;1#2;60;
0513;145508030;1;0;201;1#2;60;
0513;145508031;1;0;260;1#2;60;
0513;145508032;1;0;89;1#2;60;
0513;145508033;1;0;264;1#2;60;
0513;145508034;1;0;19;1#2;60;
0513;145508035;1;0;10;1#2;60;
0513;230288254;1;0;28;1#2;60;
0513;230288255;1;0;39;1#2;60;
0513;230288256;1;0;8;1#2;60;
0513;145508037;1;0;854;1#2;60;
0513;145508037;2;29;854;1#2;80;
0513;145508038;1;0;1159;1#2;80;
0513;145508039;1;0;213;1#2;80;
0513;230288257;1;0;1662;1#2;80;
0513;230288258;1;0;101;1#2;80;
0513;145508041;1;0;1183;1#2;80;
0513;145508042;1;0;78;1#2;80;
0513;145508043;1;0;276;1#2;80;
0513;230288259;1;0;539;1#2;80;
0513;230288260;1;0;8;1#2;80;
0513;145508045;1;0;582;1#2;80;
0513;145508046;1;0;117;1#2;80;
0513;145508047;1;0;226;1#2;80;
0513;145508048;1;0;63;1#2;80;
0513;145508049;1;0;29;1#2;80;
0513;145508050;1;0;127;1#2;80;
0513;145508051;1;0;301;1#2;80;
0513;145508052;1;0;221;1#2;80;
0513;145508053;1;0;200;1#2;80;
0513;145508054;1;0;182;1#2;80;
0513;145508055;1;0;627;1#2;80;
0513;145508056;1;0;141;1#2;80;
0513;230288261;1;0;14;1#2;80;
0513;230288262;1;0;284;1#2;80;
0513;230288263;1;0;147;1#2;80;
0513;230288264;1;0;76;1#2;80;
0513;145508059;1;0;370;1#2;80;
0513;145508060;1;0;291;1#2;80;
0513;145508061;1;0;220;1#2;80;
0513;230288265;1;0;62;1#2;80;
0513;230288266;1;0;320;1#2;80;
0513;230288267;1;0;262;1#2;80;
0513;145508063;1;0;25;1#2;80;
0513;145508064;1;0;312;1#2;80;
0513;248536207;1;0;77;1#2;80;
0513;248536208;1;0;4;1#2;80;
0513;145508066;1;0;326;1#2;80;
0513;145510225;1;0;44;1#2;70;
0513;145510226;1;0;36;1#2;70;
0513;145510227;1;0;242;1#2;70;
0513;231037378;1;0;84;1#2;70;
0513;231037379;1;0;27;1#2;70;
0513;231037380;1;0;386;1#2;70;
0513;145510229;1;0;80;1#2;70;
0513;145510230;1;0;212;1#2;70;
0513;145510231;1;0;339;1#2;70;
0513;145510232;1;0;209;1#2;70;
0513;231037381;1;0;5;1#2;70;
0513;231037382;1;0;207;1#2;70;
0513;231037383;1;0;153;1#2;70;
0513;231037384;1;0;111;1#2;70;
0513;145510235;1;0;470;1#2;70;
0513;145510236;1;0;356;1#2;70;
0513;231037385;1;0;293;1#2;70;
0513;231037385;2;37;293;1#2;60;
0513;231037386;1;0;3;1#2;60;
0513;145510238;1;0;82;1#2;60;
0513;145510239;1;0;15;1#2;60;
0513;231037387;1;0;5;1#2;60;
0513;231037388;1;0;159;1#2;60;
0513;145510241;1;0;11;1#2;60;
0513;145510242;1;0;102;1#2;60;
0513;231037389;1;0;133;1#2;60;
0513;231037390;1;0;3;1#2;60;
0513;145510244;1;0;218;1#2;60;
0513;231037391;1;0;155;1#2;60;
0513;231037392;1;0;3;1#2;60;
0513;145510246;1;0;77;1#2;60;
0513;145510246;2;52;77;1#2;60;
0513;145510247;1;0;62;1#2;60;
0513;145510248;1;0;106;1#2;60;
0513;145510249;1;0;63;1#2;60;
0513;145510250;1;0;596;1#2;90;
0513;145510251;1;0;248;1#2;90;
0513;145510252;1;0;568;1#2;90;
0513;145510253;1;0;259;1#2;90;
0513;145510254;1;0;1489;1#2;90;
0513;145510254;2;1407;1489;1#2;60;
0513;145510255;1;0;239;1#2;60;
0513;145510256;1;0;32;1#2;60;
0513;145510257;1;0;78;1#2;60;
0513;145510258;1;0;440;1#2;60;
0513;145510258;2;140;440;1#2;90;
0513;145510259;1;0;2329;1#2;90;
0513;145510260;1;0;452;1#2;90;
0513;145510261;1;0;294;1#2;90;
0513;145510262;1;0;447;1#2;90;
0513;145510263;1;0;207;1#2;90;
0513;145510264;1;0;627;1#2;90;
0513;145510265;1;0;174;1#2;90;
0513;145510266;1;0;992;1#2;90;
0513;145510267;1;0;2633;1#2;90;
0513;145510268;1;0;93;1#2;90;
0513;145510269;1;0;1257;1#2;90;
0513;145510270;1;0;18;1#2;90;
0513;145510271;1;0;2726;1#2;90;
0513;145510271;2;2627;2726;1#2;80;
0513;145510272;1;0;164;1#2;80;
0513;145510273;1;0;207;1#2;80;
0513;145510274;1;0;19;1#2;80;
0513;145510275;1;0;507;1#2;80;
0513;145510276;1;0;57;1#2;80;
0513;145510277;1;0;987;1#2;80;
0513;145514259;1;0;57;1#2;80;
0513;145514260;1;0;93;1#2;80;
0513;231037393;1;0;63;1#2;80;
0513;231037394;1;0;62;1#2;80;
0513;145514262;1;0;221;1#2;80;
0513;231037395;1;0;3;1#2;80;
0513;231037396;1;0;412;1#2;80;
0513;145514264;1;0;220;1#2;80;
0513;231037397;1;0;2;1#2;80;
0513;231037398;1;0;203;1#2;80;
0513;231037399;1;0;83;1#2;80;
0513;231037400;1;0;4;1#2;80;
0513;231037401;1;0;180;1#2;80;
0513;231037402;1;0;303;1#2;80;
0513;231037402;2;277;303;1#2;60;
0513;231037403;1;0;3;1#2;60;
0513;231037404;1;0;154;1#2;60;
0513;231037405;1;0;190;1#2;60;
0513;145514268;1;0;15;1#2;60;
0513;231037406;1;0;193;1#2;60;
0513;231037407;1;0;3;1#2;60;
0513;231037408;1;0;46;1#2;60;
0513;231037409;1;0;3;1#2;60;
0513;231037410;1;0;168;1#2;60;
0513;231037411;1;0;3;1#2;60;
0513;145514272;1;0;351;1#2;60;
0513;145514273;1;0;64;1#2;60;
0513;145514274;1;0;90;1#2;60;
0513;145514275;1;0;132;1#2;60;
0513;145514276;1;0;24;1#2;60;
0513;145514277;1;0;66;1#2;60;
0513;145514278;1;0;185;1#2;60;
0513;145514279;1;0;112;1#2;60;
0513;145514280;1;0;151;1#2;60;
0513;145514281;1;0;104;1#2;60;
0513;145514282;1;0;247;1#2;60;
0513;231037412;1;0;175;1#2;60;
0513;231037413;1;0;104;1#2;60;
0513;145514284;1;0;221;1#2;60;
0513;145514285;1;0;139;1#2;60;
0513;231037414;1;0;28;1#2;60;
0513;231037415;1;0;46;1#2;60;
0513;231037416;1;0;60;1#2;60;
0513;231037417;1;0;57;1#2;60;
0513;231037418;1;0;5;1#2;60;
0513;231037419;1;0;73;1#2;60;
0513;231037420;1;0;4;1#2;60;
0513;145514289;1;0;150;1#2;60;
0513;231037421;1;0;130;1#2;60;
0513;231037422;1;0;5;1#2;60;
0513;231037423;1;0;58;1#2;60;
0513;231037424;1;0;5;1#2;60;
0513;145514292;1;0;228;1#2;60;
0513;231037425;1;0;5;1#2;60;
0513;231037426;1;0;105;1#2;60;
0513;145514294;1;0;121;1#2;60;
0513;145514295;1;0;110;1#2;60;
0513;145514296;1;0;142;1#2;60;
0513;145514297;1;0;58;1#2;60;
0513;145514298;1;0;110;1#2;60;
0513;145514298;2;91;110;1#2;40;
0513;231037427;1;0;54;1#2;40;
0513;231037428;1;0;39;1#2;40;
0513;231037429;1;0;24;1#2;40;
0513;231037430;1;0;40;1#2;40;
0513;231037431;1;0;67;1#2;40;
0513;145514301;1;0;64;1#2;40;
0513;145514301;2;37;64;1#2;50;
0513;145514302;1;0;51;1#2;50;
0513;145514303;1;0;39;1#2;50;
0513;145514304;1;0;53;1#2;50;
0513;231037432;1;0;50;1#2;50;
0513;231037433;1;0;46;1#2;50;
0513;145514306;1;0;138;1#2;50;
0513;145514307;1;0;79;1#2;50;
0513;145514307;2;11;79;1#2;60;
0513;145514308;1;0;85;1#2;60;
0513;145514309;1;0;62;1#2;60;
0513;145514310;1;0;27;1#2;60;
0513;231037434;1;0;75;1#2;60;
0513;231037435;1;0;3;1#2;60;
0513;145514312;1;0;179;1#2;60;
0513;145514313;1;0;164;1#2;60;
0513;248536209;1;0;152;1#2;60;
0513;248536210;1;0;3;1#2;60;
0513;145514315;1;0;10;1#2;60;
0513;145514316;1;0;135;1#2;60;
0513;231037436;1;0;85;1#2;60;
0513;231037437;1;0;41;1#2;60;
0513;145514318;1;0;92;1#2;60;
0513;145514319;1;0;101;1#2;60;
0513;145514320;1;0;143;1#2;60;
0513;231037438;1;0;3;1#2;60;
0513;231037439;1;0;39;1#2;60;
0513;231037440;1;0;11;1#2;60;
0513;231037441;1;0;7;1#2;60;
0513;145514323;1;0;202;1#2;60;
0513;145514324;1;0;15;1#2;60;
0513;145514325;1;0;17;1#2;60;
0513;145514326;1;0;13;1#2;60;
0513;145514327;1;0;7;1#2;60;
0513;231037442;1;0;20;1#2;60;
0513;231037443;1;0;148;1#2;60;
0513;145514329;1;0;112;1#2;60;
0513;145514330;1;0;114;1#2;60;
0513;145514331;1;0;32;1#2;60;
0513;145514332;1;0;116;1#2;60;
0513;145515155;1;0;34;1;80;
0513;145515155;1;0;34;1;50;
0513;145515156;1;0;4;1;80;
0513;145515157;1;0;5;1;60;
0513;145515158;1;0;33;1;60;
0513;145515159;1;0;37;1;60;
0513;145515160;1;0;3;1;60;
0513;145515161;1;0;4;1;60;
0513;145515162;1;0;12;1;60;
0513;145515163;1;0;21;1;60;
0513;145515258;1;0;39;1;30;
0513;145515259;1;0;28;1;30;
0513;145516144;1;0;34;2;80;
0513;145516145;1;0;4;2;80;
0513;145516146;1;0;5;2;60;
0513;145516147;1;0;33;2;60;
0513;145516148;1;0;37;2;60;
0513;145516149;1;0;3;2;60;
0513;145516150;1;0;4;2;60;
0513;145516151;1;0;33;2;60;
0513;145516229;1;0;39;2;30;
0513;145516230;1;0;28;2;30;
0513;166864375;1;0;46;1#2;30;
0513;166864376;1;0;9;1#2;30;
0513;166864380;1;0;25;1#2;30;
0513;166864381;1;0;8;1#2;30;
0513;166864383;1;0;82;1#2;30;
0513;166864384;1;0;8;1#2;30;
0513;166864387;1;0;19;1#2;30;
0513;166864388;1;0;5;1#2;30;
0513;166864406;1;0;43;1#2;30;
0513;229684119;1;0;135;1#2;30;
0513;229684120;1;0;179;1#2;30;
0513;229684121;1;0;46;1#2;30;
0513;229684122;1;0;122;1#2;30;
0513;229684123;1;0;388;1#2;30;
0513;229684124;1;0;143;1#2;30;
0513;229684125;1;0;117;1#2;30;
0513;229684126;1;0;495;1#2;30;
0513;229684127;1;0;1897;1#2;50;
0513;229684128;1;0;431;1#2;50;
0513;229684129;1;0;509;1#2;50;
0513;229684130;1;0;131;1#2;30;
0513;229684131;1;0;129;1#2;30;
0513;229684132;1;0;111;1#2;30;
0513;229684133;1;0;151;1#2;30;
0513;229684134;1;0;465;1#2;30;
0513;229684135;1;0;15;1#2;30;
0513;229684136;1;0;110;1#2;30;
0513;229684137;1;0;81;1#2;30;
0513;229684138;1;0;62;1#2;30;
0513;229684139;1;0;151;1#2;30;
0513;229684140;1;0;21;1#2;30;
0513;229684141;1;0;50;1#2;30;
0513;229684142;1;0;103;1#2;30;
0513;229684143;1;0;122;1#2;30;
0513;229684144;1;0;55;1#2;30;
0513;229684145;1;0;36;1#2;30;
0513;229684146;1;0;64;1#2;30;
0513;229684147;1;0;68;1#2;30;
0513;229684148;1;0;102;1#2;30;
0513;229684149;1;0;134;1#2;30;
0513;229684150;1;0;63;1#2;30;
0513;229684151;1;0;67;1#2;30;
0513;229684152;1;0;40;1#2;30;
0513;229684153;1;0;31;1#2;30;
0513;229684154;1;0;92;1#2;30;
0513;229684155;1;0;116;1#2;30;
0513;229684156;1;0;75;1#2;30;
0513;229684157;1;0;151;1#2;30;
0513;229684158;1;0;67;1#2;30;
0513;229684159;1;0;63;1#2;30;
0513;229684160;1;0;256;1#2;30;
0513;229684161;1;0;124;1#2;30;
0513;229684162;1;0;122;1#2;30;
0513;229684163;1;0;94;1#2;30;
0513;229684164;1;0;116;1#2;30;
0513;229684165;1;0;120;1#2;30;
0513;229684166;1;0;44;1#2;30;
0513;229684167;1;0;72;1#2;30;
0513;229684168;1;0;121;1#2;30;
0513;229684169;1;0;56;1#2;30;
0513;229684170;1;0;86;1#2;30;
0513;229684171;1;0;77;1#2;30;
0513;229684172;1;0;63;1#2;30;
0513;229684173;1;0;212;1#2;30;
0513;229684174;1;0;333;1#2;30;
0513;229684175;1;0;78;1#2;30;
0513;229684176;1;0;65;1#2;30;
0513;229684177;1;0;65;1#2;30;
0513;229684178;1;0;26;1#2;30;
0513;229684179;1;0;144;1#2;30;
0513;229684180;1;0;43;1#2;30;
0513;229684181;1;0;73;1#2;30;
0513;229684182;1;0;10;1#2;30;
0513;229684183;1;0;175;1#2;30;
0513;229684184;1;0;10;1#2;30;
0513;229684185;1;0;139;1#2;30;
0513;229684186;1;0;28;1#2;30;
0513;248536211;1;0;199;1#2;30;
0513;248536212;1;0;59;1#2;30;
0513;229684188;1;0;112;1#2;30;
0513;229684189;1;0;81;1#2;30;
0513;229684190;1;0;62;1#2;30;
0513;229684191;1;0;55;1#2;30;
0513;229684192;1;0;19;1#2;30;
0513;229684193;1;0;246;1#2;30;
0513;229684194;1;0;5;1#2;30;
0513;229684195;1;0;156;1#2;30;
0513;229684196;1;0;73;1#2;30;
0513;229684197;1;0;60;1#2;30;
0513;229684198;1;0;96;1#2;30;
0513;229684199;1;0;60;1#2;30;
0513;229684200;1;0;57;1#2;30;
0513;229684201;1;0;33;1#2;30;
0513;229684202;1;0;109;1#2;30;
0513;229684203;1;0;169;1#2;30;
0513;229684204;1;0;148;1#2;30;
0513;230288268;1;0;673;1#2;30;
0513;230288269;1;0;37;1#2;30;
0513;230288270;1;0;38;1#2;30;
0513;230288271;1;0;203;1#2;30;
0513;230288272;1;0;37;1#2;30;
0513;230288273;1;0;61;1#2;30;
0513;230288274;1;0;113;1#2;30;
0513;230288275;1;0;45;1#2;30;
0513;230288276;1;0;79;1#2;30;
0513;230288277;1;0;155;1#2;30;
0513;230288278;1;0;80;1#2;30;
0513;230288279;1;0;5;1#2;30;
0513;230288280;1;0;70;1#2;30;
0513;230288281;1;0;63;1#2;30;
0513;230288282;1;0;52;1#2;30;
0513;230288283;1;0;66;1#2;30;
0513;230288284;1;0;223;1#2;30;
0513;230288285;1;0;166;1#2;30;
0513;230288286;1;0;72;1#2;30;
0513;230288287;1;0;775;1#2;50;
0513;230288288;1;0;102;1#2;30;
0513;230288289;1;0;3823;1#2;50;
0513;230288290;1;0;176;1#2;30;
0513;230288291;1;0;49;1#2;30;
0513;230288292;1;0;102;1#2;30;
0513;230288293;1;0;1991;1#2;30;
0513;230288294;1;0;62;1#2;30;
0513;230288295;1;0;194;1#2;30;
0513;230288296;1;0;13;1#2;30;
0513;230288297;1;0;91;1#2;30;
0513;230288298;1;0;36;1#2;30;
0513;230288299;1;0;61;1#2;30;
0513;230288300;1;0;80;1#2;30;
0513;230288301;1;0;74;1#2;30;
0513;230288302;1;0;29;1#2;30;
0513;230288303;1;0;128;1#2;30;
0513;230288304;1;0;82;1#2;30;
0513;230288305;1;0;51;1#2;30;
0513;230288306;1;0;68;1#2;30;
0513;230288307;1;0;139;1#2;30;
0513;230288308;1;0;28;1#2;30;
0513;230288309;1;0;133;1#2;30;
0513;230288310;1;0;205;1#2;30;
0513;230288311;1;0;8;1#2;30;
0513;230288312;1;0;54;1#2;30;
0513;230288313;1;0;94;1#2;30;
0513;230288314;1;0;164;1#2;30;
0513;230288315;1;0;618;1#2;30;
0513;230288316;1;0;121;1#2;30;
0513;230288317;1;0;43;1#2;30;
0513;230288318;1;0;37;1#2;30;
0513;230288319;1;0;106;1#2;30;
0513;230288320;1;0;69;1#2;30;
0513;230288321;1;0;85;1#2;30;
0513;230288322;1;0;33;1#2;30;
0513;230288323;1;0;803;1#2;30;
0513;230288324;1;0;55;1#2;30;
0513;230288325;1;0;247;1#2;30;
0513;230288326;1;0;50;1#2;30;
0513;230288327;1;0;82;1#2;30;
0513;230288328;1;0;129;1#2;30;
0513;230288329;1;0;88;1#2;30;
0513;230288330;1;0;230;1#2;30;
0513;230288331;1;0;35;1#2;30;
0513;230288332;1;0;22;1#2;50;
0513;230288333;1;0;2116;1#2;50;
0513;230288334;1;0;11;1#2;30;
0513;230288335;1;0;75;1#2;30;
0513;230288336;1;0;88;1#2;30;
0513;230288337;1;0;54;1#2;30;
0513;230288338;1;0;280;1#2;30;
0513;230288339;1;0;48;1#2;30;
0513;230288340;1;0;49;1#2;30;
0513;230288341;1;0;220;1#2;30;
0513;230288342;1;0;31;1#2;30;
0513;230288343;1;0;30;1#2;30;
0513;230288344;1;0;232;1#2;30;
0513;230288345;1;0;66;1#2;30;
0513;230288346;1;0;38;1#2;30;
0513;230288347;1;0;13;1#2;30;
0513;230288348;1;0;270;1#2;30;
0513;230288349;1;0;19;1#2;30;
0513;230288350;1;0;22;1#2;30;
0513;230288351;1;0;286;1#2;30;
0513;230288352;1;0;178;1#2;50;
0513;230288353;1;0;276;1#2;30;
0513;230288354;1;0;599;1#2;50;
0513;230288355;1;0;114;1#2;50;
0513;230288356;1;0;103;1#2;50;
0513;230288357;1;0;275;1#2;30;
0513;230288358;1;0;18;1#2;30;
0513;230288359;1;0;328;1#2;30;
0513;230288360;1;0;331;1#2;30;
0513;230288361;1;0;41;1#2;50;
0513;230288362;1;0;198;1#2;30;
0513;230288363;1;0;155;1#2;50;
0513;230288364;1;0;321;1#2;30;
0513;230288365;1;0;206;1#2;50;
0513;230288366;1;0;90;1#2;30;
0513;230288367;1;0;52;1#2;30;
0513;230288368;1;0;53;1#2;30;
0513;230288369;1;0;1025;1#2;30;
0513;230288370;1;0;60;1#2;30;
0513;230288371;1;0;120;1#2;30;
0513;230288372;1;0;411;1#2;30;
0513;230288373;1;0;56;1#2;30;
0513;230288374;1;0;48;1#2;30;
0513;230288375;1;0;602;1#2;30;
0513;230288376;1;0;61;1#2;30;
0513;230288377;1;0;60;1#2;30;
0513;230288378;1;0;53;1#2;30;
0513;230288379;1;0;101;1#2;30;
0513;230288380;1;0;163;1#2;30;
0513;230288381;1;0;102;1#2;30;
0513;230288382;1;0;2329;1#2;30;
0513;230288383;1;0;359;1#2;80;
0513;230288384;1;0;553;1#2;50;
0513;230288385;1;0;239;1#2;50;
0513;230288386;1;0;292;1#2;50;
0513;230288387;1;0;109;1#2;80;
0513;230288388;1;0;261;1#2;50;
0513;230288389;1;0;17;1#2;50;
0513;230288390;1;0;83;1#2;50;
0513;230288391;1;0;262;1#2;50;
0513;230288392;1;0;252;1#2;30;
0513;230288393;1;0;176;1#2;30;
0513;230288394;1;0;135;1#2;30;
0513;230288395;1;0;74;1#2;30;
0513;230288396;1;0;100;1#2;30;
0513;230288397;1;0;392;1#2;50;
0513;230288398;1;0;60;1#2;50;
0513;230288399;1;0;68;1#2;50;
0513;230288400;1;0;117;1#2;50;
0513;230288401;1;0;159;1#2;30;
0513;230288402;1;0;221;1#2;30;
0513;230288403;1;0;65;1#2;30;
0513;230288404;1;0;16;1#2;30;
0513;230288405;1;0;143;1#2;50;
0513;230288406;1;0;209;1#2;50;
0513;230288407;1;0;166;1#2;50;
0513;230288408;1;0;173;1#2;50;
0513;230288409;1;0;51;1#2;30;
0513;230288410;1;0;145;1#2;30;
0513;230288411;1;0;141;1#2;30;
0513;230288412;1;0;16;1#2;30;
0513;230288413;1;0;41;1#2;30;
0513;230288414;1;0;217;1#2;30;
0513;230288415;1;0;3221;1#2;50;
0513;230288416;1;0;110;1#2;30;
0513;230288417;1;0;260;1#2;50;
0513;230288418;1;0;515;1#2;50;
0513;230288419;1;0;109;1#2;30;
0513;230288420;1;0;52;1#2;30;
0513;230288421;1;0;52;1#2;30;
0513;230288422;1;0;1858;1#2;30;
0513;230288423;1;0;1357;1#2;50;
0513;230288424;1;0;45;1#2;30;
0513;230288425;1;0;41;1#2;30;
0513;230288426;1;0;1131;1#2;30;
0513;230288427;1;0;45;1#2;50;
0513;230288428;1;0;104;1#2;50;
0513;230288429;1;0;260;1#2;50;
0513;230288430;1;0;35;1#2;30;
0513;230288431;1;0;98;1#2;30;
0513;230288432;1;0;34;1#2;30;
0513;230288433;1;0;69;1#2;30;
0513;230288434;1;0;44;1#2;30;
0513;230288435;1;0;63;1#2;30;
0513;230288436;1;0;42;1#2;30;
0513;230288437;1;0;87;1#2;30;
0513;230288438;1;0;27;1#2;80;
0513;230288439;1;0;87;1#2;80;
0513;230288440;1;0;69;1#2;80;
0513;230288441;1;0;586;1#2;80;
0513;230288442;1;0;789;1#2;80;
0513;230288443;1;0;46;1#2;30;
0513;230288444;1;0;90;1#2;30;
0513;230288445;1;0;82;1#2;30;
0513;230288446;1;0;18;1#2;80;
0513;230288447;1;0;126;1#2;80;
0513;230288448;1;0;556;1#2;30;
0513;230288449;1;0;25;1#2;30;
0513;230288450;1;0;166;1#2;30;
0513;230288451;1;0;19;1#2;30;
0513;230288452;1;0;241;1#2;30;
0513;230288453;1;0;725;1#2;30;
0513;230288454;1;0;33;1#2;30;
0513;230288455;1;0;657;1#2;30;
0513;230288456;1;0;2333;1#2;50;
0513;230288457;1;0;288;1#2;50;
0513;230288458;1;0;537;1#2;50;
0513;230288459;1;0;371;1#2;30;
0513;230288460;1;0;198;1#2;50;
0513;230288461;1;0;2752;1#2;30;
0513;230288462;1;0;328;1#2;50;
0513;230288463;1;0;58;1#2;30;
0513;230288464;1;0;72;1#2;30;
0513;230795473;1;0;3855;1#2;30;
0513;230795474;1;0;27;1#2;30;
0513;230795475;1;0;39;1#2;30;
0513;230795476;1;0;93;1#2;30;
0513;230795477;1;0;70;1#2;30;
0513;230795478;1;0;44;1#2;30;
0513;230795479;1;0;78;1#2;30;
0513;230795480;1;0;97;1#2;30;
0513;230795481;1;0;200;1#2;30;
0513;230795482;1;0;187;1#2;50;
0513;230795483;1;0;70;1#2;30;
0513;230795484;1;0;64;1#2;30;
0513;230795485;1;0;33;1#2;30;
0513;230795486;1;0;47;1#2;30;
0513;230795487;1;0;37;1#2;30;
0513;230795488;1;0;59;1#2;30;
0513;230795489;1;0;58;1#2;30;
0513;230795490;1;0;65;1#2;30;
0513;230795491;1;0;31;1#2;30;
0513;230795492;1;0;111;1#2;30;
0513;230795493;1;0;253;1#2;30;
0513;230795494;1;0;160;1#2;30;
0513;230795495;1;0;117;1#2;30;
0513;230795496;1;0;94;1#2;30;
0513;230795497;1;0;52;1#2;30;
0513;230795498;1;0;233;1#2;30;
0513;230795499;1;0;55;1#2;30;
0513;230795500;1;0;151;1#2;30;
0513;230795501;1;0;8;1#2;30;
0513;230795502;1;0;30;1#2;30;
0513;230795503;1;0;132;1#2;30;
0513;230795504;1;0;282;1#2;30;
0513;230795505;1;0;10;1#2;30;
0513;230795506;1;0;47;1#2;30;
0513;230795507;1;0;35;1#2;30;
0513;230795508;1;0;313;1#2;30;
0513;230795509;1;0;315;1#2;30;
0513;230795510;1;0;115;1#2;30;
0513;230795511;1;0;74;1#2;30;
0513;230795512;1;0;208;1#2;30;
0513;230795513;1;0;87;1#2;30;
0513;230795514;1;0;52;1#2;30;
0513;230795515;1;0;83;1#2;30;
0513;230795516;1;0;7;1#2;30;
0513;230795517;1;0;42;1#2;30;
0513;230795518;1;0;72;1#2;30;
0513;230795519;1;0;93;1#2;30;
0513;230795520;1;0;36;1#2;30;
0513;230795521;1;0;19;1#2;30;
0513;230795522;1;0;179;1#2;30;
0513;230795523;1;0;7;1#2;30;
0513;230795524;1;0;69;1#2;30;
0513;230795525;1;0;84;1#2;30;
0513;230795526;1;0;9;1#2;30;
0513;230795527;1;0;43;1#2;30;
0513;230795528;1;0;61;1#2;30;
0513;230795529;1;0;47;1#2;30;
0513;230795530;1;0;132;1#2;30;
0513;230795531;1;0;79;1#2;30;
0513;230795532;1;0;51;1#2;30;
0513;230795533;1;0;48;1#2;30;
0513;230795534;1;0;62;1#2;30;
0513;230795535;1;0;37;1#2;30;
0513;230795536;1;0;120;1#2;30;
0513;230795537;1;0;126;1#2;30;
0513;230795538;1;0;32;1#2;30;
0513;230795539;1;0;60;1#2;30;
0513;230795540;1;0;81;1#2;30;
0513;230795541;1;0;103;1#2;30;
0513;230795542;1;0;73;1#2;30;
0513;230795543;1;0;73;1#2;30;
0513;230795544;1;0;62;1#2;30;
0513;230795545;1;0;33;1#2;30;
0513;230795546;1;0;54;1#2;30;
0513;230795547;1;0;12;1#2;30;
0513;230795548;1;0;77;1#2;30;
0513;230795549;1;0;48;1#2;30;
0513;230795550;1;0;88;1#2;30;
0513;230795551;1;0;53;1#2;30;
0513;230795552;1;0;35;1#2;30;
0513;230795553;1;0;63;1#2;30;
0513;230795554;1;0;110;1#2;30;
0513;230795555;1;0;8;1#2;30;
0513;230795556;1;0;165;1#2;30;
0513;230795557;1;0;113;1#2;30;
0513;230795558;1;0;31;1#2;30;
0513;230795559;1;0;32;1#2;30;
0513;230795560;1;0;88;1#2;30;
0513;230795561;1;0;40;1#2;30;
0513;230795562;1;0;37;1#2;30;
0513;230795563;1;0;50;1#2;30;
0513;230795564;1;0;37;1#2;30;
0513;230795565;1;0;29;1#2;30;
0513;230795566;1;0;20;1#2;30;
0513;230795567;1;0;33;1#2;30;
0513;230795568;1;0;35;1#2;30;
0513;230795569;1;0;72;1#2;30;
0513;230795570;1;0;14;1#2;30;
0513;230795571;1;0;126;1#2;30;
0513;230795572;1;0;65;1#2;30;
0513;230795573;1;0;48;1#2;30;
0513;230795574;1;0;67;1#2;30;
0513;230795575;1;0;76;1#2;30;
0513;230795576;1;0;67;1#2;30;
0513;230795577;1;0;87;1#2;30;
0513;230795578;1;0;49;1#2;30;
0513;230795579;1;0;132;1#2;30;
0513;230795580;1;0;64;1#2;30;
0513;230795581;1;0;28;1#2;30;
0513;230795582;1;0;36;1#2;30;
0513;230795583;1;0;143;1#2;30;
0513;230795584;1;0;46;1#2;30;
0513;230795585;1;0;40;1#2;30;
0513;230795586;1;0;14;1#2;30;
0513;230795587;1;0;27;1#2;30;
0513;230795588;1;0;101;1#2;30;
0513;230795589;1;0;324;1#2;30;
0513;230795590;1;0;44;1#2;30;
0513;230795591;1;0;79;1#2;30;
0513;230795592;1;0;64;1#2;30;
0513;230795593;1;0;94;1#2;50;
0513;230795594;1;0;52;1#2;30;
0513;230795595;1;0;13;1#2;30;
0513;230795596;1;0;161;1#2;30;
0513;230795597;1;0;63;1#2;30;
0513;230795598;1;0;7;1#2;30;
0513;230795599;1;0;49;1#2;30;
0513;230795600;1;0;81;1#2;30;
0513;230795601;1;0;41;1#2;30;
0513;230795602;1;0;56;1#2;30;
0513;230795603;1;0;35;1#2;30;
0513;230795604;1;0;53;1#2;30;
0513;230795605;1;0;320;1#2;30;
0513;230795606;1;0;48;1#2;30;
0513;230795607;1;0;124;1#2;30;
0513;230795608;1;0;221;1#2;30;
0513;230795609;1;0;36;1#2;30;
0513;230795610;1;0;220;1#2;30;
0513;230795611;1;0;310;1#2;30;
0513;230795612;1;0;340;1#2;30;
0513;230795613;1;0;131;1#2;30;
0513;230795614;1;0;137;1#2;30;
0513;230795615;1;0;42;1#2;30;
0513;230795616;1;0;230;1#2;30;
0513;230795617;1;0;131;1#2;30;
0513;230795618;1;0;249;1#2;30;
0513;230795619;1;0;49;1#2;30;
0513;230795620;1;0;40;1#2;30;
0513;248536213;1;0;37;1#2;30;
0513;248536214;1;0;124;1#2;30;
0513;230795622;1;0;38;1#2;30;
0513;230795623;1;0;44;1#2;30;
0513;230795624;1;0;37;1#2;30;
0513;230795625;1;0;64;1#2;30;
0513;230795626;1;0;73;1#2;30;
0513;230795627;1;0;49;1#2;30;
0513;230795628;1;0;57;1#2;30;
0513;230795629;1;0;433;1#2;30;
0513;230795630;1;0;40;1#2;30;
0513;230795631;1;0;39;1#2;30;
0513;230795632;1;0;43;1#2;30;
0513;230795633;1;0;162;1#2;50;
0513;230795634;1;0;38;1#2;30;
0513;230795635;1;0;39;1#2;30;
0513;230795636;1;0;52;1#2;30;
0513;230795637;1;0;38;1#2;50;
0513;230795638;1;0;91;1#2;30;
0513;230795639;1;0;104;1#2;30;
0513;230795640;1;0;129;1#2;30;
0513;230795641;1;0;125;1#2;50;
0513;230795642;1;0;40;1#2;30;
0513;230795643;1;0;1082;1#2;30;
0513;230795644;1;0;192;1#2;30;
0513;230795645;1;0;55;1#2;30;
0513;230795646;1;0;215;1#2;30;
0513;230795647;1;0;202;1#2;30;
0513;230795648;1;0;65;1#2;30;
0513;230795649;1;0;312;1#2;30;
0513;230795650;1;0;137;1#2;30;
0513;230795651;1;0;188;1#2;30;
0513;230795652;1;0;93;1#2;30;
0513;230795653;1;0;254;1#2;30;
0513;230795654;1;0;42;1#2;30;
0513;230795655;1;0;390;1#2;30;
0513;230795656;1;0;231;1#2;30;
0513;230795657;1;0;262;1#2;30;
0513;230795658;1;0;102;1#2;30;
0513;230795659;1;0;29;1#2;30;
0513;230795660;1;0;44;1#2;30;
0513;230795661;1;0;11;1#2;30;
0513;230795662;1;0;52;1#2;30;
0513;230795663;1;0;32;1#2;30;
0513;230795664;1;0;42;1#2;30;
0513;230795665;1;0;111;1#2;30;
0513;230795666;1;0;33;1#2;30;
0513;230795667;1;0;149;1#2;30;
0513;230795668;1;0;36;1#2;30;
0513;230795669;1;0;1564;1#2;50;
0513;230795670;1;0;49;1#2;30;
0513;230795671;1;0;103;1#2;30;
0513;230795672;1;0;87;1#2;30;
0513;230795674;1;0;246;1#2;30;
0513;230795675;1;0;273;1#2;30;
0513;230795676;1;0;51;1#2;30;
0513;230795677;1;0;211;1#2;30;
0513;230795678;1;0;452;1#2;30;
0513;230795679;1;0;398;1#2;30;
0513;230795680;1;0;160;1#2;30;
0513;230795681;1;0;242;1#2;30;
0513;230795682;1;0;29;1#2;30;
0513;230795683;1;0;6;1#2;30;
0513;230795684;1;0;291;1#2;30;
0513;230795685;1;0;75;1#2;30;
0513;230795686;1;0;37;1#2;30;
0513;230795687;1;0;101;1#2;30;
0513;230795688;1;0;191;1#2;30;
0513;230795689;1;0;30;1#2;30;
0513;230795690;1;0;56;1#2;30;
0513;230795691;1;0;182;1#2;30;
0513;230795692;1;0;246;1#2;30;
0513;230795693;1;0;96;1#2;30;
0513;230795694;1;0;43;1#2;30;
0513;230795695;1;0;28;1#2;30;
0513;230795696;1;0;107;1#2;30;
0513;230795697;1;0;8;1#2;30;
0513;230795698;1;0;84;1#2;30;
0513;230795699;1;0;97;1#2;30;
0513;230795700;1;0;139;1#2;30;
0513;230795701;1;0;47;1#2;30;
0513;230795702;1;0;29;1#2;50;
0513;230795703;1;0;179;1#2;50;
0513;230795704;1;0;10;1#2;30;
0513;230795705;1;0;261;1#2;30;
0513;230795706;1;0;60;1#2;50;
0513;230795707;1;0;285;1#2;30;
0513;230795708;1;0;132;1#2;30;
0513;230795709;1;0;123;1#2;30;
0513;230795710;1;0;23;1#2;30;
0513;230795711;1;0;12;1#2;30;
0513;230795712;1;0;387;1#2;30;
0513;230795727;1;0;247;1#2;30;
0513;230795728;1;0;78;1#2;30;
0513;230795729;1;0;157;1#2;30;
0513;230795730;1;0;79;1#2;30;
0513;230795731;1;0;77;1#2;30;
0513;230795732;1;0;1053;1#2;30;
0513;230795733;1;0;73;1#2;30;
0513;230795734;1;0;216;1#2;30;
0513;230795735;1;0;40;1#2;30;
0513;230795736;1;0;62;1#2;30;
0513;230795737;1;0;88;1#2;30;
0513;230795738;1;0;35;1#2;30;
0513;230795739;1;0;96;1#2;30;
0513;230795740;1;0;84;1#2;30;
0513;230795741;1;0;34;1#2;30;
0513;230795742;1;0;24;1#2;30;
0513;230795743;1;0;53;1#2;30;
0513;230795744;1;0;114;1#2;30;
0513;230795745;1;0;376;1#2;50;
0513;230795746;1;0;33;1#2;30;
0513;230795747;1;0;45;1#2;50;
0513;230795748;1;0;35;1#2;30;
0513;230795749;1;0;163;1#2;30;
0513;230795750;1;0;108;1#2;30;
0513;230795751;1;0;333;1#2;30;
0513;230795752;1;0;241;1#2;30;
0513;230795753;1;0;162;1#2;30;
0513;230795754;1;0;217;1#2;30;
0513;230795755;1;0;145;1#2;30;
0513;230795756;1;0;10;1#2;30;
0513;230795757;1;0;79;1#2;30;
0513;230795758;1;0;261;1#2;30;
0513;230795759;1;0;88;1#2;30;
0513;230795760;1;0;63;1#2;30;
0513;230795761;1;0;727;1#2;30;
0513;230795762;1;0;41;1#2;30;
0513;230795763;1;0;11;1#2;30;
0513;230795764;1;0;31;1#2;30;
0513;230795765;1;0;163;1#2;30;
0513;230795766;1;0;84;1#2;30;
0513;230795767;1;0;208;1#2;30;
0513;230795768;1;0;121;1#2;30;
0513;230795769;1;0;140;1#2;30;
0513;230795770;1;0;114;1#2;30;
0513;230795771;1;0;39;1#2;50;
0513;230795772;1;0;126;1#2;50;
0513;230795773;1;0;121;1#2;50;
0513;230795774;1;0;118;1#2;50;
0513;230795775;1;0;104;1#2;50;
0513;230795776;1;0;321;1#2;50;
0513;230795777;1;0;16;1#2;50;
0513;230795778;1;0;164;1#2;30;
0513;230795779;1;0;107;1#2;30;
0513;230795780;1;0;131;1#2;30;
0513;230795781;1;0;70;1#2;30;
0513;230795782;1;0;35;1#2;30;
0513;230795783;1;0;35;1#2;30;
0513;230795784;1;0;30;1#2;30;
0513;230795785;1;0;94;1#2;30;
0513;230795786;1;0;51;1#2;30;
0513;230795787;1;0;105;1#2;30;
0513;230795788;1;0;81;1#2;30;
0513;230795789;1;0;121;1#2;30;
0513;230795790;1;0;60;1#2;30;
0513;230795791;1;0;272;1#2;30;
0513;230795792;1;0;154;1#2;30;
0513;230795793;1;0;118;1#2;30;
0513;230795794;1;0;31;1#2;30;
0513;230795795;1;0;261;1#2;30;
0513;230795796;1;0;113;1#2;30;
0513;230795797;1;0;111;1#2;30;
0513;230795798;1;0;185;1#2;30;
0513;230795799;1;0;190;1#2;30;
0513;230795800;1;0;379;1#2;30;
0513;230795801;1;0;159;1#2;30;
0513;230795802;1;0;280;1#2;30;
0513;230795803;1;0;166;1#2;30;
0513;230795804;1;0;109;1#2;30;
0513;230795805;1;0;36;1#2;30;
0513;230795806;1;0;110;1#2;30;
0513;230795807;1;0;69;1#2;30;
0513;230795808;1;0;36;1#2;30;
0513;230795809;1;0;42;1#2;30;
0513;230795810;1;0;51;1#2;30;
0513;230795811;1;0;359;1#2;30;
0513;230795812;1;0;116;1#2;30;
0513;230795813;1;0;75;1#2;30;
0513;230795814;1;0;18;1#2;30;
0513;230795815;1;0;78;1#2;30;
0513;230795816;1;0;125;1#2;30;
0513;230795817;1;0;53;1#2;30;
0513;230795818;1;0;75;1#2;30;
0513;230795819;1;0;62;1#2;30;
0513;230795820;1;0;22;1#2;30;
0513;230795821;1;0;5;1#2;30;
0513;230795823;1;0;22;1#2;30;
0513;230795824;1;0;4;1#2;30;
0513;230795825;1;0;63;1#2;30;
0513;230795826;1;0;51;1#2;30;
0513;230795827;1;0;67;1#2;30;
0513;230795828;1;0;65;1#2;30;
0513;230795829;1;0;8;1#2;30;
0513;230795830;1;0;120;1#2;30;
0513;230795831;1;0;129;1#2;30;
0513;230795832;1;0;107;1#2;30;
0513;230795833;1;0;61;1#2;30;
0513;230795840;1;0;8;1#2;30;
0513;230795842;1;0;42;1#2;30;
0513;230795843;1;0;56;1#2;30;
0513;230795844;1;0;30;1#2;30;
0513;230795845;1;0;154;1#2;30;
0513;230795846;1;0;75;1#2;30;
0513;230795847;1;0;59;1#2;30;
0513;230795848;1;0;24;1#2;30;
0513;230795849;1;0;27;1#2;30;
0513;230795850;1;0;68;1#2;30;
0513;230795851;1;0;30;1#2;30;
0513;230795852;1;0;40;1#2;30;
0513;230795853;1;0;42;1#2;30;
0513;230795854;1;0;59;1#2;30;
0513;230795855;1;0;136;1#2;30;
0513;230795856;1;0;42;1#2;30;
0513;230795857;1;0;16;1#2;30;
0513;230795858;1;0;39;1#2;30;
0513;230795859;1;0;41;1#2;30;
0513;230795860;1;0;80;1#2;30;
0513;230795861;1;0;83;1#2;30;
0513;230795862;1;0;93;1#2;30;
0513;230795863;1;0;30;1#2;30;
0513;230795864;1;0;111;1#2;30;
0513;230795865;1;0;46;1#2;30;
0513;230795866;1;0;29;1#2;30;
0513;230795867;1;0;91;1#2;30;
0513;230795868;1;0;134;1#2;30;
0513;230795869;1;0;60;1#2;30;
0513;230795870;1;0;151;1#2;30;
0513;230795871;1;0;101;1#2;30;
0513;230795872;1;0;42;1#2;30;
0513;230795873;1;0;9;1#2;30;
0513;230795874;1;0;81;1#2;30;
0513;230795875;1;0;61;1#2;30;
0513;230795876;1;0;275;1#2;30;
0513;230795877;1;0;74;1#2;30;
0513;230795878;1;0;21;1#2;30;
0513;230795879;1;0;5;1#2;30;
0513;230795880;1;0;8;1#2;30;
0513;230795881;1;0;15;1#2;30;
0513;230795882;1;0;40;1#2;30;
0513;230795883;1;0;56;1#2;30;
0513;231037447;1;0;15;1#2;30;
0513;231037448;1;0;147;1#2;30;
0513;231037449;1;0;42;1#2;30;
0513;231037450;1;0;48;1#2;30;
0513;231037451;1;0;109;1#2;30;
0513;231037452;1;0;259;1#2;30;
0513;231037453;1;0;63;1#2;30;
0513;231037454;1;0;296;1#2;30;
0513;231037455;1;0;71;1#2;30;
0513;231037456;1;0;31;1#2;30;
0513;231037457;1;0;223;1#2;30;
0513;231037458;1;0;48;1#2;30;
0513;231037459;1;0;89;1#2;30;
0513;231037460;1;0;48;1#2;30;
0513;231037461;1;0;49;1#2;30;
0513;231037462;1;0;14;1#2;30;
0513;231037463;1;0;12;1#2;30;
0513;231037464;1;0;68;1#2;30;
0513;231037465;1;0;112;1#2;30;
0513;231037466;1;0;35;1#2;30;
0513;231037467;1;0;45;1#2;30;
0513;231037468;1;0;218;1#2;30;
0513;231037469;1;0;148;1#2;30;
0513;231037470;1;0;49;1#2;30;
0513;231037471;1;0;129;1#2;30;
0513;231037472;1;0;115;1#2;30;
0513;231037473;1;0;54;1#2;30;
0513;231037474;1;0;115;1#2;30;
0513;231037475;1;0;220;1#2;30;
0513;231037476;1;0;189;1#2;30;
0513;231037477;1;0;74;1#2;30;
0513;231037478;1;0;191;1#2;30;
0513;231037479;1;0;93;1#2;30;
0513;231037480;1;0;43;1#2;30;
0513;231037481;1;0;165;1#2;30;
0513;231037482;1;0;74;1#2;30;
0513;231037483;1;0;43;1#2;30;
0513;231037484;1;0;118;1#2;30;
0513;231037485;1;0;78;1#2;30;
0513;231037486;1;0;51;1#2;30;
0513;231037487;1;0;55;1#2;30;
0513;231037488;1;0;204;1#2;30;
0513;231037489;1;0;63;1#2;30;
0513;231037490;1;0;95;1#2;30;
0513;231037491;1;0;342;1#2;30;
0513;231037492;1;0;12;1#2;30;
0513;231037493;1;0;49;1#2;30;
0513;231037494;1;0;7;1#2;30;
0513;231037495;1;0;94;1#2;30;
0513;231037496;1;0;175;1#2;30;
0513;231037497;1;0;60;1#2;30;
0513;231037498;1;0;37;1#2;30;
0513;231037499;1;0;194;1#2;30;
0513;231037500;1;0;516;1#2;30;
0513;231037501;1;0;69;1#2;30;
0513;231037502;1;0;161;1#2;30;
0513;231037503;1;0;65;1#2;30;
0513;231037504;1;0;68;1#2;30;
0513;231037505;1;0;81;1#2;30;
0513;231037506;1;0;44;1#2;30;
0513;231037507;1;0;97;1#2;30;
0513;231037508;1;0;278;1#2;30;
0513;231037509;1;0;161;1#2;30;
0513;231037510;1;0;8;1#2;30;
0513;231037511;1;0;232;1#2;30;
0513;231037512;1;0;63;1#2;30;
0513;231037513;1;0;44;1#2;30;
0513;231037514;1;0;52;1#2;30;
0513;231037515;1;0;108;1#2;30;
0513;231037516;1;0;71;1#2;30;
0513;231037517;1;0;7;1#2;30;
0513;231037518;1;0;90;1#2;30;
0513;231037519;1;0;55;1#2;30;
0513;231037520;1;0;35;1#2;30;
0513;231037521;1;0;41;1#2;30;
0513;231037522;1;0;48;1#2;30;
0513;231037523;1;0;287;1#2;30;
0513;231037524;1;0;363;1#2;30;
0513;231037525;1;0;57;1#2;30;
0513;231037526;1;0;47;1#2;30;
0513;231037527;1;0;48;1#2;30;
0513;231037528;1;0;49;1#2;30;
0513;231037529;1;0;87;1#2;30;
0513;231037530;1;0;42;1#2;30;
0513;231037531;1;0;61;1#2;30;
0513;231037532;1;0;40;1#2;30;
0513;231037533;1;0;43;1#2;30;
0513;231037534;1;0;70;1#2;30;
0513;231037535;1;0;78;1#2;30;
0513;231037536;1;0;46;1#2;30;
0513;231037537;1;0;60;1#2;30;
0513;231037538;1;0;64;1#2;30;
0513;231037539;1;0;38;1#2;30;
0513;231037540;1;0;78;1#2;30;
0513;231037541;1;0;72;1#2;30;
0513;231037542;1;0;126;1#2;30;
0513;231037543;1;0;61;1#2;30;
0513;231037544;1;0;74;1#2;30;
0513;231037545;1;0;11;1#2;30;
0513;231037546;1;0;117;1#2;30;
0513;231037547;1;0;121;1#2;30;
0513;231037548;1;0;131;1#2;30;
0513;231037549;1;0;44;1#2;30;
0513;231037550;1;0;115;1#2;30;
0513;231037551;1;0;63;1#2;30;
0513;231037552;1;0;254;1#2;30;
0513;231037553;1;0;260;1#2;30;
0513;231037554;1;0;110;1#2;30;
0513;231037555;1;0;147;1#2;30;
0513;231037556;1;0;94;1#2;30;
0513;231037557;1;0;23;1#2;30;
0513;231037558;1;0;58;1#2;30;
0513;231037559;1;0;78;1#2;30;
0513;231037560;1;0;229;1#2;30;
0513;231037561;1;0;51;1#2;30;
0513;231037562;1;0;48;1#2;30;
0513;231037563;1;0;30;1#2;30;
0513;231037564;1;0;170;1#2;30;
0513;231037565;1;0;60;1#2;30;
0513;231037566;1;0;115;1#2;30;
0513;231037567;1;0;42;1#2;30;
0513;231037568;1;0;220;1#2;30;
0513;231037569;1;0;49;1#2;30;
0513;231037570;1;0;265;1#2;30;
0513;231037571;1;0;133;1#2;30;
0513;231037572;1;0;28;1#2;30;
0513;231037573;1;0;197;1#2;30;
0513;231037574;1;0;70;1#2;30;
0513;231037575;1;0;518;1#2;30;
0513;231037576;1;0;39;1#2;30;
0513;231037577;1;0;317;1#2;30;
0513;231037578;1;0;16;1#2;30;
0513;231037579;1;0;37;1#2;80;
0513;231037580;1;0;58;1#2;30;
0513;231037581;1;0;43;1#2;30;
0513;231037582;1;0;173;1#2;30;
0513;231037583;1;0;63;1#2;30;
0513;231037584;1;0;39;1#2;30;
0513;231037585;1;0;353;1#2;30;
0513;231037586;1;0;44;1#2;30;
0513;231037587;1;0;72;1#2;30;
0513;231037588;1;0;80;1#2;30;
0513;231037589;1;0;309;1#2;30;
0513;231037590;1;0;5;1#2;30;
0513;231037591;1;0;48;1#2;30;
0513;231037592;1;0;337;1#2;30;
0513;231037593;1;0;43;1#2;30;
0513;231037594;1;0;284;1#2;30;
0513;231037595;1;0;133;1#2;30;
0513;231037596;1;0;299;1#2;30;
0513;231037601;1;0;44;1#2;30;
0513;231037602;1;0;393;1#2;30;
0513;231037603;1;0;29;1#2;30;
0513;231037604;1;0;37;1#2;30;
0513;231037605;1;0;19;1#2;30;
0513;231037606;1;0;175;1#2;30;
0513;231037607;1;0;308;1#2;30;
0513;231037608;1;0;30;1#2;30;
0513;231037609;1;0;252;1#2;30;
0513;231037610;1;0;42;1#2;30;
0513;231037611;1;0;11;1#2;30;
0513;231037612;1;0;18;1#2;30;
0513;231037613;1;0;122;1#2;30;
0513;231037614;1;0;38;1#2;30;
0513;231037615;1;0;51;1#2;30;
0513;231037616;1;0;54;1#2;30;
0513;231037617;1;0;150;1#2;30;
0513;231037618;1;0;89;1#2;30;
0513;231037619;1;0;43;1#2;30;
0513;231037620;1;0;261;1#2;30;
0513;231037621;1;0;186;1#2;30;
0513;231037622;1;0;83;1#2;30;
0513;231037623;1;0;40;1#2;30;
0513;231037624;1;0;377;1#2;30;
0513;231037625;1;0;120;1#2;30;
0513;231037626;1;0;89;1#2;30;
0513;231037627;1;0;68;1#2;30;
0513;231037628;1;0;35;1#2;30;
0513;231037629;1;0;42;1#2;30;
0513;231037630;1;0;108;1#2;30;
0513;231037631;1;0;32;1#2;30;
0513;231037632;1;0;153;1#2;30;
0513;231037633;1;0;39;1#2;30;
0513;231037634;1;0;347;1#2;30;
0513;231037635;1;0;64;1#2;30;
0513;231037636;1;0;45;1#2;30;
0513;231037637;1;0;129;1#2;30;
0513;231037638;1;0;50;1#2;30;
0513;231037639;1;0;82;1#2;30;
0513;231037640;1;0;142;1#2;30;
0513;231037641;1;0;46;1#2;30;
0513;231037642;1;0;63;1#2;30;
0513;231037643;1;0;130;1#2;30;
0513;231037644;1;0;7;1#2;30;
0513;231037645;1;0;2663;1#2;30;
0513;231037646;1;0;14;1#2;30;
0513;231037647;1;0;202;1#2;30;
0513;231037648;1;0;81;1#2;30;
0513;231037649;1;0;73;1#2;30;
0513;231037650;1;0;22;1#2;30;
0513;231037651;1;0;130;1#2;30;
0513;231037652;1;0;77;1#2;30;
0513;231037653;1;0;23;1#2;30;
0513;231037654;1;0;317;1#2;30;
0513;231037655;1;0;35;1#2;30;
0513;231037656;1;0;29;1#2;30;
0513;231037657;1;0;33;1#2;30;
0513;231037658;1;0;81;1#2;30;
0513;231037659;1;0;195;1#2;30;
0513;231037660;1;0;118;1#2;30;
0513;231037661;1;0;20;1#2;30;
0513;231037662;1;0;332;1#2;30;
0513;231037663;1;0;116;1#2;30;
0513;231037664;1;0;391;1#2;30;
0513;231037665;1;0;264;1#2;30;
0513;231037666;1;0;124;1#2;30;
0513;231037667;1;0;63;1#2;30;
0513;231037668;1;0;43;1#2;30;
0513;231037669;1;0;48;1#2;30;
0513;231037670;1;0;238;1#2;30;
0513;231037671;1;0;13;1#2;30;
0513;231037672;1;0;58;1#2;30;
0513;240101852;1;0;12;1#2;30;
0513;240101853;1;0;250;1#2;30;
0513;240101854;1;0;38;1#2;30;
0513;240101855;1;0;104;1#2;30;
0513;240101856;1;0;97;1#2;30;
0513;240101857;1;0;14;1#2;30;
0513;240101858;1;0;6;1#2;30;
0513;240101859;1;0;101;1#2;30;
0513;240101860;1;0;60;1#2;30;
0513;240101861;1;0;28;1#2;30;
0513;240101862;1;0;33;1#2;30;
0513;240101863;1;0;54;1#2;30;
