*0104*2011 VEGNETT*20110511*FART*20110511*VDB SVNT*AHT
..Eksport-dato 20110511
50;

Komm; TransID;kode;Fra;   Til;felt; Fart;
0104;145098736;1;0;70;1#2;30;
0104;145100463;1;0;48;1#2;50;
0104;145100464;1;0;11;1#2;50;
0104;145100465;1;0;134;1#2;50;
0104;145100466;1;0;37;1#2;50;
0104;145100467;1;0;66;1#2;50;
0104;145100468;1;0;37;1#2;50;
0104;145100469;1;0;25;1#2;50;
0104;145100470;1;0;215;1#2;50;
0104;145100471;1;0;6;1#2;50;
0104;145100472;1;0;19;1#2;50;
0104;145100473;1;0;130;1#2;50;
0104;145100474;1;0;81;1#2;50;
0104;145100475;1;0;56;1#2;50;
0104;145100476;1;0;115;1#2;50;
0104;145100477;1;0;67;1#2;50;
0104;145100478;1;0;15;1#2;50;
0104;145100479;1;0;70;1#2;50;
0104;145100480;1;0;176;1#2;50;
0104;145100481;1;0;82;1#2;50;
0104;145100482;1;0;57;1#2;50;
0104;145100483;1;0;75;1#2;50;
0104;145100484;1;0;246;1#2;50;
0104;145100485;1;0;67;1#2;50;
0104;145100486;1;0;162;1#2;50;
0104;145100487;1;0;135;1#2;50;
0104;234360045;1;0;35;1#2;50;
0104;234360046;1;0;4;1#2;50;
0104;145100489;1;0;55;1#2;50;
0104;145100490;1;0;98;1#2;50;
0104;145100491;1;0;84;1#2;50;
0104;145100492;1;0;47;1#2;50;
0104;145100493;1;0;39;1#2;50;
0104;145100494;1;0;38;1#2;50;
0104;145100495;1;0;91;1#2;50;
0104;145100496;1;0;80;1#2;50;
0104;145100497;1;0;111;1#2;50;
0104;145100498;1;0;8;1#2;50;
0104;145100499;1;0;108;1#2;50;
0104;145100500;1;0;81;1#2;50;
0104;234360047;1;0;61;1#2;50;
0104;234360048;1;0;19;1#2;50;
0104;145100502;1;0;226;1#2;50;
0104;145100503;1;0;28;1#2;50;
0104;145100504;1;0;134;1#2;50;
0104;145100505;1;0;145;1#2;50;
0104;145100506;1;0;46;1#2;50;
0104;145100507;1;0;90;1#2;50;
0104;145100508;1;0;87;1#2;50;
0104;145100509;1;0;37;1#2;50;
0104;145100510;1;0;76;1#2;50;
0104;145100511;1;0;132;1#2;50;
0104;145100512;1;0;77;1#2;50;
0104;145100513;1;0;171;1#2;50;
0104;145100514;1;0;60;1#2;50;
0104;145100515;1;0;136;1#2;50;
0104;145100516;1;0;135;1#2;50;
0104;145100517;1;0;71;1#2;50;
0104;145100518;1;0;53;1#2;50;
0104;145100519;1;0;20;1#2;50;
0104;145100520;1;0;66;1#2;50;
0104;145100521;1;0;115;1#2;50;
0104;145100522;1;0;26;1#2;50;
0104;145100523;1;0;103;1#2;50;
0104;145100524;1;0;27;1#2;50;
0104;145100525;1;0;28;1#2;50;
0104;145100526;1;0;38;1#2;50;
0104;145100527;1;0;97;1#2;50;
0104;145100528;1;0;90;1#2;50;
0104;145100529;1;0;29;1#2;50;
0104;145100530;1;0;35;1#2;50;
0104;145100531;1;0;53;1#2;50;
0104;145100532;1;0;94;1#2;50;
0104;145100533;1;0;57;1#2;50;
0104;145100534;1;0;153;1#2;50;
0104;145100535;1;0;163;1#2;50;
0104;145100537;1;0;92;1#2;50;
0104;145100538;1;0;127;1#2;50;
0104;145100539;1;0;92;1#2;50;
0104;145100540;1;0;51;1#2;50;
0104;145100541;1;0;276;1#2;50;
0104;145100542;1;0;74;1#2;50;
0104;145100543;1;0;287;1#2;50;
0104;145100544;1;0;214;1#2;50;
0104;145100545;1;0;166;1#2;50;
0104;145100546;1;0;141;1#2;50;
0104;145100547;1;0;311;1#2;50;
0104;145100548;1;0;117;1#2;50;
0104;145100549;1;0;462;1#2;50;
0104;145100550;1;0;174;1#2;50;
0104;145100551;1;0;17;1#2;50;
0104;145100552;1;0;57;1#2;50;
0104;145100553;1;0;22;1#2;50;
0104;145100554;1;0;57;1#2;50;
0104;145100555;1;0;31;1#2;50;
0104;145100556;1;0;13;1#2;50;
0104;145100557;1;0;9;1#2;50;
0104;145100558;1;0;67;1#2;50;
0104;145100559;1;0;50;1#2;50;
0104;145100560;1;0;38;1#2;50;
0104;145100561;1;0;17;1#2;50;
0104;145100562;1;0;23;1#2;50;
0104;145100563;1;0;7;1#2;50;
0104;145100564;1;0;261;1#2;50;
0104;145100565;1;0;13;1#2;50;
0104;145100566;1;0;268;1#2;50;
0104;145100567;1;0;150;1#2;50;
0104;145100568;1;0;19;1#2;50;
0104;145100569;1;0;100;1#2;50;
0104;145100570;1;0;68;1#2;50;
0104;145100571;1;0;15;1#2;50;
0104;145100572;1;0;57;1#2;50;
0104;145100573;1;0;97;1#2;50;
0104;145100574;1;0;36;1#2;50;
0104;145100575;1;0;228;1#2;50;
0104;145100576;1;0;31;1#2;50;
0104;145100577;1;0;79;1#2;50;
0104;145100578;1;0;160;1#2;50;
0104;145100579;1;0;97;1#2;50;
0104;145100580;1;0;117;1#2;50;
0104;145100581;1;0;105;1#2;50;
0104;145100582;1;0;54;1#2;50;
0104;145100583;1;0;101;1#2;50;
0104;145100584;1;0;89;1#2;50;
0104;145100585;1;0;145;1#2;50;
0104;145100586;1;0;25;1#2;50;
0104;145100587;1;0;39;1#2;50;
0104;145100588;1;0;73;1#2;50;
0104;145100589;1;0;129;1#2;50;
0104;145100590;1;0;81;1#2;50;
0104;145100591;1;0;302;1#2;50;
0104;145100592;1;0;56;1#2;50;
0104;145100593;1;0;3;1#2;50;
0104;145100594;1;0;201;1#2;50;
0104;145100595;1;0;67;1#2;50;
0104;145100596;1;0;71;1#2;50;
0104;145100597;1;0;81;1#2;50;
0104;145100598;1;0;166;1#2;50;
0104;145100599;1;0;112;1#2;50;
0104;145100600;1;0;283;1#2;50;
0104;145100601;1;0;52;1#2;50;
0104;145100602;1;0;86;1#2;50;
0104;145100603;1;0;38;1;50;
0104;145100604;1;0;77;1;50;
0104;145100605;1;0;136;1#2;50;
0104;145100606;1;0;71;2;50;
0104;145100607;1;0;124;1#2;50;
0104;145100608;1;0;77;1#2;50;
0104;145100609;1;0;4;1#2;50;
0104;145100610;1;0;170;1#2;50;
0104;145100611;1;0;163;1#2;50;
0104;145100614;1;0;75;1#2;50;
0104;145100615;1;0;42;1#2;50;
0104;145100616;1;0;9;1#2;50;
0104;145100617;1;0;80;1#2;50;
0104;145100618;1;0;89;1#2;50;
0104;265461177;1;0;68;1#2;50;
0104;265461178;1;0;34;1#2;50;
0104;145100620;1;0;100;1#2;50;
0104;145100621;1;0;58;1#2;50;
0104;145100622;1;0;84;1#2;50;
0104;145100623;1;0;101;1#2;50;
0104;145100624;1;0;59;1#2;50;
0104;145100625;1;0;104;1#2;50;
0104;145100626;1;0;6;1#2;50;
0104;145100627;1;0;270;1#2;50;
0104;145100628;1;0;20;1#2;50;
0104;145100629;1;0;63;1#2;50;
0104;145100630;1;0;74;1#2;50;
0104;145100631;1;0;107;1#2;50;
0104;145100632;1;0;109;1#2;50;
0104;145100633;1;0;108;1#2;50;
0104;145100634;1;0;124;1#2;50;
0104;145100635;1;0;70;1#2;50;
0104;145100636;1;0;154;1#2;50;
0104;145100637;1;0;66;1#2;50;
0104;145100638;1;0;164;1#2;50;
0104;145100639;1;0;18;1#2;50;
0104;145100640;1;0;172;1#2;50;
0104;145100641;1;0;264;1#2;50;
0104;145100643;1;0;88;1#2;50;
0104;145100644;1;0;62;1#2;50;
0104;145100645;1;0;79;1#2;50;
0104;145100646;1;0;57;1#2;50;
0104;145100647;1;0;106;1#2;50;
0104;145100648;1;0;147;1#2;50;
0104;145100649;1;0;19;1#2;50;
0104;145100650;1;0;7;1#2;50;
0104;145100651;1;0;22;1#2;50;
0104;145100652;1;0;61;1#2;50;
0104;145100653;1;0;189;1#2;50;
0104;145100654;1;0;127;1#2;50;
0104;145100655;1;0;35;1#2;50;
0104;145100656;1;0;88;1#2;50;
0104;145100657;1;0;88;1#2;50;
0104;145100658;1;0;214;1#2;50;
0104;145100659;1;0;174;1#2;50;
0104;212637490;1;0;10;1#2;50;
0104;212637491;1;0;138;1#2;50;
0104;145100662;1;0;46;1#2;50;
0104;145100663;1;0;156;1#2;50;
0104;234360049;1;0;9;1#2;50;
0104;234360050;1;0;46;1#2;50;
0104;234360051;1;0;68;1#2;50;
0104;145100665;1;0;103;1#2;50;
0104;145100666;1;0;32;1#2;50;
0104;145100667;1;0;45;1#2;50;
0104;145100668;1;0;212;1#2;50;
0104;145100669;1;0;81;1#2;50;
0104;145100670;1;0;59;1#2;50;
0104;145100671;1;0;21;1#2;50;
0104;145100672;1;0;25;1#2;50;
0104;145100673;1;0;8;1#2;50;
0104;145100676;1;0;220;1#2;50;
0104;145100677;1;0;271;1#2;50;
0104;145100679;1;0;29;1#2;50;
0104;145100680;1;0;42;1#2;50;
0104;145100681;1;0;25;1#2;50;
0104;145100682;1;0;71;1#2;50;
0104;145100685;1;0;199;1#2;50;
0104;145100686;1;0;15;1#2;50;
0104;145100687;1;0;65;1#2;50;
0104;145100688;1;0;64;1#2;50;
0104;145100689;1;0;81;1#2;50;
0104;145100690;1;0;43;1#2;50;
0104;145100691;1;0;33;1#2;50;
0104;145100692;1;0;436;1#2;50;
0104;145100694;1;0;155;1#2;50;
0104;145100695;1;0;162;1#2;50;
0104;145100696;1;0;56;1#2;50;
0104;145100697;1;0;33;1#2;50;
0104;145100698;1;0;120;1#2;50;
0104;145100699;1;0;66;1#2;50;
0104;145100700;1;0;49;1#2;50;
0104;145100701;1;0;118;1#2;50;
0104;145100702;1;0;101;1#2;50;
0104;145100703;1;0;208;1#2;50;
0104;145100704;1;0;24;1#2;50;
0104;145100705;1;0;19;1#2;50;
0104;145100706;1;0;55;1#2;50;
0104;145100707;1;0;79;1#2;50;
0104;145100708;1;0;164;1#2;50;
0104;145100709;1;0;71;1#2;50;
0104;145100710;1;0;361;1#2;50;
0104;145100711;1;0;19;1#2;50;
0104;145100712;1;0;16;1#2;50;
0104;145100713;1;0;21;1#2;50;
0104;145100714;1;0;125;1#2;50;
0104;145100715;1;0;30;1#2;50;
0104;145100716;1;0;53;1#2;50;
0104;145100717;1;0;111;1#2;50;
0104;145100718;1;0;111;1#2;50;
0104;145100719;1;0;49;1#2;50;
0104;145100720;1;0;120;1#2;50;
0104;145100721;1;0;49;1#2;50;
0104;145100722;1;0;54;1#2;50;
0104;145100723;1;0;4;1#2;50;
0104;145100724;1;0;132;1#2;50;
0104;145100725;1;0;48;1#2;50;
0104;145100726;1;0;64;1#2;50;
0104;145100727;1;0;157;1#2;50;
0104;145100728;1;0;266;1#2;50;
0104;145100729;1;0;100;1#2;50;
0104;145100730;1;0;141;1#2;50;
0104;145100731;1;0;77;1#2;50;
0104;145100732;1;0;95;1#2;50;
0104;145100733;1;0;139;1#2;50;
0104;145100734;1;0;55;1#2;50;
0104;145100735;1;0;119;1#2;50;
0104;145100736;1;0;87;1#2;50;
0104;145100737;1;0;74;1#2;50;
0104;145100738;1;0;28;1#2;50;
0104;145100739;1;0;3;1#2;50;
0104;145100740;1;0;75;1#2;50;
0104;145100741;1;0;71;1#2;50;
0104;145100742;1;0;67;1#2;50;
0104;145100743;1;0;166;1#2;50;
0104;145100744;1;0;52;1#2;50;
0104;145100745;1;0;81;1#2;50;
0104;145100746;1;0;87;1#2;50;
0104;145100747;1;0;140;1#2;50;
0104;145100748;1;0;159;1#2;50;
0104;145100749;1;0;51;1#2;50;
0104;145100750;1;0;12;1#2;50;
0104;145100751;1;0;30;1#2;50;
0104;145100752;1;0;57;1#2;50;
0104;145100753;1;0;65;1#2;50;
0104;145100754;1;0;44;1#2;50;
0104;145100755;1;0;64;1#2;50;
0104;145100756;1;0;105;1#2;50;
0104;145100757;1;0;19;1#2;50;
0104;145100758;1;0;212;1#2;50;
0104;145100759;1;0;105;1#2;50;
0104;145100760;1;0;68;1#2;50;
0104;145100761;1;0;73;1#2;50;
0104;145100762;1;0;70;1#2;50;
0104;145100763;1;0;73;1#2;50;
0104;145100764;1;0;75;1#2;50;
0104;145100765;1;0;69;1#2;50;
0104;145100766;1;0;75;1#2;50;
0104;145100767;1;0;152;1#2;50;
0104;145100768;1;0;79;1#2;50;
0104;145100769;1;0;56;1#2;50;
0104;145100770;1;0;5;1#2;50;
0104;145100771;1;0;31;1#2;50;
0104;145100772;1;0;106;1#2;50;
0104;145100773;1;0;109;1#2;50;
0104;145100774;1;0;160;1#2;50;
0104;145100776;1;0;261;1#2;50;
0104;145100777;1;0;171;1#2;50;
0104;145100779;1;0;94;1#2;50;
0104;145100780;1;0;69;1#2;50;
0104;145100781;1;0;258;1#2;50;
0104;145100782;1;0;161;1#2;50;
0104;145100783;1;0;48;1#2;50;
0104;145100784;1;0;96;1#2;50;
0104;145100785;1;0;48;1#2;50;
0104;145100786;1;0;30;1#2;50;
0104;175992707;1;0;3;1#2;50;
0104;175992708;1;0;111;1#2;50;
0104;145100790;1;0;49;1#2;50;
0104;145100791;1;0;42;1#2;50;
0104;145100792;1;0;100;1#2;50;
0104;145100793;1;0;77;1#2;50;
0104;145100794;1;0;8;1#2;50;
0104;145100795;1;0;9;1#2;50;
0104;145100796;1;0;69;1#2;50;
0104;145100797;1;0;77;1#2;50;
0104;145100799;1;0;111;1#2;50;
0104;145100800;1;0;51;1#2;50;
0104;145100801;1;0;18;1#2;50;
0104;145100802;1;0;25;1#2;50;
0104;145100803;1;0;17;1#2;50;
0104;145100804;1;0;41;1#2;50;
0104;145100805;1;0;206;1#2;50;
0104;145100806;1;0;140;1#2;50;
0104;145100807;1;0;115;1#2;50;
0104;145100808;1;0;33;1#2;50;
0104;145100809;1;0;140;1#2;50;
0104;145100810;1;0;179;1#2;50;
0104;145100811;1;0;38;1#2;50;
0104;145100812;1;0;43;1#2;50;
0104;145100813;1;0;118;1#2;50;
0104;145100814;1;0;55;1#2;50;
0104;145100815;1;0;115;1#2;50;
0104;145100816;1;0;241;1#2;50;
0104;145100817;1;0;61;1#2;50;
0104;145100818;1;0;65;1#2;50;
0104;145100819;1;0;43;1#2;50;
0104;145100820;1;0;31;1#2;50;
0104;145100821;1;0;55;1#2;50;
0104;145100822;1;0;80;1#2;50;
0104;145100823;1;0;35;1#2;50;
0104;145100824;1;0;78;1#2;50;
0104;145100825;1;0;43;1#2;50;
0104;145100826;1;0;118;1#2;50;
0104;145100827;1;0;85;1#2;50;
0104;145100828;1;0;56;1#2;50;
0104;145100829;1;0;114;1#2;50;
0104;145100830;1;0;57;1#2;50;
0104;145100831;1;0;85;1#2;50;
0104;145100832;1;0;71;1#2;50;
0104;145100833;1;0;39;1#2;50;
0104;145100834;1;0;306;1#2;50;
0104;145100835;1;0;58;1#2;50;
0104;145100836;1;0;117;1#2;50;
0104;145100838;1;0;182;1#2;50;
0104;145100839;1;0;16;1#2;50;
0104;145100840;1;0;71;1#2;50;
0104;145100841;1;0;155;1#2;50;
0104;145100842;1;0;168;2;50;
0104;145100843;1;0;101;1#2;50;
0104;145100844;1;0;146;1#2;50;
0104;145100845;1;0;105;1#2;50;
0104;145100846;1;0;299;1#2;50;
0104;145100847;1;0;57;1#2;50;
0104;145100848;1;0;44;1#2;50;
0104;145100849;1;0;32;1#2;50;
0104;145100850;1;0;175;1#2;50;
0104;145100851;1;0;68;1#2;50;
0104;145100852;1;0;7;1#2;50;
0104;145100853;1;0;48;1#2;50;
0104;234360052;1;0;67;1#2;50;
0104;145100855;1;0;207;1#2;50;
0104;145100856;1;0;100;1#2;50;
0104;145100857;1;0;156;1#2;50;
0104;145100858;1;0;47;1#2;50;
0104;145100859;1;0;264;1#2;50;
0104;145100860;1;0;12;1#2;50;
0104;145100861;1;0;158;1#2;50;
0104;145100862;1;0;97;1#2;50;
0104;145100863;1;0;39;1#2;50;
0104;145100864;1;0;29;1#2;50;
0104;266948173;1;0;30;1;50;
0104;266948174;1;0;14;1#2;50;
0104;145100866;1;0;67;1#2;50;
0104;145100867;1;0;10;1#2;50;
0104;145100868;1;0;5;1#2;50;
0104;145100869;1;0;7;1#2;50;
0104;145100870;1;0;13;1#2;50;
0104;145100871;1;0;4;1#2;50;
0104;145100872;1;0;61;1#2;50;
0104;145100873;1;0;92;1#2;50;
0104;145100874;1;0;14;1#2;50;
0104;145100875;1;0;74;1;50;
0104;145100876;1;0;60;1#2;50;
0104;145100877;1;0;37;1#2;50;
0104;145100878;1;0;60;1#2;50;
0104;145100879;1;0;14;1#2;50;
0104;145100880;1;0;88;1#2;50;
0104;145100881;1;0;70;1#2;50;
0104;145100882;1;0;72;1#2;50;
0104;145100883;1;0;46;1#2;50;
0104;145100884;1;0;31;1#2;50;
0104;145100885;1;0;90;1#2;50;
0104;145100886;1;0;86;1#2;50;
0104;145100887;1;0;74;1#2;50;
0104;234360053;1;0;52;1#2;50;
0104;145100889;1;0;127;1#2;50;
0104;145100890;1;0;31;1#2;50;
0104;145100891;1;0;87;1#2;50;
0104;145100892;1;0;77;1#2;50;
0104;145100893;1;0;81;1#2;50;
0104;145100894;1;0;53;1#2;50;
0104;145100895;1;0;69;1#2;50;
0104;145100896;1;0;55;1#2;50;
0104;145100898;1;0;267;1#2;50;
0104;145100899;1;0;132;1#2;50;
0104;145100900;1;0;122;1#2;50;
0104;145100901;1;0;70;1#2;50;
0104;145100902;1;0;251;1#2;50;
0104;145100903;1;0;4;1#2;50;
0104;145100904;1;0;61;1#2;50;
0104;145100905;1;0;82;1#2;50;
0104;145100906;1;0;77;1#2;50;
0104;145100907;1;0;81;1#2;50;
0104;145100908;1;0;77;1#2;50;
0104;145100909;1;0;105;1#2;50;
0104;145100910;1;0;7;1#2;50;
0104;145100911;1;0;41;1#2;50;
0104;145100912;1;0;99;1#2;50;
0104;145100913;1;0;9;1#2;50;
0104;145100914;1;0;122;1#2;50;
0104;145100915;1;0;99;1#2;50;
0104;145100916;1;0;85;1#2;50;
0104;145100917;1;0;81;1#2;50;
0104;145100918;1;0;134;1#2;50;
0104;145100919;1;0;169;1#2;50;
0104;145100920;1;0;67;1#2;50;
0104;145100921;1;0;68;1#2;50;
0104;145100922;1;0;125;1#2;50;
0104;145100923;1;0;59;1#2;50;
0104;145100924;1;0;160;1#2;50;
0104;145100925;1;0;177;1#2;50;
0104;145100926;1;0;277;1#2;50;
0104;145100927;1;0;120;1#2;50;
0104;145100928;1;0;378;1#2;50;
0104;145100929;1;0;129;1#2;50;
0104;145100930;1;0;140;1#2;50;
0104;145100931;1;0;90;1#2;50;
0104;145100932;1;0;66;1#2;50;
0104;145100933;1;0;46;1#2;50;
0104;145100934;1;0;162;1#2;50;
0104;145100935;1;0;12;1#2;50;
0104;145100936;1;0;10;1#2;50;
0104;145100937;1;0;90;1#2;50;
0104;145100938;1;0;9;1#2;50;
0104;145100939;1;0;17;1#2;50;
0104;145100940;1;0;23;1#2;50;
0104;145100941;1;0;56;1#2;50;
0104;145100942;1;0;148;1#2;50;
0104;145100944;1;0;42;1#2;50;
0104;145100945;1;0;49;1#2;50;
0104;145100946;1;0;96;1#2;50;
0104;145100947;1;0;76;1#2;50;
0104;145100948;1;0;27;1#2;50;
0104;145100949;1;0;89;1#2;50;
0104;145100950;1;0;73;1#2;50;
0104;145100951;1;0;79;1#2;50;
0104;145100952;1;0;75;1#2;50;
0104;145100953;1;0;170;1#2;50;
0104;145100954;1;0;99;1#2;50;
0104;234360054;1;0;87;1#2;50;
0104;234360055;1;0;4;1#2;50;
0104;145100956;1;0;63;1#2;50;
0104;145100957;1;0;72;1#2;50;
0104;145100958;1;0;148;1#2;50;
0104;145100959;1;0;88;1#2;50;
0104;145100960;1;0;223;1#2;50;
0104;145100961;1;0;62;1#2;50;
0104;145100962;1;0;104;1#2;50;
0104;145100963;1;0;11;1#2;50;
0104;145100964;1;0;129;1#2;50;
0104;145100965;1;0;4;1#2;50;
0104;145100966;1;0;89;1#2;50;
0104;145100967;1;0;54;1#2;50;
0104;145100968;1;0;78;1#2;50;
0104;145100969;1;0;92;1#2;50;
0104;145100970;1;0;96;1#2;50;
0104;145100971;1;0;15;1#2;50;
0104;145100972;1;0;104;1#2;50;
0104;145100973;1;0;10;1#2;50;
0104;145100974;1;0;19;1#2;50;
0104;145100975;1;0;39;1#2;50;
0104;145100976;1;0;74;1#2;50;
0104;145100977;1;0;94;1#2;50;
0104;145100978;1;0;64;1#2;50;
0104;145100979;1;0;12;1#2;50;
0104;145100980;1;0;264;1#2;50;
0104;145100981;1;0;111;1#2;50;
0104;145100982;1;0;30;1#2;50;
0104;145100983;1;0;54;1#2;50;
0104;145100984;1;0;36;1#2;50;
0104;145100985;1;0;26;1#2;50;
0104;145100986;1;0;304;1#2;50;
0104;145100987;1;0;119;1#2;50;
0104;145100988;1;0;83;1#2;50;
0104;145100989;1;0;39;1#2;50;
0104;145100990;1;0;68;1#2;50;
0104;145100991;1;0;53;1#2;50;
0104;145100992;1;0;78;1#2;50;
0104;145100993;1;0;148;1#2;50;
0104;145100994;1;0;195;1#2;50;
0104;145100995;1;0;112;1#2;50;
0104;145100996;1;0;215;1#2;50;
0104;145100997;1;0;68;1#2;50;
0104;145100998;1;0;90;1#2;50;
0104;145100999;1;0;125;1#2;50;
0104;145101000;1;0;40;1#2;50;
0104;145101001;1;0;155;1#2;50;
0104;145101002;1;0;131;1#2;50;
0104;145101003;1;0;101;1#2;50;
0104;145101004;1;0;37;1#2;50;
0104;145101005;1;0;50;1#2;50;
0104;145101006;1;0;79;1#2;50;
0104;145101007;1;0;48;1#2;50;
0104;145101008;1;0;83;1#2;50;
0104;145101009;1;0;71;1#2;50;
0104;145101010;1;0;44;1#2;50;
0104;145101011;1;0;65;1#2;50;
0104;145101012;1;0;74;1#2;50;
0104;145101013;1;0;35;1#2;50;
0104;145101014;1;0;306;1#2;50;
0104;145101015;1;0;214;1#2;50;
0104;145101016;1;0;90;1#2;50;
0104;145101017;1;0;261;1#2;50;
0104;145101018;1;0;203;1#2;50;
0104;145101019;1;0;243;1#2;50;
0104;145101020;1;0;156;1#2;50;
0104;145101021;1;0;66;1#2;50;
0104;145101022;1;0;28;1#2;50;
0104;145101023;1;0;69;1#2;50;
0104;234360056;1;0;36;1#2;50;
0104;234360057;1;0;67;1#2;50;
0104;234360058;1;0;69;1#2;50;
0104;175992709;1;0;11;1#2;50;
0104;175992710;1;0;12;1#2;50;
0104;145101028;1;0;166;1#2;50;
0104;145101029;1;0;404;1#2;50;
0104;145101030;1;0;218;1#2;50;
0104;234360059;1;0;96;1#2;50;
0104;234360060;1;0;43;1#2;50;
0104;145101032;1;0;56;1#2;50;
0104;145101033;1;0;47;1#2;50;
0104;145101034;1;0;144;1#2;50;
0104;145101035;1;0;53;1#2;50;
0104;145101036;1;0;76;1#2;50;
0104;145101037;1;0;85;1#2;50;
0104;145101038;1;0;49;1#2;50;
0104;145101039;1;0;46;1#2;50;
0104;145101040;1;0;57;1#2;50;
0104;145101041;1;0;49;1#2;50;
0104;145101042;1;0;252;1#2;50;
0104;145101043;1;0;10;1#2;50;
0104;234360061;1;0;31;1#2;50;
0104;234360062;1;0;9;1#2;50;
0104;145101045;1;0;94;1#2;50;
0104;145101046;1;0;321;1#2;50;
0104;145101047;1;0;133;1#2;50;
0104;145101048;1;0;17;1#2;50;
0104;145101049;1;0;225;1#2;50;
0104;145101050;1;0;531;1#2;50;
0104;145101051;1;0;298;1#2;50;
0104;145101052;1;0;75;1#2;50;
0104;145101053;1;0;169;1#2;50;
0104;145101054;1;0;83;1#2;50;
0104;145101055;1;0;77;1#2;50;
0104;145101056;1;0;62;1#2;50;
0104;145101057;1;0;34;1#2;50;
0104;145101058;1;0;40;1#2;50;
0104;145101059;1;0;41;1#2;50;
0104;145101060;1;0;85;1#2;50;
0104;145101061;1;0;174;1#2;50;
0104;145101062;1;0;266;1#2;50;
0104;145101063;1;0;32;1#2;50;
0104;145101064;1;0;87;1#2;50;
0104;145101065;1;0;83;1#2;50;
0104;145101066;1;0;10;1#2;50;
0104;145101067;1;0;157;1#2;50;
0104;145101068;1;0;138;1#2;50;
0104;145101069;1;0;90;1#2;50;
0104;145101071;1;0;36;1#2;50;
0104;145101072;1;0;7;1#2;50;
0104;145101073;1;0;18;1#2;50;
0104;145101074;1;0;53;1#2;50;
0104;145101075;1;0;25;1#2;50;
0104;145101076;1;0;54;1#2;50;
0104;145101078;1;0;98;1#2;50;
0104;145101079;1;0;22;1#2;50;
0104;145101080;1;0;78;1#2;50;
0104;234360063;1;0;18;1#2;50;
0104;234360064;1;0;8;1#2;50;
0104;145101082;1;0;14;1#2;50;
0104;234360065;1;0;49;1#2;50;
0104;234360066;1;0;109;1#2;50;
0104;145101084;1;0;129;1#2;50;
0104;145101085;1;0;69;1#2;50;
0104;145101086;1;0;61;1#2;50;
0104;145101087;1;0;13;1#2;50;
0104;145101088;1;0;80;1#2;50;
0104;145101089;1;0;80;1#2;50;
0104;145101090;1;0;27;1#2;50;
0104;145101091;1;0;26;1#2;50;
0104;145101092;1;0;62;1#2;50;
0104;145101093;1;0;43;1#2;50;
0104;145101094;1;0;117;1#2;50;
0104;145101095;1;0;102;1#2;50;
0104;145101097;1;0;135;1#2;50;
0104;145101098;1;0;62;1#2;50;
0104;145101099;1;0;226;1#2;50;
0104;145101100;1;0;50;1#2;50;
0104;145101101;1;0;67;1#2;50;
0104;145101102;1;0;66;1#2;50;
0104;145101103;1;0;6;1#2;50;
0104;145101104;1;0;70;1#2;50;
0104;145101105;1;0;20;1#2;50;
0104;145101106;1;0;103;1#2;50;
0104;145101107;1;0;90;1#2;50;
0104;145101108;1;0;138;1#2;50;
0104;145101109;1;0;34;1#2;50;
0104;145101110;1;0;79;1#2;50;
0104;197515317;1;0;45;1#2;50;
0104;197515318;1;0;92;1#2;50;
0104;145101112;1;0;106;1#2;50;
0104;145101113;1;0;53;1#2;50;
0104;145101114;1;0;66;1#2;30;
0104;234360067;1;0;47;1#2;30;
0104;234360068;1;0;133;1#2;30;
0104;145101116;1;0;325;1#2;30;
0104;234360069;1;0;19;1#2;30;
0104;234360070;1;0;25;1#2;30;
0104;145101118;1;0;113;1#2;50;
0104;145101120;1;0;37;1#2;50;
0104;145101121;1;0;73;1#2;50;
0104;145101122;1;0;120;1#2;50;
0104;145101123;1;0;77;1#2;50;
0104;145101124;1;0;74;1#2;50;
0104;145101125;1;0;75;1#2;50;
0104;145101126;1;0;49;1#2;50;
0104;145101127;1;0;32;1#2;50;
0104;145101128;1;0;104;1#2;50;
0104;145101129;1;0;75;1#2;50;
0104;145101130;1;0;111;1#2;50;
0104;145101131;1;0;205;1#2;50;
0104;145101132;1;0;111;1#2;50;
0104;145101133;1;0;17;1#2;50;
0104;145101134;1;0;75;1#2;50;
0104;145101135;1;0;148;1#2;50;
0104;145101136;1;0;132;1#2;50;
0104;145101137;1;0;42;1#2;50;
0104;145101138;1;0;28;1#2;50;
0104;145101139;1;0;204;1#2;50;
0104;145101140;1;0;120;1#2;50;
0104;145101141;1;0;43;1#2;50;
0104;145101142;1;0;31;1#2;50;
0104;145101143;1;0;38;1#2;50;
0104;145101144;1;0;18;1#2;50;
0104;145101145;1;0;81;1#2;50;
0104;145101146;1;0;10;1#2;50;
0104;145101147;1;0;92;1#2;50;
0104;145101148;1;0;123;1#2;50;
0104;145101149;1;0;151;1#2;50;
0104;145101150;1;0;41;1#2;50;
0104;145101151;1;0;41;1#2;50;
0104;145101152;1;0;212;1#2;50;
0104;145101153;1;0;199;1#2;50;
0104;145101154;1;0;167;1#2;50;
0104;145101155;1;0;84;1#2;50;
0104;145101156;1;0;46;1#2;50;
0104;145101157;1;0;73;1#2;50;
0104;145101158;1;0;125;1#2;50;
0104;145101159;1;0;107;1#2;50;
0104;145101160;1;0;6;1#2;50;
0104;234360071;1;0;77;1;50;
0104;234360072;1;0;18;1;50;
0104;234360073;1;0;9;1#2;50;
0104;234360074;1;0;68;1#2;50;
0104;145101163;1;0;9;1#2;50;
0104;145101164;1;0;62;1#2;50;
0104;145101165;1;0;25;1#2;50;
0104;145101166;1;0;35;1#2;50;
0104;145101167;1;0;85;1#2;50;
0104;145101168;1;0;255;1#2;50;
0104;145101169;1;0;308;1#2;50;
0104;145101170;1;0;36;1#2;50;
0104;145101171;1;0;126;1#2;50;
0104;145101172;1;0;49;1#2;50;
0104;145101173;1;0;52;1#2;50;
0104;145101174;1;0;68;1#2;50;
0104;145101175;1;0;151;1#2;50;
0104;145101176;1;0;29;1#2;50;
0104;145101177;1;0;100;1#2;50;
0104;145101178;1;0;114;1#2;50;
0104;145101179;1;0;84;1#2;50;
0104;145101180;1;0;29;1#2;50;
0104;145101181;1;0;32;1#2;50;
0104;145101182;1;0;79;1#2;50;
0104;145101183;1;0;80;1#2;50;
0104;145101184;1;0;40;1#2;50;
0104;145101185;1;0;13;1#2;50;
0104;145101186;1;0;131;1#2;50;
0104;145101187;1;0;234;1#2;50;
0104;145101188;1;0;78;1#2;50;
0104;145101189;1;0;53;1#2;50;
0104;145101190;1;0;13;1#2;50;
0104;145101191;1;0;81;1#2;50;
0104;145101192;1;0;71;1#2;50;
0104;145101193;1;0;10;1#2;50;
0104;145101194;1;0;9;1#2;50;
0104;145101195;1;0;58;1#2;50;
0104;145101196;1;0;43;1#2;50;
0104;145101197;1;0;22;1#2;50;
0104;145101198;1;0;142;1#2;50;
0104;145101199;1;0;23;1#2;50;
0104;145101200;1;0;71;1#2;50;
0104;145101201;1;0;3;1#2;50;
0104;145101202;1;0;11;1#2;50;
0104;145101203;1;0;347;1#2;50;
0104;145101204;1;0;267;1#2;50;
0104;145101205;1;0;682;1#2;50;
0104;145101206;1;0;54;1#2;50;
0104;145101207;1;0;35;1#2;50;
0104;145101208;1;0;16;1#2;50;
0104;145101209;1;0;266;1#2;50;
0104;145101210;1;0;9;1#2;50;
0104;145101211;1;0;33;1#2;50;
0104;145101212;1;0;193;1#2;50;
0104;234360075;1;0;126;1#2;50;
0104;234360076;1;0;32;1#2;50;
0104;145101214;1;0;58;1#2;50;
0104;145101215;1;0;87;1#2;50;
0104;145101216;1;0;108;1#2;50;
0104;145101217;1;0;13;1#2;50;
0104;145101218;1;0;55;1#2;50;
0104;145101219;1;0;67;1#2;50;
0104;145101220;1;0;151;1#2;50;
0104;145101221;1;0;78;1#2;50;
0104;145101222;1;0;44;1#2;50;
0104;145101223;1;0;119;1#2;50;
0104;145101224;1;0;56;1#2;50;
0104;234360077;1;0;6;1#2;50;
0104;234360078;1;0;22;1#2;50;
0104;145101226;1;0;51;1#2;50;
0104;145101227;1;0;252;1#2;50;
0104;145101228;1;0;227;1#2;50;
0104;145101229;1;0;32;1#2;50;
0104;145101230;1;0;76;1#2;50;
0104;175992713;1;0;103;1#2;50;
0104;175992714;1;0;12;1#2;50;
0104;175992715;1;0;9;1#2;50;
0104;145101235;1;0;165;1#2;50;
0104;145101236;1;0;58;1#2;50;
0104;145101237;1;0;21;1#2;50;
0104;145101238;1;0;13;1#2;50;
0104;145101239;1;0;147;1#2;50;
0104;145101240;1;0;59;1#2;50;
0104;145101241;1;0;40;1#2;50;
0104;145101242;1;0;76;1#2;50;
0104;145101243;1;0;34;1#2;50;
0104;145101245;1;0;35;1#2;50;
0104;145101246;1;0;134;1#2;50;
0104;145101247;1;0;39;1#2;50;
0104;145101248;1;0;115;1#2;50;
0104;145101249;1;0;73;1#2;50;
0104;145101250;1;0;28;1#2;50;
0104;145101251;1;0;31;1#2;50;
0104;145101252;1;0;27;1#2;50;
0104;145101253;1;0;98;1#2;50;
0104;145101254;1;0;34;1#2;50;
0104;212637492;1;0;10;1#2;50;
0104;145101256;1;0;82;1#2;50;
0104;145101257;1;0;77;1#2;50;
0104;145101258;1;0;31;1#2;50;
0104;145101259;1;0;16;1#2;50;
0104;145101260;1;0;22;1#2;50;
0104;145101261;1;0;72;1#2;50;
0104;145101262;1;0;77;1#2;50;
0104;234360079;1;0;64;1#2;50;
0104;234360080;1;0;11;1#2;50;
0104;145101264;1;0;66;1#2;50;
0104;145101265;1;0;77;1#2;50;
0104;145101266;1;0;115;1#2;50;
0104;145101267;1;0;169;1#2;50;
0104;145101268;1;0;68;1#2;50;
0104;145101269;1;0;37;1#2;50;
0104;145101270;1;0;250;1#2;50;
0104;145101271;1;0;237;1#2;50;
0104;145101272;1;0;33;1#2;50;
0104;145101273;1;0;127;1#2;50;
0104;145101274;1;0;55;1#2;50;
0104;145101275;1;0;61;1#2;50;
0104;145101276;1;0;78;1#2;50;
0104;145101277;1;0;89;1#2;50;
0104;145101278;1;0;79;1#2;50;
0104;145101279;1;0;84;1#2;50;
0104;145101280;1;0;25;1#2;50;
0104;145101281;1;0;139;1#2;50;
0104;145101282;1;0;91;1#2;50;
0104;145101283;1;0;92;1#2;50;
0104;145101285;1;0;104;1#2;50;
0104;145101286;1;0;3;1#2;50;
0104;145101287;1;0;128;1#2;50;
0104;145101288;1;0;163;1#2;50;
0104;145101289;1;0;62;1#2;50;
0104;145101290;1;0;121;1#2;50;
0104;145101291;1;0;236;1#2;50;
0104;145101292;1;0;75;1#2;50;
0104;145101293;1;0;204;1#2;50;
0104;145101294;1;0;87;1#2;50;
0104;145101295;1;0;175;1#2;50;
0104;145101296;1;0;96;1#2;50;
0104;145101297;1;0;31;1#2;50;
0104;145101298;1;0;5;1#2;50;
0104;145101300;1;0;63;1#2;50;
0104;145101302;1;0;46;1#2;50;
0104;145101303;1;0;102;1#2;50;
0104;145101304;1;0;11;1#2;50;
0104;234360081;1;0;130;1#2;50;
0104;234360082;1;0;8;1#2;50;
0104;145101306;1;0;66;1#2;50;
0104;145101307;1;0;6;1#2;50;
0104;175992717;1;0;24;1#2;50;
0104;175992718;1;0;79;1#2;50;
0104;145101311;1;0;16;1#2;50;
0104;145101312;1;0;234;1#2;50;
0104;145101313;1;0;346;1#2;50;
0104;145101314;1;0;15;1#2;50;
0104;145101315;1;0;152;1#2;50;
0104;268710127;1;0;13;1#2;50;
0104;268710128;1;0;50;1#2;50;
0104;145101318;1;0;30;1#2;50;
0104;145101319;1;0;124;1#2;50;
0104;248900287;1;0;166;1#2;50;
0104;248900288;1;0;49;1#2;50;
0104;145101321;1;0;72;1#2;50;
0104;145101322;1;0;73;1#2;50;
0104;145101323;1;0;48;1#2;50;
0104;145101324;1;0;56;1#2;50;
0104;145101325;1;0;96;1#2;50;
0104;145101326;1;0;86;1#2;50;
0104;145101327;1;0;89;1#2;50;
0104;145101328;1;0;38;1#2;50;
0104;145101329;1;0;54;1#2;50;
0104;145101330;1;0;82;1#2;50;
0104;145101331;1;0;232;1#2;50;
0104;145101332;1;0;104;1#2;50;
0104;145101333;1;0;195;1#2;50;
0104;145101334;1;0;128;1#2;50;
0104;145101335;1;0;97;1#2;50;
0104;145101336;1;0;185;1#2;50;
0104;145101337;1;0;93;1#2;50;
0104;145101338;1;0;25;1#2;50;
0104;145101339;1;0;19;1#2;50;
0104;145101340;1;0;157;1#2;50;
0104;145101341;1;0;108;1#2;50;
0104;145101342;1;0;68;1#2;50;
0104;145101343;1;0;7;1#2;50;
0104;145101344;1;0;132;1;50;
0104;145101345;1;0;94;1#2;50;
0104;267275212;1;0;97;1#2;50;
0104;267275213;1;0;565;1#2;50;
0104;145101347;1;0;5;1#2;50;
0104;145101348;1;0;7;1#2;50;
0104;145101349;1;0;101;1#2;50;
0104;234360083;1;0;66;1#2;50;
0104;234360084;1;0;52;1#2;50;
0104;145101351;1;0;70;2;50;
0104;145101352;1;0;174;1#2;50;
0104;145101353;1;0;173;1#2;50;
0104;145101354;1;0;68;1#2;50;
0104;145101355;1;0;64;1#2;50;
0104;145101356;1;0;13;1#2;50;
0104;145101357;1;0;209;1#2;50;
0104;237409395;1;0;215;1#2;50;
0104;237409396;1;0;233;1#2;50;
0104;145101359;1;0;36;1#2;50;
0104;145101360;1;0;264;1#2;50;
0104;145101361;1;0;6;1#2;50;
0104;145101362;1;0;84;1#2;50;
0104;145101363;1;0;103;1#2;50;
0104;145101364;1;0;43;1#2;50;
0104;145101365;1;0;186;1#2;50;
0104;145101366;1;0;16;1#2;50;
0104;145101367;1;0;10;1#2;50;
0104;145101368;1;0;171;1#2;50;
0104;145101369;1;0;126;1#2;50;
0104;145101370;1;0;7;1#2;50;
0104;145101371;1;0;59;1#2;50;
0104;145101372;1;0;126;1#2;50;
0104;145101373;1;0;147;1#2;50;
0104;145101374;1;0;412;1#2;50;
0104;145101375;1;0;176;1#2;50;
0104;145101376;1;0;42;1#2;50;
0104;145101377;1;0;14;1#2;50;
0104;145101378;1;0;120;1#2;50;
0104;145101379;1;0;14;1#2;50;
0104;145101380;1;0;31;1#2;50;
0104;145101381;1;0;9;1#2;50;
0104;145101382;1;0;109;1#2;50;
0104;145101383;1;0;151;1#2;50;
0104;145101384;1;0;195;1#2;50;
0104;145101385;1;0;48;1#2;50;
0104;145101386;1;0;119;1#2;50;
0104;145101387;1;0;44;1#2;50;
0104;145101388;1;0;89;1#2;50;
0104;145101389;1;0;222;1#2;50;
0104;145101390;1;0;173;1#2;50;
0104;145101391;1;0;212;1#2;50;
0104;145101392;1;0;192;1#2;50;
0104;145101393;1;0;22;1#2;50;
0104;145101394;1;0;511;1#2;50;
0104;145101395;1;0;866;1#2;50;
0104;145101396;1;0;280;1#2;50;
0104;145101397;1;0;50;1#2;50;
0104;145101398;1;0;107;1#2;50;
0104;145101399;1;0;38;1#2;50;
0104;145101400;1;0;105;1#2;50;
0104;145101401;1;0;215;1#2;50;
0104;145101402;1;0;267;1#2;50;
0104;145101403;1;0;10;1#2;50;
0104;145101404;1;0;432;1#2;50;
0104;145101405;1;0;386;1#2;50;
0104;145101406;1;0;161;1#2;50;
0104;211493816;1;0;70;1#2;50;
0104;145101408;1;0;62;1#2;50;
0104;145101409;1;0;97;1#2;50;
0104;145101410;1;0;7;1#2;50;
0104;145101411;1;0;77;1#2;50;
0104;145101412;1;0;18;1#2;50;
0104;145101413;1;0;83;1#2;50;
0104;145101414;1;0;41;1#2;50;
0104;145101415;1;0;126;1#2;50;
0104;145101416;1;0;72;1#2;50;
0104;145101417;1;0;183;1#2;50;
0104;145101418;1;0;26;1#2;50;
0104;145101419;1;0;125;1#2;50;
0104;145101420;1;0;416;1#2;50;
0104;145101421;1;0;7;1#2;50;
0104;145101423;1;0;208;1#2;50;
0104;145101426;1;0;139;1#2;50;
0104;145101430;1;0;40;1#2;50;
0104;145101431;1;0;50;1#2;50;
0104;145101432;1;0;145;1#2;50;
0104;145101433;1;0;85;1#2;50;
0104;145101434;1;0;90;1#2;50;
0104;145101436;1;0;117;1#2;50;
0104;145101437;1;0;59;1#2;50;
0104;145101438;1;0;21;1#2;50;
0104;145101439;1;0;187;1#2;50;
0104;145101440;1;0;12;1#2;50;
0104;145101441;1;0;62;1#2;50;
0104;145101442;1;0;135;1#2;50;
0104;145101444;1;0;140;1#2;50;
0104;145101445;1;0;3;1#2;50;
0104;145101446;1;0;36;1#2;50;
0104;145101447;1;0;113;1#2;50;
0104;145101448;1;0;50;1#2;50;
0104;145101449;1;0;80;1#2;50;
0104;145101450;1;0;102;1#2;50;
0104;145101451;1;0;44;1#2;50;
0104;145101452;1;0;253;1#2;50;
0104;145101453;1;0;44;1#2;50;
0104;145101454;1;0;93;1#2;50;
0104;145101455;1;0;166;1#2;50;
0104;145101456;1;0;105;1#2;50;
0104;145101457;1;0;46;1#2;50;
0104;145101458;1;0;162;1#2;50;
0104;145101459;1;0;20;1#2;50;
0104;145101460;1;0;126;1#2;50;
0104;145101461;1;0;59;1#2;50;
0104;145101462;1;0;108;1#2;30;
0104;145101463;1;0;178;1#2;30;
0104;145101464;1;0;57;1#2;30;
0104;145101465;1;0;233;1#2;30;
0104;145101466;1;0;120;1#2;50;
0104;145101467;1;0;275;1#2;50;
0104;145101468;1;0;41;1#2;50;
0104;145101469;1;0;134;1#2;50;
0104;145101470;1;0;113;1#2;50;
0104;145101471;1;0;40;1#2;50;
0104;145101472;1;0;75;1#2;50;
0104;234360085;1;0;91;1#2;50;
0104;234360086;1;0;9;1#2;50;
0104;145101474;1;0;31;1#2;50;
0104;145101475;1;0;63;1#2;50;
0104;145101476;1;0;32;1#2;50;
0104;145101477;1;0;122;1#2;50;
0104;234360087;1;0;30;2;50;
0104;234360088;1;0;103;2;50;
0104;145101479;1;0;26;2;50;
0104;145101480;1;0;73;1#2;50;
0104;145101481;1;0;72;1#2;50;
0104;145101482;1;0;167;1#2;50;
0104;145101483;1;0;266;1#2;50;
0104;145101484;1;0;94;1#2;50;
0104;145101485;1;0;49;1#2;50;
0104;145101486;1;0;30;1#2;50;
0104;145101487;1;0;110;1#2;50;
0104;234360089;1;0;62;1#2;50;
0104;145101489;1;0;78;1#2;50;
0104;145101490;1;0;180;1#2;50;
0104;145101491;1;0;25;1#2;50;
0104;145101492;1;0;38;1#2;50;
0104;145101493;1;0;73;1#2;50;
0104;145101494;1;0;23;1#2;50;
0104;145101495;1;0;127;1#2;50;
0104;145101496;1;0;53;1#2;50;
0104;268710129;1;0;4;1#2;50;
0104;268710130;1;0;46;1#2;50;
0104;145101499;1;0;5;1#2;50;
0104;145101500;1;0;215;1#2;50;
0104;145101501;1;0;242;1#2;50;
0104;145101502;1;0;54;1#2;50;
0104;145101503;1;0;43;1#2;50;
0104;145101504;1;0;258;1#2;50;
0104;145101505;1;0;12;1#2;50;
0104;145101506;1;0;478;1#2;50;
0104;145101507;1;0;21;1#2;50;
0104;145101508;1;0;44;1#2;50;
0104;145101509;1;0;80;1#2;50;
0104;145101510;1;0;247;1#2;50;
0104;145101511;1;0;8;1#2;50;
0104;145101512;1;0;11;1;50;
0104;145101513;1;0;14;1;50;
0104;145101514;1;0;45;1;50;
0104;145101515;1;0;27;1#2;50;
0104;145101516;1;0;85;1#2;50;
0104;145101517;1;0;14;1#2;50;
0104;145101518;1;0;61;1#2;50;
0104;145101519;1;0;67;1#2;50;
0104;145101520;1;0;243;1;50;
0104;145101521;1;0;100;1#2;50;
0104;145101522;1;0;65;1#2;50;
0104;145101523;1;0;58;1#2;50;
0104;145101524;1;0;20;1#2;50;
0104;145101525;1;0;44;1#2;50;
0104;145101526;1;0;187;1#2;50;
0104;145101527;1;0;6;1#2;50;
0104;145101528;1;0;60;1#2;50;
0104;145101529;1;0;76;1#2;50;
0104;145101530;1;0;83;1#2;50;
0104;145101531;1;0;95;1#2;50;
0104;145101532;1;0;105;1#2;50;
0104;145101533;1;0;144;1#2;50;
0104;145101534;1;0;88;1#2;50;
0104;145101535;1;0;123;1#2;50;
0104;145101536;1;0;11;1#2;50;
0104;145101537;1;0;34;1#2;50;
0104;145101538;1;0;33;1#2;50;
0104;145101539;1;0;52;1#2;50;
0104;145101540;1;0;111;1#2;50;
0104;145101541;1;0;4;1#2;50;
0104;145101542;1;0;114;1#2;50;
0104;145101543;1;0;58;1#2;50;
0104;145101544;1;0;49;1#2;50;
0104;145101545;1;0;234;1#2;50;
0104;145101546;1;0;301;1#2;50;
0104;145101547;1;0;131;1#2;50;
0104;145101548;1;0;75;1#2;50;
0104;145101549;1;0;128;1#2;50;
0104;145101550;1;0;201;1#2;50;
0104;145101551;1;0;73;1#2;50;
0104;145101552;1;0;163;1#2;50;
0104;145101553;1;0;57;1#2;50;
0104;145101554;1;0;180;1#2;50;
0104;145101555;1;0;32;1#2;50;
0104;145101556;1;0;37;1#2;50;
0104;145101557;1;0;147;1#2;50;
0104;145101558;1;0;79;1#2;50;
0104;145101559;1;0;109;1#2;50;
0104;145101560;1;0;79;1#2;50;
0104;145101561;1;0;42;1#2;50;
0104;234360090;1;0;50;1#2;50;
0104;234360091;1;0;11;1#2;50;
0104;145101563;1;0;325;1#2;50;
0104;145101564;1;0;174;1#2;50;
0104;145101565;1;0;178;1#2;50;
0104;145101566;1;0;128;1#2;50;
0104;145101567;1;0;58;1#2;50;
0104;145101568;1;0;28;1#2;50;
0104;145101569;1;0;41;1#2;50;
0104;145101571;1;0;30;1#2;50;
0104;145101572;1;0;148;1#2;50;
0104;145101573;1;0;36;1#2;50;
0104;145101574;1;0;15;1#2;50;
0104;145101575;1;0;3;1#2;50;
0104;145101576;1;0;41;1#2;50;
0104;145101577;1;0;29;1#2;50;
0104;145101578;1;0;99;1#2;50;
0104;145101579;1;0;10;1#2;50;
0104;145101580;1;0;65;1#2;50;
0104;145101581;1;0;76;1#2;50;
0104;145101582;1;0;54;1#2;50;
0104;145101583;1;0;28;1#2;50;
0104;145101584;1;0;194;1#2;50;
0104;145101585;1;0;80;1#2;50;
0104;145101586;1;0;80;1#2;50;
0104;145101587;1;0;35;1#2;50;
0104;145101588;1;0;37;1#2;50;
0104;145101589;1;0;18;1#2;50;
0104;145101590;1;0;32;1#2;50;
0104;145101591;1;0;31;1#2;50;
0104;145101592;1;0;41;1#2;50;
0104;145101593;1;0;117;1#2;50;
0104;145101594;1;0;147;1#2;50;
0104;145101595;1;0;106;1#2;50;
0104;145101596;1;0;180;1#2;50;
0104;145101597;1;0;56;1#2;50;
0104;145101598;1;0;288;1#2;50;
0104;145101599;1;0;25;1#2;50;
0104;145101600;1;0;26;1#2;50;
0104;145101601;1;0;61;1#2;50;
0104;145101602;1;0;80;1#2;50;
0104;145101604;1;0;95;1#2;50;
0104;145101605;1;0;56;1#2;50;
0104;145101606;1;0;17;1#2;50;
0104;145101607;1;0;106;1#2;50;
0104;145101608;1;0;112;1#2;50;
0104;145101609;1;0;26;1#2;50;
0104;145101610;1;0;19;1#2;50;
0104;145101611;1;0;7;1#2;50;
0104;145101612;1;0;30;1#2;50;
0104;145101613;1;0;88;1#2;50;
0104;145101614;1;0;76;1#2;50;
0104;145101615;1;0;18;1#2;50;
0104;145101616;1;0;16;1#2;50;
0104;145101617;1;0;106;1#2;50;
0104;145101618;1;0;34;1#2;50;
0104;145101619;1;0;53;1#2;50;
0104;145101620;1;0;16;1#2;50;
0104;145101621;1;0;12;1#2;50;
0104;145101622;1;0;216;1#2;50;
0104;145101623;1;0;21;1#2;50;
0104;145101624;1;0;6;1#2;50;
0104;145101625;1;0;6;1#2;50;
0104;145101626;1;0;124;1#2;50;
0104;145101629;1;0;167;1#2;50;
0104;145101630;1;0;6;1;50;
0104;145101631;1;0;3;1;50;
0104;145101632;1;0;7;1;50;
0104;145101633;1;0;8;1;50;
0104;145101634;1;0;3;1;50;
0104;145101635;1;0;5;1;50;
0104;145101636;1;0;9;1;50;
0104;145101637;1;0;6;1;50;
0104;145101638;1;0;3;1;50;
0104;145101639;1;0;33;1#2;50;
0104;145101640;1;0;33;1#2;50;
0104;145101641;1;0;263;1#2;50;
0104;145101643;1;0;46;1#2;50;
0104;145101644;1;0;91;1#2;50;
0104;145101645;1;0;362;1#2;50;
0104;145101646;1;0;565;1#2;50;
0104;145101647;1;0;81;1#2;50;
0104;145101648;1;0;55;1#2;50;
0104;145101649;1;0;130;1#2;50;
0104;145101650;1;0;111;1#2;50;
0104;145101651;1;0;35;1#2;50;
0104;145101652;1;0;54;1#2;50;
0104;145101653;1;0;108;1#2;50;
0104;145101654;1;0;160;1#2;50;
0104;145101655;1;0;154;1#2;50;
0104;145101656;1;0;91;1#2;50;
0104;145101657;1;0;58;1#2;50;
0104;145101658;1;0;67;1#2;50;
0104;145101659;1;0;48;1#2;50;
0104;145101660;1;0;99;1#2;50;
0104;145101661;1;0;187;1#2;50;
0104;145101662;1;0;48;1#2;50;
0104;145101663;1;0;71;1#2;50;
0104;145101664;1;0;9;1#2;50;
0104;145101665;1;0;65;1#2;50;
0104;145101666;1;0;45;1#2;50;
0104;145101667;1;0;29;1#2;50;
0104;145101668;1;0;71;1#2;50;
0104;145101669;1;0;100;1#2;50;
0104;145101670;1;0;34;1#2;50;
0104;145101671;1;0;113;1#2;50;
0104;145101672;1;0;21;1#2;50;
0104;145101673;1;0;77;1#2;50;
0104;145101674;1;0;175;1#2;50;
0104;145101675;1;0;88;1#2;50;
0104;145101676;1;0;72;1#2;50;
0104;145101677;1;0;63;1#2;50;
0104;145101678;1;0;96;1#2;50;
0104;145101679;1;0;62;1#2;50;
0104;145101680;1;0;98;1#2;50;
0104;145101681;1;0;39;1#2;50;
0104;145101682;1;0;73;1#2;50;
0104;145101683;1;0;129;1#2;50;
0104;145101684;1;0;143;1#2;50;
0104;145101685;1;0;33;1#2;50;
0104;145101686;1;0;45;1#2;50;
0104;145101687;1;0;48;1#2;50;
0104;145101689;1;0;144;1#2;50;
0104;145101690;1;0;131;1#2;50;
0104;145101691;1;0;11;1#2;50;
0104;145101692;1;0;20;1#2;50;
0104;145101693;1;0;14;1#2;50;
0104;145101694;1;0;30;1#2;50;
0104;145101696;1;0;191;1#2;50;
0104;145101698;1;0;12;1#2;50;
0104;145101699;1;0;6;1#2;50;
0104;145101700;1;0;33;1#2;50;
0104;145101701;1;0;90;1#2;50;
0104;145101702;1;0;84;1#2;50;
0104;145101703;1;0;30;1#2;50;
0104;145101704;1;0;87;1#2;50;
0104;145101705;1;0;88;1#2;50;
0104;145101706;1;0;58;1#2;50;
0104;145101707;1;0;96;1#2;50;
0104;145101708;1;0;62;1#2;50;
0104;145101709;1;0;107;1#2;50;
0104;145101710;1;0;89;1#2;50;
0104;145101711;1;0;48;1#2;50;
0104;237409397;1;0;197;1#2;50;
0104;237409398;1;0;154;1#2;50;
0104;145101713;1;0;223;1#2;50;
0104;145101714;1;0;196;1#2;50;
0104;145101715;1;0;205;1#2;50;
0104;145101716;1;0;81;1#2;50;
0104;145101717;1;0;41;1#2;50;
0104;145101718;1;0;18;1#2;50;
0104;145101719;1;0;33;1#2;50;
0104;145101720;1;0;22;1#2;50;
0104;145101721;1;0;30;1#2;50;
0104;145101722;1;0;15;1#2;50;
0104;145101723;1;0;55;1#2;50;
0104;145101725;1;0;15;1#2;50;
0104;145101726;1;0;269;1#2;50;
0104;145101727;1;0;77;1#2;50;
0104;145101728;1;0;84;1#2;50;
0104;145101729;1;0;163;1#2;50;
0104;145101730;1;0;76;1#2;50;
0104;145101731;1;0;89;1#2;50;
0104;145101732;1;0;118;1#2;50;
0104;145101733;1;0;80;1#2;50;
0104;145101735;1;0;55;1#2;50;
0104;145101736;1;0;44;1#2;50;
0104;145101737;1;0;64;1#2;50;
0104;145101738;1;0;81;1#2;50;
0104;145101739;1;0;53;1#2;50;
0104;145101740;1;0;54;1#2;50;
0104;145101741;1;0;62;1#2;50;
0104;145101742;1;0;67;1#2;50;
0104;145101743;1;0;150;1#2;50;
0104;145101744;1;0;105;1#2;50;
0104;145101745;1;0;146;1#2;50;
0104;145101746;1;0;76;1#2;50;
0104;145101747;1;0;45;1#2;50;
0104;145101748;1;0;131;1#2;50;
0104;145101749;1;0;199;1#2;50;
0104;145101750;1;0;106;1#2;50;
0104;246303750;1;0;43;1#2;50;
0104;246303751;1;0;96;1#2;50;
0104;145101752;1;0;97;1#2;50;
0104;145101753;1;0;92;1#2;50;
0104;145101754;1;0;89;1#2;50;
0104;145101755;1;0;70;1#2;50;
0104;145101756;1;0;98;1#2;50;
0104;145101757;1;0;95;1#2;50;
0104;234360092;1;0;49;1#2;50;
0104;234360093;1;0;8;1#2;50;
0104;145101760;1;0;173;1#2;50;
0104;145101761;1;0;127;1#2;50;
0104;145101762;1;0;110;1#2;50;
0104;145101763;1;0;127;1#2;50;
0104;145101764;1;0;3;1#2;50;
0104;145101765;1;0;85;1#2;50;
0104;145101766;1;0;72;1#2;50;
0104;145101767;1;0;144;1#2;50;
0104;145101768;1;0;79;1#2;50;
0104;145101769;1;0;73;1#2;50;
0104;145101770;1;0;88;1#2;50;
0104;145101771;1;0;60;1#2;50;
0104;145101772;1;0;92;1#2;50;
0104;145101773;1;0;106;1#2;50;
0104;145101774;1;0;216;1#2;50;
0104;145101775;1;0;26;1#2;50;
0104;145101776;1;0;12;1#2;50;
0104;145101777;1;0;204;1#2;50;
0104;145101778;1;0;79;1#2;50;
0104;145101779;1;0;153;1#2;50;
0104;145101780;1;0;14;1#2;50;
0104;145101781;1;0;32;1#2;50;
0104;145101782;1;0;56;1#2;50;
0104;145101783;1;0;223;1#2;50;
0104;145101784;1;0;22;1#2;50;
0104;145101785;1;0;115;1#2;50;
0104;145101786;1;0;83;1#2;50;
0104;145101787;1;0;4;1#2;50;
0104;145101788;1;0;4;1#2;50;
0104;145101789;1;0;126;1#2;50;
0104;145101790;1;0;52;1#2;50;
0104;145101791;1;0;93;1#2;50;
0104;145101792;1;0;88;1#2;50;
0104;145101793;1;0;88;1#2;50;
0104;145101794;1;0;154;1#2;50;
0104;145101795;1;0;36;1#2;50;
0104;145101796;1;0;50;1#2;50;
0104;145101797;1;0;60;1#2;50;
0104;145101798;1;0;49;1#2;50;
0104;145101799;1;0;65;1#2;50;
0104;145101800;1;0;35;1#2;50;
0104;145101801;1;0;58;1#2;50;
0104;145101802;1;0;50;1#2;50;
0104;145101803;1;0;62;1#2;50;
0104;145101804;1;0;43;1#2;50;
0104;145101805;1;0;41;1#2;50;
0104;145101806;1;0;63;1#2;50;
0104;145101807;1;0;72;1#2;50;
0104;145101808;1;0;3;1#2;50;
0104;145101809;1;0;191;1#2;50;
0104;145101810;1;0;62;1#2;50;
0104;145101811;1;0;180;1#2;50;
0104;145101812;1;0;63;1#2;50;
0104;145101813;1;0;46;1#2;50;
0104;145101814;1;0;291;1#2;50;
0104;145101815;1;0;3;1#2;50;
0104;145101816;1;0;237;1#2;50;
0104;145101817;1;0;459;1#2;50;
0104;145101818;1;0;37;1#2;50;
0104;145101819;1;0;63;1#2;50;
0104;145101820;1;0;78;1#2;50;
0104;145101821;1;0;112;1#2;50;
0104;145101822;1;0;68;1#2;50;
0104;145101823;1;0;110;1#2;50;
0104;145101824;1;0;58;1#2;50;
0104;145101825;1;0;29;1#2;50;
0104;145101826;1;0;6;1#2;50;
0104;145101827;1;0;107;1#2;50;
0104;145101828;1;0;20;1#2;50;
0104;145101829;1;0;107;1#2;50;
0104;145101830;1;0;52;1#2;50;
0104;145101831;1;0;43;1#2;50;
0104;145101833;1;0;60;1#2;50;
0104;145101834;1;0;191;1#2;50;
0104;145101835;1;0;95;1#2;50;
0104;145101836;1;0;253;1#2;50;
0104;145101837;1;0;146;1#2;50;
0104;145101838;1;0;26;1#2;50;
0104;145101839;1;0;172;1#2;50;
0104;145101840;1;0;17;1#2;50;
0104;145101841;1;0;26;1#2;50;
0104;145101842;1;0;24;1#2;50;
0104;145101843;1;0;10;1;50;
0104;145101844;1;0;13;1;50;
0104;145101845;1;0;20;1;50;
0104;145101846;1;0;273;1#2;50;
0104;145101847;1;0;101;1#2;50;
0104;145101848;1;0;59;1#2;50;
0104;145101849;1;0;85;1#2;50;
0104;145101850;1;0;108;1#2;50;
0104;145101851;1;0;110;1#2;50;
0104;145101852;1;0;38;1#2;50;
0104;145101853;1;0;36;1#2;50;
0104;145101854;1;0;47;1#2;50;
0104;145101855;1;0;100;1#2;50;
0104;145101856;1;0;6;1#2;50;
0104;145101857;1;0;125;1#2;50;
0104;145101858;1;0;11;1#2;50;
0104;145101859;1;0;166;1#2;50;
0104;145101860;1;0;30;1#2;50;
0104;145101861;1;0;25;1#2;50;
0104;145101862;1;0;15;1#2;50;
0104;145101863;1;0;49;1#2;50;
0104;145101864;1;0;200;1#2;50;
0104;145101865;1;0;58;1#2;50;
0104;145101866;1;0;22;1#2;50;
0104;145101867;1;0;169;1#2;50;
0104;145101868;1;0;65;1#2;50;
0104;145101869;1;0;66;1#2;50;
0104;145101870;1;0;79;1#2;50;
0104;145101871;1;0;89;1#2;50;
0104;145101872;1;0;199;1#2;50;
0104;145101873;1;0;149;1#2;50;
0104;145101874;1;0;24;1#2;50;
0104;145101875;1;0;97;1#2;50;
0104;145101876;1;0;75;1#2;50;
0104;145101879;1;0;50;1#2;50;
0104;145101880;1;0;40;1#2;50;
0104;145101881;1;0;41;1#2;50;
0104;145101882;1;0;16;1#2;50;
0104;145101883;1;0;137;1#2;50;
0104;145101884;1;0;46;1#2;50;
0104;145101885;1;0;8;1#2;50;
0104;145101886;1;0;81;1#2;50;
0104;157060274;1;0;16;2;50;
0104;157060275;1;0;9;2;50;
0104;145101889;1;0;89;1#2;50;
0104;145101890;1;0;51;1#2;50;
0104;145101892;1;0;254;1#2;50;
0104;145101893;1;0;81;1#2;50;
0104;145101894;1;0;66;1#2;50;
0104;145101895;1;0;64;1#2;50;
0104;145101896;1;0;56;1#2;50;
0104;145101897;1;0;57;1#2;50;
0104;145101898;1;0;69;1#2;50;
0104;145101899;1;0;22;1#2;50;
0104;145101900;1;0;234;1#2;50;
0104;145101901;1;0;431;1#2;50;
0104;145101902;1;0;242;1#2;50;
0104;145101903;1;0;95;1#2;50;
0104;145101904;1;0;190;1#2;50;
0104;145101905;1;0;196;1#2;50;
0104;145101906;1;0;101;1#2;50;
0104;145101907;1;0;37;1#2;50;
0104;145101908;1;0;22;1#2;50;
0104;145101909;1;0;139;1#2;50;
0104;145101910;1;0;19;1#2;50;
0104;145101911;1;0;111;1#2;50;
0104;145101912;1;0;120;1#2;30;
0104;145101913;1;0;35;1#2;50;
0104;145101914;1;0;115;1#2;50;
0104;145101915;1;0;178;1#2;50;
0104;145101916;1;0;38;1#2;50;
0104;145101917;1;0;6;1#2;50;
0104;145101918;1;0;222;1#2;50;
0104;145101919;1;0;54;1#2;50;
0104;145101920;1;0;51;1#2;50;
0104;145101921;1;0;188;1#2;50;
0104;145101922;1;0;41;1#2;50;
0104;145101923;1;0;7;1#2;50;
0104;145101925;1;0;202;1#2;50;
0104;145101926;1;0;182;1#2;50;
0104;175992723;1;0;22;1#2;50;
0104;175992724;1;0;35;1#2;50;
0104;145101929;1;0;66;1#2;50;
0104;145101931;1;0;155;1#2;50;
0104;145101932;1;0;11;1#2;50;
0104;145101933;1;0;148;1#2;50;
0104;145101934;1;0;56;1#2;50;
0104;145101935;1;0;172;1#2;50;
0104;145101936;1;0;42;1#2;50;
0104;145101937;1;0;518;1#2;50;
0104;145101938;1;0;65;1#2;50;
0104;145101939;1;0;83;1#2;50;
0104;145101940;1;0;11;1#2;50;
0104;145101941;1;0;233;1#2;50;
0104;145101942;1;0;58;1#2;50;
0104;145101943;1;0;46;1#2;50;
0104;145101944;1;0;12;1#2;50;
0104;145101945;1;0;70;1#2;50;
0104;145101946;1;0;148;1#2;50;
0104;145101947;1;0;23;1#2;50;
0104;145101948;1;0;28;1#2;50;
0104;145101949;1;0;91;1#2;50;
0104;145101950;1;0;33;1#2;50;
0104;145101951;1;0;50;1#2;50;
0104;145101952;1;0;131;1#2;50;
0104;145101953;1;0;214;1#2;50;
0104;145101954;1;0;21;1#2;50;
0104;145101955;1;0;325;1#2;50;
0104;145101956;1;0;93;1#2;50;
0104;255743016;1;0;99;1#2;50;
0104;145101959;1;0;9;1#2;50;
0104;145101960;1;0;36;1#2;50;
0104;145101961;1;0;66;1#2;50;
0104;145101962;1;0;140;1#2;50;
0104;145101963;1;0;64;1#2;50;
0104;145101964;1;0;64;1#2;50;
0104;145101965;1;0;25;1#2;50;
0104;145101966;1;0;28;1#2;50;
0104;145101967;1;0;103;1#2;50;
0104;145101968;1;0;67;1#2;50;
0104;145101969;1;0;56;1#2;50;
0104;145101970;1;0;56;1#2;50;
0104;175992725;1;0;64;1#2;50;
0104;175992726;1;0;10;1#2;50;
0104;145101972;1;0;5;1#2;50;
0104;212637493;1;0;15;1#2;50;
0104;212637494;1;0;125;1#2;50;
0104;145101976;1;0;30;1#2;50;
0104;145101977;1;0;7;1#2;50;
0104;145101978;1;0;6;1#2;50;
0104;145101979;1;0;61;1#2;50;
0104;234360094;1;0;30;1#2;50;
0104;145101981;1;0;89;1#2;50;
0104;145101982;1;0;10;1#2;50;
0104;145101983;1;0;52;1#2;50;
0104;145101984;1;0;55;1#2;50;
0104;145101985;1;0;26;1#2;50;
0104;145101986;1;0;89;1#2;50;
0104;145101987;1;0;49;1#2;50;
0104;145101988;1;0;43;1#2;50;
0104;145101989;1;0;50;1#2;50;
0104;145101990;1;0;160;1#2;50;
0104;234360095;1;0;64;1#2;50;
0104;234360096;1;0;29;1#2;50;
0104;145101992;1;0;64;1#2;50;
0104;145101993;1;0;7;1#2;50;
0104;145101994;1;0;47;1#2;50;
0104;145101995;1;0;49;1#2;50;
0104;145101996;1;0;32;1#2;50;
0104;145101997;1;0;108;1#2;50;
0104;145101998;1;0;10;1#2;50;
0104;145101999;1;0;75;1#2;50;
0104;145102000;1;0;96;1#2;50;
0104;145102001;1;0;249;1#2;50;
0104;145102002;1;0;52;1#2;50;
0104;145102003;1;0;122;1#2;50;
0104;145102004;1;0;174;1#2;50;
0104;145102005;1;0;89;1#2;50;
0104;145102006;1;0;69;1#2;50;
0104;145102007;1;0;9;1#2;50;
0104;145102008;1;0;5;1#2;50;
0104;145102009;1;0;4;1#2;50;
0104;145102011;1;0;9;1#2;50;
0104;145102012;1;0;153;1#2;50;
0104;145102013;1;0;59;1#2;50;
0104;145102015;1;0;183;1#2;50;
0104;145102016;1;0;52;1#2;50;
0104;145102017;1;0;45;1#2;50;
0104;145102018;1;0;53;1#2;50;
0104;145102019;1;0;46;1#2;50;
0104;145102020;1;0;196;1#2;50;
0104;145102021;1;0;183;1#2;50;
0104;145102022;1;0;29;1#2;50;
0104;145102023;1;0;17;1#2;50;
0104;145102024;1;0;50;1#2;50;
0104;145102025;1;0;61;1#2;50;
0104;145102026;1;0;71;1#2;50;
0104;234360097;1;0;44;1#2;50;
0104;234360098;1;0;9;1#2;50;
0104;145102028;1;0;190;1#2;50;
0104;145102029;1;0;214;1#2;50;
0104;145102030;1;0;36;1#2;50;
0104;145102031;1;0;137;1#2;50;
0104;145102032;1;0;87;1#2;50;
0104;145102033;1;0;49;1#2;50;
0104;145117806;1;0;55;1#2;30;
0104;145117807;1;0;271;1#2;30;
0104;145117808;1;0;115;1#2;30;
0104;145117809;1;0;33;1#2;30;
0104;145117810;1;0;27;1#2;30;
0104;145117811;1;0;50;1#2;30;
0104;145117812;1;0;6;1#2;30;
0104;145117813;1;0;95;1#2;30;
0104;145117814;1;0;24;1#2;30;
0104;145117815;1;0;40;1#2;30;
0104;145117816;1;0;300;1#2;30;
0104;145117817;1;0;81;1#2;30;
0104;145117818;1;0;17;1#2;30;
0104;145117819;1;0;64;1#2;30;
0104;145117820;1;0;241;1#2;30;
0104;145117821;1;0;5;1#2;30;
0104;145117822;1;0;108;1#2;30;
0104;145117823;1;0;27;1#2;30;
0104;145117824;1;0;21;1#2;30;
0104;234360099;1;0;17;1#2;30;
0104;234360100;1;0;38;1#2;30;
0104;234360101;1;0;60;1#2;30;
0104;145117827;1;0;25;1#2;30;
0104;145117828;1;0;135;1#2;30;
0104;145117829;1;0;92;1#2;30;
0104;145117830;1;0;61;1#2;30;
0104;145117831;1;0;3;1#2;30;
0104;145117832;1;0;157;1#2;30;
0104;145117833;1;0;669;1#2;30;
0104;145117834;1;0;30;1#2;30;
0104;145117835;1;0;33;1#2;30;
0104;145117836;1;0;209;1#2;30;
0104;145117837;1;0;143;1#2;30;
0104;237409399;1;0;154;1#2;30;
0104;237409400;1;0;23;1#2;30;
0104;145117839;1;0;454;1#2;30;
0104;145117840;1;0;43;1#2;30;
0104;145117841;1;0;132;1#2;30;
0104;145117842;1;0;22;1#2;30;
0104;145117843;1;0;62;1#2;30;
0104;145117844;1;0;4;1#2;30;
0104;145117845;1;0;68;1#2;30;
0104;145117846;1;0;3;1#2;30;
0104;145117847;1;0;47;1#2;30;
0104;145117848;1;0;49;1#2;30;
0104;145117850;1;0;99;1#2;30;
0104;145117851;1;0;67;1#2;30;
0104;234360102;1;0;214;1#2;30;
0104;234360103;1;0;42;1#2;30;
0104;145117853;1;0;22;1#2;30;
0104;145117854;1;0;131;1#2;30;
0104;197515319;1;0;101;1#2;30;
0104;197515320;1;0;85;1#2;30;
0104;197515321;1;0;39;1#2;30;
0104;145117862;1;0;16;1#2;30;
0104;145117863;1;0;112;1#2;30;
0104;145117864;1;0;124;1#2;30;
0104;145117865;1;0;8;1#2;30;
0104;145117866;1;0;119;1#2;30;
0104;145117867;1;0;29;1#2;30;
0104;145117868;1;0;16;1#2;30;
0104;145117869;1;0;118;1#2;30;
0104;145117870;1;0;170;1#2;30;
0104;145117871;1;0;115;1#2;30;
0104;145117872;1;0;24;1#2;30;
0104;145117873;1;0;14;1#2;30;
0104;145117874;1;0;178;1#2;30;
0104;145117875;1;0;513;1#2;30;
0104;145117876;1;0;116;1#2;30;
0104;145117877;1;0;4;1#2;30;
0104;145117878;1;0;69;1#2;30;
0104;145117879;1;0;211;1#2;30;
0104;145117880;1;0;143;1#2;30;
0104;145117881;1;0;35;1#2;30;
0104;145117882;1;0;25;1#2;30;
0104;145117883;1;0;29;1#2;30;
0104;145117884;1;0;455;1#2;30;
0104;145117885;1;0;67;1#2;30;
0104;145117886;1;0;132;1#2;30;
0104;145117887;1;0;3;1#2;30;
0104;234360104;1;0;39;1#2;30;
0104;234360105;1;0;232;1#2;30;
0104;145117889;1;0;57;1#2;30;
0104;145117890;1;0;218;1#2;30;
0104;145117891;1;0;29;1#2;30;
0104;145117892;1;0;56;1#2;30;
0104;145117893;1;0;353;1#2;30;
0104;145117894;1;0;119;1#2;30;
0104;145117895;1;0;83;1#2;30;
0104;145117896;1;0;136;1#2;30;
0104;145117897;1;0;69;1#2;30;
0104;145117898;1;0;66;1#2;30;
0104;145117899;1;0;60;1#2;30;
0104;145117900;1;0;14;1#2;30;
0104;145117901;1;0;399;1#2;30;
0104;145117902;1;0;70;1#2;30;
0104;145117904;1;0;4;1#2;30;
0104;237409401;1;0;35;1#2;30;
0104;237409402;1;0;356;1#2;30;
0104;145117906;1;0;60;1#2;30;
0104;145117907;1;0;83;1#2;30;
0104;145117908;1;0;48;1#2;30;
0104;145117909;1;0;29;1#2;30;
0104;145117910;1;0;10;1#2;30;
0104;145117911;1;0;39;1#2;30;
0104;145117912;1;0;28;1#2;30;
0104;145117913;1;0;173;1#2;30;
0104;145117914;1;0;43;1#2;30;
0104;145117915;1;0;21;1#2;30;
0104;145117916;1;0;8;1#2;30;
0104;145117917;1;0;109;1#2;30;
0104;145117918;1;0;20;1#2;30;
0104;145117919;1;0;15;1#2;30;
0104;145117920;1;0;11;1#2;30;
0104;145117921;1;0;125;1#2;30;
0104;145117922;1;0;27;1#2;30;
0104;145117923;1;0;89;1#2;30;
0104;145117924;1;0;788;1#2;30;
0104;145117925;1;0;230;1#2;30;
0104;145117926;1;0;423;1#2;30;
0104;145117927;1;0;310;1#2;30;
0104;145117928;1;0;138;1#2;30;
0104;145117929;1;0;57;1#2;30;
0104;145117930;1;0;79;1#2;30;
0104;145117931;1;0;163;1#2;30;
0104;145117932;1;0;125;1#2;30;
0104;145117933;1;0;110;1#2;30;
0104;234360106;1;0;334;1#2;30;
0104;234360107;1;0;291;1#2;30;
0104;145117935;1;0;160;1#2;30;
0104;145117936;1;0;137;1#2;30;
0104;145117937;1;0;49;1#2;30;
0104;234360108;1;0;65;1#2;30;
0104;234360109;1;0;701;1#2;30;
0104;145117939;1;0;18;1#2;30;
0104;145117940;1;0;209;1#2;30;
0104;145117941;1;0;147;1#2;30;
0104;145117942;1;0;8;1#2;30;
0104;145117943;1;0;159;1#2;30;
0104;145117944;1;0;37;1#2;30;
0104;145117945;1;0;98;1#2;30;
0104;145117946;1;0;59;1#2;30;
0104;145117947;1;0;14;1#2;30;
0104;145117948;1;0;94;1#2;30;
0104;145117949;1;0;26;1#2;30;
0104;145117950;1;0;54;1#2;30;
0104;145117951;1;0;6;1#2;30;
0104;145117952;1;0;55;1#2;30;
0104;145117957;1;0;26;1#2;30;
0104;145117958;1;0;26;1#2;30;
0104;145117959;1;0;20;1#2;30;
0104;145117960;1;0;107;1#2;30;
0104;145117961;1;0;367;1#2;30;
0104;145117962;1;0;17;1#2;30;
0104;145117963;1;0;75;1#2;30;
0104;145117964;1;0;50;1#2;30;
0104;145117965;1;0;24;1#2;30;
0104;145117966;1;0;325;1#2;30;
0104;145117967;1;0;108;1#2;30;
0104;145117968;1;0;16;1#2;30;
0104;145117969;1;0;189;1#2;30;
0104;145117972;1;0;53;1#2;30;
0104;145117973;1;0;72;1#2;30;
0104;145117974;1;0;34;1#2;30;
0104;145117975;1;0;92;1#2;30;
0104;145117976;1;0;57;1#2;30;
0104;145117977;1;0;63;1#2;30;
0104;197515322;1;0;27;1#2;30;
0104;145117979;1;0;42;1#2;30;
0104;145117980;1;0;171;1#2;30;
0104;145117981;1;0;145;1#2;30;
0104;145117982;1;0;192;1#2;30;
0104;145117983;1;0;177;1#2;30;
0104;145117984;1;0;142;1#2;30;
0104;145117985;1;0;11;1#2;30;
0104;145117986;1;0;61;1#2;30;
0104;145117987;1;0;70;1#2;30;
0104;145117988;1;0;217;1#2;30;
0104;145117989;1;0;161;1#2;30;
0104;145117990;1;0;12;1#2;30;
0104;145117991;1;0;112;1#2;30;
0104;145117992;1;0;28;1#2;30;
0104;145117993;1;0;171;1#2;30;
0104;145117994;1;0;25;1;30;
0104;145117995;1;0;36;1;30;
0104;145117996;1;0;48;1#2;30;
0104;145117997;1;0;15;1#2;30;
0104;145117998;1;0;153;1#2;30;
0104;145117999;1;0;5;1#2;30;
0104;145118000;1;0;32;1#2;30;
0104;145118001;1;0;64;1#2;30;
0104;145118002;1;0;172;1#2;30;
0104;145118003;1;0;123;1#2;30;
0104;145118004;1;0;41;1#2;30;
0104;145118005;1;0;32;1#2;30;
0104;145118006;1;0;122;1#2;30;
0104;145118007;1;0;104;1#2;30;
0104;145118008;1;0;24;1#2;30;
0104;145118009;1;0;45;1#2;30;
0104;145118010;1;0;30;1#2;30;
0104;145118011;1;0;12;1#2;30;
0104;145118012;1;0;90;1#2;30;
0104;145118013;1;0;3;1#2;30;
0104;145118014;1;0;45;1#2;30;
0104;145118015;1;0;3;1#2;30;
0104;145118016;1;0;122;1#2;30;
0104;145118017;1;0;90;1#2;30;
0104;145118018;1;0;65;1#2;30;
0104;145118019;1;0;3;1#2;30;
0104;145118020;1;0;54;1#2;30;
0104;145118021;1;0;149;1#2;30;
0104;145118022;1;0;341;1#2;30;
0104;145118023;1;0;34;1#2;30;
0104;145118024;1;0;96;1#2;30;
0104;145118025;1;0;114;1#2;30;
0104;145118026;1;0;76;1#2;30;
0104;145118027;1;0;66;1#2;30;
0104;145118028;1;0;16;1#2;30;
0104;145118029;1;0;21;1#2;30;
0104;145118030;1;0;26;1#2;30;
0104;145118031;1;0;61;1#2;30;
0104;145118032;1;0;88;1#2;30;
0104;145118033;1;0;152;1#2;30;
0104;145118034;1;0;66;1#2;30;
0104;145118035;1;0;81;1#2;30;
0104;145118036;1;0;216;1#2;30;
0104;145118037;1;0;66;1#2;50;
0104;145118038;1;0;35;1#2;30;
0104;145118039;1;0;39;1#2;30;
0104;145118040;1;0;82;1#2;30;
0104;145118041;1;0;39;1#2;30;
0104;145118042;1;0;35;1#2;30;
0104;145118043;1;0;89;1#2;30;
0104;145118045;1;0;345;1#2;30;
0104;145118046;1;0;131;1#2;30;
0104;145118047;1;0;765;1#2;30;
0104;145118048;1;0;484;1#2;30;
0104;145118049;1;0;72;1#2;30;
0104;145118050;1;0;37;1#2;30;
0104;234360110;1;0;57;1#2;30;
0104;234360111;1;0;63;1#2;30;
0104;145118052;1;0;9;1#2;30;
0104;145118053;1;0;35;1#2;30;
0104;145118054;1;0;174;1#2;30;
0104;145118055;1;0;130;1#2;30;
0104;145118056;1;0;268;1#2;30;
0104;145118057;1;0;88;1#2;30;
0104;145118058;1;0;291;1#2;30;
0104;145118059;1;0;60;1#2;30;
0104;145118060;1;0;16;1#2;30;
0104;145118061;1;0;5;1#2;30;
0104;145118062;1;0;57;1#2;30;
0104;145118063;1;0;29;1#2;30;
0104;145118064;1;0;424;1#2;30;
0104;145118065;1;0;13;1#2;30;
0104;145118066;1;0;11;1#2;30;
0104;145118067;1;0;16;1#2;30;
0104;145118068;1;0;37;1#2;30;
0104;145118069;1;0;14;1#2;30;
0104;145118070;1;0;38;1#2;30;
0104;145118071;1;0;38;1#2;30;
0104;145118072;1;0;17;1#2;30;
0104;145118073;1;0;17;1#2;30;
0104;145118074;1;0;64;1#2;30;
0104;145118075;1;0;55;1#2;30;
0104;145118076;1;0;26;1#2;30;
0104;145118077;1;0;46;1#2;30;
0104;145118078;1;0;23;1#2;30;
0104;145118080;1;0;30;1#2;30;
0104;145118081;1;0;11;1#2;30;
0104;145118082;1;0;90;1#2;30;
0104;145118083;1;0;174;1#2;30;
0104;145118084;1;0;337;1#2;30;
0104;145118085;1;0;57;1#2;30;
0104;145118086;1;0;48;1#2;30;
0104;145118087;1;0;47;1#2;30;
0104;145118088;1;0;13;1#2;30;
0104;145118089;1;0;64;1#2;30;
0104;145118090;1;0;47;1#2;30;
0104;145118091;1;0;268;1#2;30;
0104;145118092;1;0;32;1#2;30;
0104;145118093;1;0;24;1#2;30;
0104;145118094;1;0;71;1#2;30;
0104;145118095;1;0;18;1#2;30;
0104;145118096;1;0;31;1#2;30;
0104;145118097;1;0;110;1#2;30;
0104;145118098;1;0;151;1#2;30;
0104;145118099;1;0;119;1#2;30;
0104;145118100;1;0;25;1#2;30;
0104;145118101;1;0;44;1#2;30;
0104;145118102;1;0;77;1#2;30;
0104;145118103;1;0;26;1#2;30;
0104;145118104;1;0;90;1#2;30;
0104;145118105;1;0;3;1#2;30;
0104;145118106;1;0;53;1#2;30;
0104;145118107;1;0;5;1#2;30;
0104;145118108;1;0;7;1#2;30;
0104;145118109;1;0;175;1#2;30;
0104;145118110;1;0;339;1#2;30;
0104;145118111;1;0;67;1#2;30;
0104;145118112;1;0;191;1#2;30;
0104;145118113;1;0;40;1#2;30;
0104;145118114;1;0;138;1#2;30;
0104;145118115;1;0;63;1#2;30;
0104;145118117;1;0;8;1;30;
0104;145118118;1;0;13;1;30;
0104;145118119;1;0;13;1;30;
0104;145118120;1;0;14;1;30;
0104;145118121;1;0;14;1;30;
0104;145118122;1;0;5;1;30;
0104;145118123;1;0;5;1;30;
0104;145118124;1;0;28;1#2;30;
0104;145118125;1;0;8;1#2;30;
0104;145118126;1;0;30;1#2;30;
0104;145118127;1;0;10;1#2;30;
0104;145118128;1;0;24;1#2;30;
0104;145118129;1;0;59;1#2;30;
0104;145118130;1;0;7;1#2;30;
0104;145118131;1;0;9;1#2;30;
0104;145118132;1;0;2;1#2;30;
0104;145118133;1;0;142;1#2;30;
0104;145118134;1;0;138;1#2;30;
0104;145118135;1;0;15;1#2;30;
0104;145118136;1;0;34;1#2;30;
0104;145118137;1;0;87;1#2;30;
0104;145118138;1;0;63;1#2;30;
0104;145118139;1;0;18;1#2;30;
0104;145118140;1;0;127;1#2;30;
0104;145118141;1;0;142;1#2;30;
0104;145118142;1;0;20;1#2;30;
0104;145118143;1;0;74;1#2;30;
0104;145118144;1;0;152;1#2;30;
0104;145118145;1;0;37;1#2;30;
0104;145118146;1;0;90;1#2;30;
0104;145118147;1;0;118;1#2;30;
0104;145118149;1;0;33;1#2;30;
0104;145118150;1;0;43;1#2;30;
0104;145118151;1;0;94;1#2;30;
0104;145118152;1;0;39;1#2;30;
0104;145118153;1;0;86;1#2;30;
0104;145118154;1;0;64;1#2;30;
0104;145118155;1;0;179;1#2;30;
0104;145118156;1;0;484;1#2;30;
0104;145118157;1;0;28;1#2;30;
0104;145118158;1;0;105;1#2;30;
0104;145118159;1;0;18;1#2;30;
0104;145118160;1;0;24;1#2;30;
0104;145118161;1;0;50;1#2;30;
0104;145118162;1;0;89;1#2;30;
0104;145118163;1;0;41;1#2;30;
0104;145118164;1;0;45;1#2;30;
0104;145118165;1;0;71;1#2;30;
0104;145118166;1;0;56;1#2;30;
0104;145118167;1;0;104;1#2;30;
0104;145118168;1;0;39;1#2;30;
0104;145118169;1;0;47;1#2;30;
0104;145118170;1;0;17;1#2;30;
0104;145118171;1;0;114;1#2;30;
0104;145118172;1;0;51;1#2;30;
0104;145118173;1;0;11;1#2;30;
0104;145118174;1;0;4;1#2;30;
0104;234360112;1;0;66;1#2;30;
0104;234360113;1;0;11;1#2;30;
0104;145118176;1;0;25;1#2;30;
0104;145118177;1;0;25;1#2;30;
0104;145118178;1;0;45;1#2;30;
0104;145118179;1;0;37;1#2;30;
0104;145118180;1;0;123;1#2;30;
0104;145118181;1;0;223;1#2;30;
0104;145118182;1;0;121;1#2;30;
0104;145118183;1;0;294;1#2;30;
0104;145118184;1;0;226;1#2;30;
0104;145118185;1;0;162;1#2;30;
0104;145118186;1;0;62;1#2;30;
0104;145118187;1;0;40;1#2;30;
0104;145118188;1;0;180;1#2;30;
0104;145118189;1;0;14;1#2;30;
0104;234360114;1;0;18;1#2;30;
0104;234360115;1;0;34;1#2;30;
0104;145118191;1;0;30;1#2;30;
0104;145118192;1;0;53;1#2;30;
0104;145118193;1;0;88;1#2;30;
0104;145118194;1;0;106;1#2;30;
0104;145118195;1;0;54;1#2;30;
0104;145118196;1;0;40;1#2;30;
0104;145118197;1;0;105;1#2;30;
0104;145118198;1;0;206;1#2;30;
0104;145118199;1;0;88;1#2;30;
0104;145118200;1;0;57;1#2;30;
0104;145118201;1;0;120;1#2;30;
0104;145118202;1;0;203;1#2;30;
0104;145118203;1;0;68;1#2;30;
0104;145118204;1;0;14;1#2;30;
0104;145118205;1;0;22;1#2;30;
0104;145118206;1;0;70;1#2;30;
0104;145118207;1;0;15;1#2;30;
0104;145118208;1;0;237;1#2;30;
0104;145118209;1;0;76;1#2;30;
0104;145118210;1;0;74;1#2;30;
0104;145118211;1;0;19;1#2;30;
0104;145118212;1;0;13;1#2;30;
0104;145118213;1;0;107;1#2;30;
0104;145118214;1;0;175;1#2;30;
0104;145118215;1;0;7;1#2;30;
0104;145118216;1;0;69;1#2;30;
0104;145118217;1;0;71;1#2;30;
0104;145118218;1;0;28;1#2;30;
0104;145118219;1;0;103;1#2;30;
0104;145118220;1;0;23;1#2;30;
0104;145118221;1;0;31;1#2;30;
0104;145118222;1;0;9;1#2;30;
0104;145118223;1;0;39;1#2;30;
0104;145118224;1;0;54;1#2;30;
0104;145118225;1;0;202;1#2;30;
0104;145118226;1;0;32;1#2;30;
0104;145118227;1;0;224;1#2;30;
0104;145118228;1;0;14;1#2;30;
0104;145118229;1;0;10;1#2;30;
0104;145118231;1;0;19;1#2;30;
0104;145118232;1;0;71;1#2;30;
0104;145118233;1;0;49;1#2;30;
0104;145118234;1;0;50;1#2;30;
0104;145118235;1;0;17;1#2;30;
0104;145118236;1;0;34;1#2;30;
0104;145118237;1;0;305;1#2;30;
0104;145118238;1;0;53;1#2;30;
0104;145118239;1;0;167;1#2;30;
0104;145118240;1;0;66;1#2;30;
0104;145118241;1;0;137;1#2;30;
0104;145118242;1;0;105;1#2;30;
0104;145118243;1;0;11;1#2;30;
0104;145118244;1;0;171;1#2;30;
0104;234360116;1;0;30;1#2;30;
0104;234360117;1;0;566;1#2;30;
0104;145118246;1;0;291;1#2;30;
0104;145118247;1;0;49;1#2;30;
0104;145118249;1;0;217;1#2;30;
0104;145118250;1;0;36;1#2;30;
0104;145118251;1;0;82;1#2;30;
0104;145118252;1;0;577;1#2;30;
0104;145118253;1;0;48;1#2;30;
0104;145118254;1;0;60;1#2;30;
0104;145118255;1;0;80;1#2;30;
0104;145118256;1;0;106;1#2;30;
0104;145118257;1;0;32;1#2;30;
0104;145118258;1;0;205;1#2;30;
0104;145118259;1;0;76;1#2;30;
0104;145118260;1;0;25;1#2;30;
0104;145118261;1;0;153;1#2;30;
0104;145118262;1;0;25;1#2;30;
0104;145118263;1;0;13;1#2;30;
0104;145118264;1;0;24;1#2;30;
0104;145118265;1;0;28;1#2;30;
0104;145118266;1;0;159;1#2;30;
0104;145118267;1;0;92;1#2;30;
0104;145118268;1;0;29;1#2;30;
0104;145118269;1;0;59;1#2;30;
0104;145118270;1;0;41;1#2;30;
0104;145118271;1;0;84;1#2;30;
0104;145118272;1;0;27;1#2;30;
0104;145118273;1;0;10;1#2;30;
0104;145118274;1;0;79;1#2;30;
0104;145118275;1;0;16;1#2;30;
0104;145118276;1;0;209;1#2;30;
0104;145118277;1;0;10;1#2;30;
0104;145118278;1;0;51;1#2;30;
0104;145118279;1;0;43;1#2;30;
0104;145118280;1;0;49;1#2;30;
0104;145118281;1;0;11;1#2;30;
0104;145118282;1;0;9;1#2;30;
0104;145118284;1;0;10;1#2;30;
0104;145118285;1;0;17;1#2;30;
0104;145118286;1;0;31;1#2;30;
0104;145118287;1;0;71;1#2;30;
0104;234360118;1;0;20;1#2;30;
0104;234360119;1;0;77;1#2;30;
0104;145118289;1;0;290;1#2;30;
0104;145118290;1;0;69;1#2;30;
0104;145118291;1;0;76;1#2;30;
0104;145118292;1;0;30;1#2;30;
0104;145118293;1;0;79;1#2;30;
0104;145118294;1;0;130;1#2;30;
0104;145118295;1;0;108;1#2;30;
0104;145118296;1;0;28;1#2;30;
0104;145118297;1;0;40;1#2;30;
0104;145118298;1;0;33;1#2;30;
0104;145118299;1;0;78;1#2;30;
0104;145118300;1;0;17;1#2;30;
0104;145118301;1;0;18;1#2;30;
0104;145118302;1;0;161;1#2;30;
0104;145118303;1;0;108;1#2;30;
0104;145118304;1;0;10;1#2;30;
0104;145118305;1;0;99;1#2;30;
0104;145118306;1;0;166;1#2;30;
0104;145118307;1;0;162;1#2;30;
0104;145118308;1;0;54;1#2;30;
0104;145118309;1;0;123;1#2;30;
0104;145118310;1;0;13;1#2;30;
0104;145118311;1;0;29;1#2;30;
0104;145118312;1;0;290;1#2;30;
0104;145118313;1;0;110;1#2;30;
0104;145118314;1;0;30;1#2;30;
0104;145118315;1;0;91;1#2;30;
0104;234360120;1;0;11;1#2;30;
0104;234360121;1;0;46;1#2;30;
0104;145118317;1;0;117;1#2;30;
0104;145118318;1;0;54;1#2;30;
0104;145118319;1;0;80;1#2;30;
0104;145118320;1;0;53;1#2;30;
0104;145118321;1;0;17;1#2;30;
0104;145118322;1;0;16;1#2;30;
0104;145118323;1;0;23;1#2;30;
0104;145118324;1;0;209;1#2;30;
0104;145118325;1;0;180;1#2;30;
0104;145118326;1;0;58;1#2;30;
0104;145118327;1;0;191;1#2;30;
0104;145118328;1;0;34;1#2;30;
0104;145118329;1;0;33;1#2;30;
0104;145118330;1;0;37;1#2;30;
0104;145118331;1;0;26;1#2;30;
0104;145118332;1;0;34;1#2;50;
0104;145118333;1;0;165;1#2;30;
0104;145118334;1;0;106;1#2;30;
0104;145118335;1;0;291;1#2;30;
0104;234360122;1;0;36;1#2;50;
0104;145118337;1;0;89;1#2;30;
0104;145118339;1;0;174;1#2;50;
0104;145118344;1;0;389;1#2;30;
0104;145118345;1;0;64;1#2;30;
0104;145118346;1;0;28;1#2;30;
0104;145118347;1;0;83;1#2;30;
0104;237409403;1;0;12;1#2;30;
0104;237409404;1;0;205;1#2;30;
0104;145118349;1;0;383;1#2;30;
0104;145118350;1;0;445;1#2;30;
0104;145118351;1;0;135;1#2;30;
0104;145118352;1;0;181;1#2;30;
0104;145118353;1;0;218;1#2;30;
0104;145118354;1;0;120;1#2;30;
0104;145118355;1;0;33;1#2;30;
0104;145118356;1;0;179;1#2;30;
0104;145118357;1;0;189;1#2;30;
0104;234360123;1;0;31;1#2;30;
0104;234360124;1;0;25;1#2;30;
0104;145118359;1;0;22;1#2;30;
0104;234360125;1;0;207;1#2;30;
0104;145118361;1;0;14;1#2;30;
0104;145118363;1;0;79;1#2;30;
0104;145118364;1;0;41;1#2;30;
0104;145118365;1;0;27;1#2;30;
0104;145118366;1;0;60;1#2;30;
0104;145118367;1;0;130;1#2;30;
0104;145118368;1;0;38;1#2;30;
0104;145118369;1;0;85;1#2;30;
0104;145118370;1;0;39;1#2;30;
0104;145118371;1;0;45;1#2;30;
0104;145118372;1;0;27;1#2;30;
0104;145118374;1;0;50;1#2;30;
0104;145118375;1;0;76;1#2;30;
0104;145118376;1;0;144;1#2;30;
0104;145118377;1;0;13;1#2;30;
0104;145118378;1;0;29;1#2;30;
0104;145118379;1;0;15;1#2;30;
0104;145118380;1;0;65;1#2;30;
0104;145118381;1;0;76;1#2;30;
0104;145118382;1;0;38;1#2;30;
0104;145118383;1;0;9;1#2;30;
0104;145118384;1;0;176;1#2;30;
0104;145118385;1;0;98;1#2;30;
0104;145118386;1;0;31;1#2;30;
0104;145118387;1;0;126;1#2;30;
0104;145118388;1;0;59;1#2;30;
0104;145118389;1;0;97;1#2;30;
0104;145118390;1;0;104;1#2;30;
0104;145118391;1;0;145;1#2;30;
0104;145118392;1;0;53;1#2;30;
0104;145118394;1;0;24;1#2;30;
0104;145118395;1;0;69;1#2;30;
0104;145118396;1;0;60;1#2;30;
0104;145118397;1;0;100;1#2;30;
0104;145118398;1;0;80;1#2;30;
0104;145118399;1;0;258;1#2;30;
0104;145118400;1;0;323;1#2;30;
0104;145118402;1;0;85;1#2;30;
0104;145118403;1;0;109;1#2;30;
0104;145118404;1;0;171;1#2;30;
0104;145118405;1;0;127;1#2;30;
0104;145118406;1;0;288;1#2;30;
0104;145118407;1;0;69;1#2;30;
0104;145118408;1;0;147;1#2;30;
0104;145118409;1;0;229;1#2;30;
0104;145118410;1;0;638;1#2;30;
0104;145118411;1;0;250;1#2;30;
0104;145118412;1;0;168;1#2;30;
0104;145118413;1;0;41;1#2;30;
0104;145118414;1;0;34;1#2;30;
0104;145118415;1;0;145;1#2;30;
0104;145118416;1;0;92;1#2;30;
0104;145118417;1;0;25;1#2;30;
0104;145118418;1;0;755;1#2;30;
0104;145118419;1;0;187;1#2;30;
0104;145118420;1;0;65;1#2;30;
0104;145118421;1;0;160;1#2;30;
0104;145118422;1;0;39;1#2;30;
0104;145118423;1;0;63;1#2;30;
0104;145118424;1;0;15;1#2;30;
0104;145118425;1;0;36;1#2;30;
0104;145118426;1;0;17;1#2;30;
0104;145118427;1;0;46;1#2;30;
0104;145118428;1;0;56;1#2;30;
0104;145118429;1;0;95;1#2;30;
0104;145118430;1;0;4;1#2;30;
0104;145118431;1;0;4;1#2;30;
0104;145118433;1;0;547;1#2;30;
0104;145118434;1;0;55;1#2;30;
0104;145118435;1;0;79;1#2;30;
0104;145118436;1;0;255;1#2;30;
0104;145118437;1;0;108;1#2;30;
0104;145118438;1;0;172;1#2;30;
0104;145118439;1;0;45;1#2;30;
0104;145118440;1;0;38;1#2;30;
0104;145118441;1;0;302;1#2;30;
0104;145118442;1;0;396;1#2;30;
0104;145118443;1;0;122;1#2;30;
0104;145118444;1;0;117;1#2;30;
0104;145118445;1;0;37;1#2;30;
0104;145118446;1;0;25;1#2;30;
0104;145118447;1;0;28;1#2;30;
0104;145118448;1;0;230;1#2;30;
0104;145118449;1;0;596;1#2;30;
0104;145118450;1;0;81;1#2;30;
0104;145118451;1;0;120;1#2;30;
0104;145118452;1;0;28;1#2;30;
0104;145118453;1;0;386;1#2;30;
0104;145118454;1;0;39;1#2;30;
0104;145118455;1;0;51;1#2;30;
0104;145118456;1;0;33;1#2;30;
0104;145118457;1;0;69;1#2;30;
0104;145118458;1;0;32;1#2;30;
0104;145118459;1;0;61;1#2;30;
0104;145118460;1;0;146;1#2;30;
0104;145118461;1;0;62;1#2;30;
0104;145118462;1;0;116;1#2;30;
0104;145118463;1;0;110;1#2;30;
0104;145118464;1;0;27;1#2;30;
0104;145118465;1;0;108;1#2;30;
0104;145118466;1;0;66;1#2;30;
0104;145118467;1;0;82;1#2;30;
0104;145118468;1;0;21;1#2;30;
0104;145118469;1;0;30;1#2;30;
0104;145118470;1;0;40;1#2;30;
0104;145118471;1;0;59;1#2;30;
0104;145118472;1;0;281;1#2;30;
0104;145118473;1;0;200;1#2;30;
0104;145118474;1;0;250;1#2;30;
0104;145118475;1;0;40;1#2;30;
0104;145118476;1;0;169;1#2;30;
0104;145118477;1;0;36;1#2;30;
0104;145118478;1;0;82;1#2;30;
0104;145118479;1;0;13;1#2;30;
0104;145118480;1;0;21;1#2;30;
0104;145118481;1;0;8;1#2;30;
0104;145118482;1;0;43;1#2;30;
0104;145118483;1;0;153;1#2;30;
0104;145118484;1;0;247;1#2;30;
0104;145118485;1;0;94;1#2;30;
0104;145118486;1;0;132;1#2;30;
0104;234360126;1;0;22;1#2;30;
0104;234360127;1;0;172;1#2;30;
0104;145118488;1;0;126;1#2;30;
0104;145118489;1;0;353;1#2;30;
0104;145118490;1;0;49;1#2;30;
0104;145118491;1;0;77;1#2;30;
0104;145118492;1;0;54;1#2;30;
0104;145118493;1;0;380;1#2;30;
0104;145118494;1;0;41;1#2;30;
0104;145118495;1;0;61;1#2;30;
0104;145118496;1;0;71;1#2;30;
0104;145118497;1;0;23;1#2;30;
0104;145118498;1;0;38;1#2;30;
0104;145118499;1;0;24;1#2;30;
0104;145118500;1;0;24;1#2;30;
0104;145118501;1;0;174;1#2;30;
0104;145118502;1;0;44;1#2;30;
0104;145118503;1;0;97;1#2;30;
0104;145118504;1;0;68;1#2;30;
0104;145118505;1;0;40;1#2;30;
0104;145118506;1;0;132;1#2;30;
0104;145118507;1;0;76;1#2;30;
0104;145118508;1;0;65;1#2;30;
0104;145118509;1;0;55;1#2;30;
0104;145118510;1;0;78;1#2;30;
0104;145118511;1;0;26;1#2;30;
0104;145118512;1;0;4;1#2;30;
0104;145118513;1;0;11;1#2;30;
0104;145118514;1;0;99;1#2;30;
0104;145118515;1;0;29;1#2;30;
0104;145118516;1;0;7;1#2;30;
0104;145118517;1;0;143;1#2;30;
0104;145118518;1;0;42;1#2;30;
0104;145118519;1;0;152;1#2;30;
0104;145118520;1;0;85;1#2;30;
0104;145118521;1;0;18;1#2;30;
0104;145118522;1;0;5;1#2;30;
0104;145118523;1;0;25;1#2;30;
0104;145118524;1;0;71;1#2;30;
0104;145118525;1;0;27;1#2;30;
0104;145118526;1;0;17;1#2;30;
0104;145118527;1;0;65;1#2;30;
0104;145118528;1;0;27;1#2;30;
0104;145118529;1;0;16;1#2;30;
0104;145118530;1;0;142;1#2;30;
0104;145118531;1;0;57;1#2;30;
0104;145118532;1;0;46;1#2;30;
0104;145118533;1;0;43;1#2;30;
0104;145118534;1;0;43;1#2;30;
0104;145118535;1;0;142;1#2;30;
0104;145118536;1;0;345;1#2;30;
0104;145118537;1;0;42;1#2;30;
0104;145118538;1;0;172;1#2;30;
0104;145118539;1;0;49;1#2;30;
0104;145118540;1;0;39;1#2;30;
0104;145118541;1;0;18;1#2;30;
0104;145118542;1;0;25;1#2;30;
0104;145118543;1;0;418;1#2;30;
0104;145118544;1;0;54;1#2;30;
0104;145118545;1;0;213;1#2;30;
0104;145118546;1;0;26;1#2;30;
0104;145118547;1;0;70;1#2;30;
0104;145118548;1;0;8;1#2;30;
0104;145118549;1;0;162;1#2;30;
0104;145118551;1;0;223;1#2;30;
0104;145118552;1;0;18;1#2;30;
0104;237409405;1;0;249;1#2;30;
0104;145118554;1;0;23;1#2;30;
0104;145118555;1;0;20;1#2;30;
0104;145118556;1;0;27;1#2;30;
0104;145118557;1;0;38;1#2;30;
0104;145118558;1;0;226;1#2;30;
0104;145118560;1;0;84;1#2;30;
0104;145118561;1;0;63;1#2;30;
0104;145118562;1;0;10;1#2;30;
0104;145118563;1;0;86;1#2;30;
0104;145118564;1;0;19;1#2;30;
0104;145118565;1;0;220;1#2;30;
0104;145118566;1;0;55;1#2;30;
0104;145118567;1;0;49;1#2;30;
0104;145118568;1;0;53;1#2;30;
0104;145118570;1;0;182;1#2;30;
0104;145118571;1;0;83;1#2;30;
0104;145118572;1;0;34;1#2;30;
0104;145118573;1;0;70;1#2;30;
0104;145118574;1;0;181;1#2;30;
0104;145118575;1;0;19;1#2;30;
0104;145118576;1;0;14;1#2;30;
0104;145118578;1;0;53;1#2;30;
0104;145118579;1;0;21;1#2;30;
0104;145118580;1;0;51;1#2;30;
0104;145118581;1;0;14;1#2;30;
0104;145118582;1;0;100;1#2;30;
0104;145118583;1;0;73;1#2;30;
0104;145118584;1;0;61;1#2;30;
0104;145118585;1;0;44;1#2;30;
0104;145118586;1;0;21;1#2;30;
0104;145118587;1;0;43;1#2;30;
0104;145118588;1;0;64;1#2;30;
0104;145118589;1;0;53;1#2;30;
0104;145118590;1;0;31;1#2;30;
0104;145118591;1;0;47;1#2;30;
0104;145118592;1;0;123;1#2;30;
0104;145118594;1;0;27;1#2;30;
0104;145118595;1;0;29;1#2;30;
0104;145118596;1;0;99;1#2;30;
0104;145118597;1;0;6;1#2;30;
0104;145118598;1;0;181;1#2;30;
0104;145118599;1;0;217;1#2;30;
0104;145118600;1;0;104;1#2;30;
0104;145118601;1;0;64;1#2;30;
0104;145118602;1;0;28;1#2;30;
0104;145118603;1;0;13;1#2;30;
0104;145118604;1;0;9;1#2;30;
0104;145118605;1;0;153;1#2;30;
0104;145118606;1;0;112;1#2;30;
0104;145118607;1;0;27;1#2;30;
0104;145118608;1;0;29;1#2;30;
0104;145118609;1;0;31;1#2;30;
0104;145118610;1;0;51;1#2;30;
0104;145118611;1;0;50;1#2;30;
0104;145118612;1;0;199;1#2;30;
0104;145118613;1;0;65;1#2;30;
0104;145118614;1;0;44;1#2;30;
0104;145118616;1;0;53;1#2;30;
0104;145141019;1;0;264;1#2;50;
0104;145141020;1;0;128;1#2;50;
0104;145141021;1;0;517;1#2;50;
0104;145141022;1;0;191;1#2;50;
0104;145141023;1;0;176;1#2;50;
0104;145141024;1;0;8;1#2;50;
0104;145141025;1;0;79;1#2;50;
0104;145141026;1;0;1314;1#2;50;
0104;145141027;1;0;15;1#2;50;
0104;145141028;1;0;214;1#2;50;
0104;145141029;1;0;145;1#2;50;
0104;145141030;1;0;82;1#2;50;
0104;145141031;1;0;7;1#2;50;
0104;145141032;1;0;61;1#2;50;
0104;145141033;1;0;16;1#2;50;
0104;145141034;1;0;346;1#2;50;
0104;145141035;1;0;171;1#2;50;
0104;145141036;1;0;62;1#2;50;
0104;145141037;1;0;190;1#2;50;
0104;145141038;1;0;470;1#2;50;
0104;145141039;1;0;381;1#2;50;
0104;145141040;1;0;890;1#2;50;
0104;145141041;1;0;109;1#2;50;
0104;145141042;1;0;1267;1#2;50;
0104;145141043;1;0;161;1#2;50;
0104;145141044;1;0;129;1#2;50;
0104;145141045;1;0;31;1#2;50;
0104;145141046;1;0;135;1#2;50;
0104;145141047;1;0;209;1#2;50;
0104;145141048;1;0;127;1#2;50;
0104;145141049;1;0;6;1#2;50;
0104;145141050;1;0;78;1#2;50;
0104;145141051;1;0;52;1#2;50;
0104;145141052;1;0;1353;1#2;50;
0104;145141053;1;0;317;1#2;50;
0104;145141054;1;0;178;1#2;50;
0104;145141055;1;0;190;1#2;50;
0104;145143652;1;0;20;1;80;
0104;145143653;1;0;536;1;80;
0104;145143654;1;0;7;1;80;
0104;145143655;1;0;5;1;80;
0104;145143656;1;0;99;1;80;
0104;145143657;1;0;36;1;80;
0104;145143658;1;0;225;1;80;
0104;145143659;1;0;20;1;80;
0104;145143660;1;0;5;1;100;
0104;145143661;1;0;413;1;100;
0104;145143662;1;0;20;1;100;
0104;145143663;1;0;20;1;80;
0104;145143664;1;0;343;1;80;
0104;145143665;1;0;5;1;80;
0104;145143874;1;0;20;1#2;60;
0104;145143875;1;0;294;1#2;60;
0104;145143876;1;0;112;1#2;60;
0104;145143876;2;98;112;1#2;80;
0104;145143877;1;0;40;1#2;80;
0104;145143878;1;0;373;1#2;80;
0104;145143879;1;0;52;1#2;80;
0104;145143880;1;0;345;1#2;80;
0104;145143881;1;0;16;1#2;80;
0104;145143882;1;0;510;1#2;80;
0104;145143882;2;505;510;1;70;
0104;145143883;1;0;142;1;70;
0104;145143883;2;122;142;1#2;50;
0104;145143884;1;0;17;1#2;50;
0104;145143885;1;0;50;1#1H1#2;50;
0104;145143897;1;0;108;1#2;50;
0104;145143900;1;0;40;1#2;50;
0104;145143902;1;0;37;1#2;50;
0104;145143904;1;0;68;1#1V1#2;50;
0104;145143907;1;0;124;1#2;50;
0104;145143912;1;0;24;1#2#3#4;50;
0104;145143913;1;0;121;1#2#3#4;50;
0104;145143917;1;0;59;1#2;50;
0104;145143918;1;0;73;1#2;50;
0104;145143919;1;0;42;1#2;50;
0104;145143920;1;0;30;1#2;50;
0104;145143921;1;0;203;1#2;50;
0104;145143923;1;0;20;1;80;
0104;145143924;1;0;295;1;80;
0104;145143925;1;0;5;1;80;
0104;145143926;1;0;15;1;80;
0104;145143927;1;0;407;1;80;
0104;145143928;1;0;20;1;80;
0104;145143929;1;0;5;1;80;
0104;145143930;1;0;28;1;80;
0104;145143931;1;0;4;1;80;
0104;145143932;1;0;20;1;80;
0104;145143933;1;0;320;1;80;
0104;145143934;1;0;12;1#1H1;80;
0104;145143935;1;0;20;1#1H1;80;
0104;145143936;1;0;20;1;80;
0104;145143937;1;0;87;1;80;
0104;145143938;1;0;342;1;80;
0104;145143939;1;0;5;1;80;
0104;145143940;1;0;12;1;50;
0104;145143941;1;0;5;1;50;
0104;145143942;1;0;6;1;50;
0104;145143943;1;0;9;1;50;
0104;145143944;1;0;6;1;50;
0104;145143945;1;0;7;1;50;
0104;145143946;1;0;12;1;50;
0104;145143947;1;0;13;1;50;
0104;145143948;1;0;10;1;50;
0104;145143949;1;0;5;1;50;
0104;145143950;1;0;5;1;50;
0104;145143951;1;0;14;1;50;
0104;145143952;1;0;9;1;50;
0104;145143953;1;0;12;1;50;
0104;145143954;1;0;5;1;50;
0104;145143955;1;0;8;1;50;
0104;145143956;1;0;15;1;50;
0104;145143957;1;0;5;1;50;
0104;145143958;1;0;8;1;50;
0104;145143959;1;0;8;1;50;
0104;145143960;1;0;8;1;50;
0104;145143961;1;0;8;1;50;
0104;145143962;1;0;5;1;50;
0104;145143963;1;0;8;1;50;
0104;145143964;1;0;8;1;50;
0104;145143965;1;0;8;1;50;
0104;145143966;1;0;7;1;50;
0104;145143967;1;0;8;1;50;
0104;145143968;1;0;9;1;50;
0104;145143969;1;0;5;1;50;
0104;145143970;1;0;6;1;50;
0104;145143971;1;0;8;1;50;
0104;145143972;1;0;6;1;50;
0104;145143973;1;0;6;1;50;
0104;145143974;1;0;4;1;50;
0104;145143975;1;0;9;1;50;
0104;145143976;1;0;8;1;50;
0104;145143977;1;0;3;1;50;
0104;145143978;1;0;9;1;50;
0104;145143979;1;0;10;1;50;
0104;145143980;1;0;10;1;50;
0104;145143981;1;0;9;1;50;
0104;145143982;1;0;9;1;50;
0104;145143983;1;0;3;1;50;
0104;145143984;1;0;10;1;50;
0104;145143985;1;0;8;1;50;
0104;145143986;1;0;14;1;50;
0104;145143987;1;0;7;1;50;
0104;145143988;1;0;6;1;50;
0104;145143989;1;0;6;1;50;
0104;145143990;1;0;6;1;50;
0104;145143991;1;0;8;1;50;
0104;145143992;1;0;3;1;50;
0104;145143993;1;0;7;1;50;
0104;145143994;1;0;9;1;50;
0104;145146155;1;0;126;1#2;50;
0104;145146158;1;0;138;1#2;50;
0104;145146159;1;0;125;1#2;50;
0104;145146160;1;0;13;1#2;50;
0104;145146161;1;0;11;1#2;50;
0104;145146163;1;0;66;1#2;50;
0104;145146164;1;0;27;1#2;50;
0104;145146165;1;0;137;1#2;50;
0104;145146166;1;0;8;1#2;50;
0104;145146168;1;0;216;1#2;50;
0104;145146169;1;0;71;1#2;50;
0104;145146170;1;0;15;1#2;50;
0104;145146343;1;0;5;1;50;
0104;145146344;1;0;7;1;50;
0104;145146345;1;0;3;1;50;
0104;145146346;1;0;6;1;50;
0104;145146347;1;0;6;1;50;
0104;145146348;1;0;7;1;50;
0104;145146349;1;0;7;1;50;
0104;145146350;1;0;6;1;50;
0104;145146351;1;0;7;1;50;
0104;145146352;1;0;2;1;50;
0104;145146353;1;0;8;1;50;
0104;145146354;1;0;5;1;50;
0104;145146355;1;0;6;1;50;
0104;145146356;1;0;7;1;50;
0104;145146357;1;0;8;1;50;
0104;145146358;1;0;5;1;50;
0104;145146359;1;0;5;1;50;
0104;145146360;1;0;5;1;50;
0104;145146361;1;0;6;1;50;
0104;145146362;1;0;11;1;50;
0104;145146363;1;0;8;1;50;
0104;145146364;1;0;8;1;50;
0104;145146365;1;0;6;1;50;
0104;145146366;1;0;6;1;50;
0104;145146367;1;0;4;1;50;
0104;145146368;1;0;6;1;50;
0104;145146369;1;0;8;1;50;
0104;145146379;1;0;106;1#2;40;
0104;211493817;1;0;277;1#2;40;
0104;145146382;1;0;6;1#2;40;
0104;145146383;1;0;22;1#2;40;
0104;145146384;1;0;15;1#2;40;
0104;145146385;1;0;8;1#2;40;
0104;145146386;1;0;8;1#2;40;
0104;175992733;1;0;395;1#2;40;
0104;175992733;2;216;395;1#2;50;
0104;175992734;1;0;76;1#2;50;
0104;145146447;1;0;21;1#2;50;
0104;145146543;1;0;12;1;50;
0104;145146544;1;0;5;1;50;
0104;145146545;1;0;5;1;50;
0104;145146546;1;0;9;1;50;
0104;145146547;1;0;6;1;50;
0104;145146548;1;0;8;1;50;
0104;145146549;1;0;4;1;50;
0104;145146550;1;0;10;1;50;
0104;145146551;1;0;8;1;50;
0104;145146552;1;0;5;1;50;
0104;145146553;1;0;8;1;50;
0104;145146554;1;0;7;1;50;
0104;145147511;1;0;25;1#2;50;
0104;145147512;1;0;35;1#2;50;
0104;145147513;1;0;86;1#2;50;
0104;145147514;1;0;47;1#2;50;
0104;145147515;1;0;22;1#2;50;
0104;145147518;1;0;15;1#2;50;
0104;145147519;1;0;58;1#2;50;
0104;145147520;1;0;103;1#2;50;
0104;145147521;1;0;196;1#2;50;
0104;145147522;1;0;260;1#2;50;
0104;145147525;1;0;351;1#2;50;
0104;145147525;2;10;351;1#2;70;
0104;145147526;1;0;705;1#2;70;
0104;145147526;1;0;705;1#2;50;
0104;145147526;2;671;705;1#2;50;
0104;145147529;1;0;446;1#2;50;
0104;145147530;1;0;119;1#2;50;
0104;145147531;1;0;115;1#2;50;
0104;145147532;1;0;42;1#2;50;
0104;145147533;1;0;51;1#2;50;
0104;145147534;1;0;166;1#2;50;
0104;145147535;1;0;30;1#2;50;
0104;145147536;1;0;223;1#2;50;
0104;145147537;1;0;4;1#2;50;
0104;145147538;1;0;71;1#2;50;
0104;145147539;1;0;132;1#2;50;
0104;145147540;1;0;91;1#2;50;
0104;145147541;1;0;44;1#2;50;
0104;145147543;1;0;118;1#2;50;
0104;145147543;2;21;118;1#2;60;
0104;145147544;1;0;26;1#2;60;
0104;145147545;1;0;29;1#2;60;
0104;145147546;1;0;205;1#2;60;
0104;145147547;1;0;7;1#2;60;
0104;145147548;1;0;8;1#2;60;
0104;240125648;1;0;270;1#2;60;
0104;145147551;1;0;68;1#2;60;
0104;145147552;1;0;62;1#2;60;
0104;145147553;1;0;55;1#2;60;
0104;145147554;1;0;338;1#2;60;
0104;145147554;2;73;338;1#2;60;
0104;145147555;1;0;7;1#2;60;
0104;145147556;1;0;4;1#2;60;
0104;145147557;1;0;2;1#2;60;
0104;145147558;1;0;504;1#2;60;
0104;145147561;1;0;30;1#2;40;
0104;145147562;1;0;97;1#2;40;
0104;145147563;1;0;20;1#2;40;
0104;145147564;1;0;191;1#2;40;
0104;145147565;1;0;215;1#2;40;
0104;145147566;1;0;7;1#2;40;
0104;145147567;1;0;15;1;50;
0104;145147568;1;0;7;1;50;
0104;145147569;1;0;8;1;50;
0104;145147570;1;0;10;1;50;
0104;145147571;1;0;8;1;50;
0104;145147572;1;0;8;1;50;
0104;145147573;1;0;9;1;50;
0104;145147574;1;0;8;1;50;
0104;145147575;1;0;4;1;50;
0104;145147576;1;0;4;1;50;
0104;145147577;1;0;6;1;50;
0104;145147578;1;0;4;1;50;
0104;145147579;1;0;3;1;50;
0104;145147580;1;0;20;1;50;
0104;145147581;1;0;4;1;50;
0104;145147582;1;0;4;1;50;
0104;145147583;1;0;5;1#2;50;
0104;145147584;1;0;68;1#2;50;
0104;145147585;1;0;67;1#2;50;
0104;145147586;1;0;55;1#2;50;
0104;145147588;1;0;17;1#2;50;
0104;145147589;1;0;46;1#2;50;
0104;145147590;1;0;147;1#2;50;
0104;145147591;1;0;78;1#2;50;
0104;145147592;1;0;147;1#2;50;
0104;145147593;1;0;115;1#2;50;
0104;145147594;1;0;60;1#2;50;
0104;145147595;1;0;131;1#2;50;
0104;145147597;1;0;7;1#2;50;
0104;145147598;1;0;167;1#2;50;
0104;145147599;1;0;4;1#2;50;
0104;145147600;1;0;122;1#2;50;
0104;145147601;1;0;145;1#2;50;
0104;145147602;1;0;115;1#2;50;
0104;145147603;1;0;87;1#2;50;
0104;145147604;1;0;222;1#2;50;
0104;145147605;1;0;1947;1#2;50;
0104;145147605;2;62;1947;1#2;60;
0104;145147606;1;0;12;1#2;60;
0104;145147607;1;0;15;1#2;60;
0104;145147608;1;0;63;1#2;60;
0104;145147612;1;0;18;1#2;50;
0104;145147613;1;0;12;1#2;50;
0104;145147614;1;0;14;1#2;50;
0104;145147615;1;0;7;1#2;50;
0104;145147616;1;0;5;1#2;50;
0104;145147620;1;0;71;1#2;50;
0104;145147621;1;0;32;1#2;50;
0104;145147622;1;0;47;1#2;50;
0104;145147623;1;0;71;1#2;50;
0104;145147624;1;0;65;1#2;50;
0104;145147625;1;0;9;1#2;50;
0104;145147627;1;0;30;1#2;50;
0104;145147628;1;0;178;1#2;50;
0104;145147629;1;0;109;1#2;50;
0104;145147630;1;0;105;1#2;50;
0104;145147631;1;0;8;1#2;50;
0104;145147632;1;0;70;1#2;50;
0104;145147633;1;0;53;1#2;50;
0104;145147634;1;0;13;1#2;50;
0104;145147635;1;0;5;1#2;50;
0104;145147638;1;0;53;1#2;50;
0104;145147639;1;0;52;1#2;50;
0104;145147640;1;0;51;1#2;50;
0104;145147641;1;0;15;1#2;50;
0104;145147642;1;0;52;1#2;50;
0104;145147643;1;0;71;1#2;50;
0104;145147644;1;0;102;1#2;50;
0104;145147645;1;0;9;1#2;50;
0104;145147646;1;0;19;1#2;50;
0104;145147647;1;0;163;1#2;50;
0104;145147648;1;0;76;1#2;50;
0104;145147651;1;0;10;1#2;50;
0104;145147652;1;0;17;1;50;
0104;145147653;1;0;3;1;50;
0104;145147654;1;0;3;1;50;
0104;145147655;1;0;6;1;50;
0104;145147656;1;0;2;1;50;
0104;145147657;1;0;3;1;50;
0104;212637495;1;0;8;1;50;
0104;212637496;1;0;9;1;50;
0104;212637497;1;0;8;1;50;
0104;212637498;1;0;4;1;50;
0104;145147659;1;0;4;1;50;
0104;145147660;1;0;4;1;50;
0104;145152398;1;0;94;1#2;50;
0104;145152399;1;0;102;1#2;50;
0104;145152400;1;0;54;1#2;50;
0104;175992736;1;0;25;1#2;50;
0104;145152405;1;0;36;1#2;50;
0104;145152406;1;0;154;1#2;50;
0104;145152407;1;0;33;1#2;50;
0104;145152410;1;0;4;1#2;50;
0104;145152411;1;0;257;1#2;50;
0104;145152411;1;0;257;1#2;60;
0104;145152411;2;165;257;1#2;80;
0104;145152412;1;0;94;1#2;80;
0104;145152413;1;0;147;1#2;80;
0104;145152414;1;0;6;1#2;80;
0104;145152415;1;0;140;1#2;80;
0104;145152416;1;0;155;1#2;80;
0104;145152417;1;0;496;1#2;80;
0104;255743017;1;0;566;1#2;80;
0104;255743018;1;0;254;1#2;80;
0104;145152422;1;0;80;1#2;80;
0104;145152423;1;0;346;1#2;80;
0104;145152424;1;0;402;1#2;80;
0104;145152425;1;0;61;1#2;80;
0104;145152426;1;0;175;1#2;80;
0104;145152427;1;0;17;1#2;80;
0104;145152428;1;0;89;1#2;80;
0104;145152975;1;0;198;1#2;50;
0104;145152976;1;0;9;1#2;50;
0104;145152977;1;0;16;1#2;50;
0104;145152978;1;0;118;1#2;50;
0104;145152979;1;0;4;1#2;50;
0104;145152980;1;0;69;1#2;50;
0104;145152981;1;0;50;1#2;50;
0104;145152982;1;0;4;1#2;50;
0104;145152983;1;0;5;1#2;50;
0104;145152984;1;0;94;1#2;50;
0104;145152985;1;0;117;1#2;50;
0104;145152986;1;0;49;1#2;50;
0104;145154320;1;0;1367;1;100;
0104;145154320;2;374;1367;1;100;
0104;145154321;1;0;175;1;100;
0104;145154322;1;0;394;1;100;
0104;145154323;1;0;36;1;100;
0104;145154324;1;0;35;1;100;
0104;145154325;1;0;115;1;100;
0104;145154326;1;0;602;1;100;
0104;145154327;1;0;47;1;100;
0104;145154328;1;0;2347;1;100;
0104;145154329;1;0;20;1;100;
0104;145154330;1;0;1441;1;60;
0104;145154330;1;0;1441;1;100;
0104;145154330;2;1319;1441;1#3;60;
0104;145154331;1;0;257;1#3B#5B#7B#9B;60;
0104;145154332;1;0;93;1#3B#5B#7B#9B;60;
0104;145154427;1;0;40;1#3;60;
0104;145154428;1;0;222;1#3;60;
0104;145154429;1;0;40;1;60;
0104;145154430;1;0;69;1#1H1;50;
0104;145154431;1;0;38;1#1H1#1V1;50;
0104;145154432;1;0;7;1;50;
0104;145154433;1;0;5;1;50;
0104;145154434;1;0;16;1;50;
0104;145154435;1;0;22;1;50;
0104;145154436;1;0;29;1;50;
0104;145154437;1;0;13;1;50;
0104;145154438;1;0;3;1;50;
0104;145154439;1;0;53;1;50;
0104;246315607;1;0;16;1;50;
0104;246315608;1;0;24;1;50;
0104;145154441;1;0;46;1;50;
0104;145154442;1;0;5;1;50;
0104;145154443;1;0;12;1;50;
0104;175992739;1;0;9;1;50;
0104;175992740;1;0;2;1;50;
0104;145154445;1;0;26;1;50;
0104;145154446;1;0;36;1;50;
0104;145154447;1;0;55;1;50;
0104;145154448;1;0;50;1;50;
0104;145154449;1;0;39;1#1V1;50;
0104;145154450;1;0;36;1;50;
0104;145154451;1;0;7;1;50;
0104;145154452;1;0;28;1;50;
0104;145154453;1;0;17;1;50;
0104;145154454;1;0;5;1;50;
0104;145154455;1;0;7;1;50;
0104;145154456;1;0;33;1;50;
0104;145154457;1;0;14;1;50;
0104;145154458;1;0;16;1;50;
0104;145154459;1;0;29;1;50;
0104;145154460;1;0;43;1;50;
0104;145154899;1;0;88;1;50;
0104;145154900;1;0;4;1;50;
0104;145154901;1;0;44;1;50;
0104;145154902;1;0;59;1;50;
0104;145154903;1;0;12;1;50;
0104;145154904;1;0;5;1;50;
0104;145154905;1;0;60;1;50;
0104;145154906;1;0;46;1;50;
0104;175992741;1;0;16;1;50;
0104;175992742;1;0;21;1;50;
0104;145154908;1;0;39;1;50;
0104;145154909;1;0;21;1;50;
0104;145154910;1;0;3;1;50;
0104;145154911;1;0;8;1;50;
0104;145154912;1;0;30;1;50;
0104;145154913;1;0;14;1;50;
0104;145154914;1;0;37;1;50;
0104;145154915;1;0;50;1;50;
0104;175992743;1;0;17;1;50;
0104;175992744;1;0;21;1;50;
0104;145154917;1;0;4;1;50;
0104;145154942;1;0;2;1;40;
0104;175992745;1;0;74;1;40;
0104;175992745;2;51;74;1;40;
0104;175992746;1;0;18;1;40;
0104;145154944;1;0;4;1;40;
0104;145154945;1;0;4;1;40;
0104;145154946;1;0;3;1;40;
0104;145154947;1;0;47;1;40;
0104;145154948;1;0;25;1;40;
0104;145154949;1;0;52;1;40;
0104;145154950;1;0;68;1;50;
0104;145154951;1;0;6;1;50;
0104;145154953;1;0;39;1;50;
0104;145154954;1;0;38;1;50;
0104;145155023;1;0;27;1;50;
0104;145155024;1;0;21;1;50;
0104;145155025;1;0;29;1;50;
0104;145155026;1;0;27;1;50;
0104;145155027;1;0;4;1;50;
0104;145155028;1;0;4;1;50;
0104;145155029;1;0;105;1;50;
0104;145155030;1;0;16;1;50;
0104;145155031;1;0;13;1;50;
0104;145155032;1;0;23;1;50;
0104;145155033;1;0;37;1;50;
0104;145155034;1;0;4;1;40;
0104;145155035;1;0;20;1;40;
0104;145155036;1;0;20;1;50;
0104;145155037;1;0;18;1;50;
0104;145155038;1;0;3;1;50;
0104;145155039;1;0;24;1;50;
0104;145155040;1;0;9;1;50;
0104;145155041;1;0;78;1;50;
0104;145155042;1;0;8;1;50;
0104;145155043;1;0;16;1;50;
0104;145155044;1;0;39;1;50;
0104;145155045;1;0;17;1;50;
0104;145155046;1;0;13;1;50;
0104;145155047;1;0;29;1;50;
0104;145155048;1;0;10;1;50;
0104;145155049;1;0;32;1;50;
0104;145155050;1;0;10;1;50;
0104;145155271;1;0;29;1;50;
0104;145155272;1;0;4;1#2;50;
0104;145155273;1;0;5;1#2;50;
0104;145155274;1;0;5;1#2;50;
0104;145155275;1;0;4;1#2;50;
0104;145155276;1;0;5;1;50;
0104;145155277;1;0;7;1;50;
0104;145155278;1;0;22;1;50;
0104;145155279;1;0;33;1;50;
0104;145155280;1;0;35;1;50;
0104;145155280;1;0;35;1H1;30;
0104;145155281;1;0;16;1;50;
0104;145155282;1;0;3;1#2;50;
0104;145155283;1;0;4;1#2;50;
0104;145155284;1;0;9;1#2;50;
0104;145155285;1;0;3;1#2;50;
0104;145155286;1;0;3;1#2;50;
0104;145155287;1;0;3;1#2;50;
0104;145155288;1;0;4;1#2;50;
0104;145155289;1;0;3;1#2;50;
0104;145155290;1;0;32;1;50;
0104;145155291;1;0;21;1;50;
0104;177573637;1;0;21;1;50;
0104;177573638;1;0;13;1;50;
0104;145155293;1;0;32;1;50;
0104;145155294;1;0;33;1;50;
0104;145155299;1;0;25;1;50;
0104;145155300;1;0;35;1;50;
0104;145155301;1;0;22;1;50;
0104;145155302;1;0;4;1;50;
0104;145155303;1;0;6;1;50;
0104;145155304;1;0;18;1;50;
0104;145155305;1;0;28;1;50;
0104;145155306;1;0;38;1;50;
0104;145155307;1;0;31;1;50;
0104;145155308;1;0;22;1;50;
0104;145155309;1;0;25;1;50;
0104;145155310;1;0;8;1;50;
0104;145155311;1;0;15;1V1;50;
0104;145155311;1;0;15;1;50;
0104;145155312;1;0;16;1;50;
0104;145155313;1;0;8;1#2;50;
0104;145155314;1;0;4;1#2;50;
0104;145155315;1;0;5;1#2;50;
0104;145155316;1;0;5;1#2;50;
0104;145155317;1;0;4;1#2;50;
0104;145155318;1;0;4;1#2;50;
0104;145155319;1;0;73;1;50;
0104;145155320;1;0;57;1;50;
0104;145155321;1;0;65;1;50;
0104;175992749;1;0;15;1;50;
0104;175992750;1;0;9;1;50;
0104;145155323;1;0;10;1;50;
0104;145155324;1;0;75;1;50;
0104;145155325;1;0;16;1;50;
0104;145155326;1;0;6;1#2;50;
0104;145155327;1;0;8;1#2;50;
0104;145155328;1;0;5;1#2;50;
0104;145155329;1;0;3;1#2;50;
0104;145155330;1;0;21;1;50;
0104;145155331;1;0;23;1;50;
0104;145155332;1;0;27;1;50;
0104;145155333;1;0;24;1;50;
0104;145155334;1;0;17;1;50;
0104;145155335;1;0;11;1;50;
0104;145155336;1;0;38;1;50;
0104;145155337;1;0;18;1;50;
0104;145155338;1;0;24;1;50;
0104;145155339;1;0;28;1;50;
0104;145155340;1;0;60;1;50;
0104;145155341;1;0;29;1;50;
0104;145155342;1;0;89;1;50;
0104;145155343;1;0;138;1;50;
0104;175992751;1;0;22;1;50;
0104;175992752;1;0;17;1;50;
0104;145155345;1;0;26;1;50;
0104;145155346;1;0;34;1;50;
0104;145155347;1;0;43;1;50;
0104;145155348;1;0;31;1;50;
0104;145155350;1;0;5;1#2;50;
0104;145155351;1;0;29;1;50;
0104;177573639;1;0;17;1;50;
0104;177573640;1;0;16;1;50;
0104;145155353;1;0;8;1;50;
0104;145155687;1;0;30;1;30;
0104;145155688;1;0;5;1#2;30;
0104;145155689;1;0;7;1#2;30;
0104;145155690;1;0;83;1;30;
0104;145155691;1;0;43;1;30;
0104;145155692;1;0;25;1;30;
0104;145155693;1;0;5;1#2;30;
0104;145155795;1;0;1685;2;100;
0104;145155795;2;1524;1685;2;100;
0104;145155796;1;0;251;2;100;
0104;145155797;1;0;36;2;100;
0104;145155798;1;0;399;2;100;
0104;145155799;1;0;353;2;100;
0104;145155800;1;0;47;2;100;
0104;145155801;1;0;367;2;100;
0104;145155802;1;0;658;2;100;
0104;145155803;1;0;1322;2;100;
0104;145155804;1;0;20;2;100;
0104;145155805;1;0;1441;2;100;
0104;145155805;2;1319;1441;2#4;60;
0104;261121933;1;0;257;10B#2#4B#6B#8B;60;
0104;261121934;1;0;93;2#4;60;
0104;145155875;1;0;40;2#4;60;
0104;145155876;1;0;222;2#4;60;
0104;145155877;1;0;40;2;60;
0104;145155878;1;0;69;2;50;
0104;145155879;1;0;38;2;50;
0104;145155880;1;0;7;2#2V1;50;
0104;145155881;1;0;3;2#2V1;50;
0104;145155882;1;0;18;2#2V1;50;
0104;145155883;1;0;18;2#2V1;50;
0104;145155884;1;0;4;2#2V1;50;
0104;145155885;1;0;29;2#2V1;50;
0104;145155886;1;0;16;2;50;
0104;145155887;1;0;53;2;50;
0104;246315609;1;0;16;2;50;
0104;246315610;1;0;24;2;50;
0104;145155889;1;0;51;2;50;
0104;175992753;1;0;21;2;50;
0104;175992754;1;0;2;2;50;
0104;145155891;1;0;26;2;50;
0104;145155892;1;0;36;2;50;
0104;145155893;1;0;55;2;50;
0104;145155894;1;0;50;2;50;
0104;145155895;1;0;39;2;50;
0104;145155896;1;0;36;2;50;
0104;145155897;1;0;34;2;50;
0104;145155898;1;0;18;2#2V1;50;
0104;145155899;1;0;5;2#2V1;50;
0104;145155900;1;0;40;2;50;
0104;145155901;1;0;18;2;50;
0104;145155902;1;0;12;2;50;
0104;145155903;1;0;24;2;50;
0104;145155904;1;0;5;2;50;
0104;145155905;1;0;5;2;50;
0104;145155906;1;0;38;2;50;
0104;145156368;1;0;88;2;50;
0104;145156369;1;0;4;2;50;
0104;145156370;1;0;44;2;50;
0104;145156371;1;0;76;2;50;
0104;145156372;1;0;60;2;50;
0104;145156373;1;0;46;2;50;
0104;175992755;1;0;16;2;50;
0104;175992756;1;0;21;2;50;
0104;145156375;1;0;39;2;50;
0104;145156376;1;0;24;2;50;
0104;145156377;1;0;8;2;50;
0104;145156378;1;0;30;2;50;
0104;145156379;1;0;14;2;50;
0104;145156380;1;0;37;2;50;
0104;145156381;1;0;50;2;50;
0104;175992757;1;0;18;2;50;
0104;175992758;1;0;20;2;50;
0104;145156383;1;0;4;2;50;
0104;145156407;1;0;2;2;40;
0104;175992759;1;0;74;2;40;
0104;175992759;2;51;74;2;40;
0104;175992760;1;0;22;2;40;
0104;145156409;1;0;7;2;40;
0104;145156410;1;0;47;2#2V1;40;
0104;145156411;1;0;25;2;40;
0104;145156412;1;0;52;2;40;
0104;145156413;1;0;68;2;50;
0104;145156414;1;0;6;2;50;
0104;145156416;1;0;39;2;50;
0104;145156417;1;0;38;2;50;
0104;145156485;1;0;27;2;50;
0104;145156486;1;0;21;2;50;
0104;145156487;1;0;57;2;50;
0104;145156488;1;0;3;2;50;
0104;145156489;1;0;109;2;50;
0104;145156490;1;0;16;2;50;
0104;145156491;1;0;13;2;50;
0104;145156492;1;0;23;2;50;
0104;145156493;1;0;37;2;50;
0104;145156494;1;0;4;2;40;
0104;145156495;1;0;20;2;40;
0104;145156496;1;0;20;2;50;
0104;145156497;1;0;18;2;50;
0104;145156498;1;0;3;2;50;
0104;145156499;1;0;24;2;50;
0104;145156500;1;0;9;2;50;
0104;145156501;1;0;78;2;50;
0104;145156502;1;0;8;2;50;
0104;145156503;1;0;16;2;50;
0104;145156504;1;0;39;2;50;
0104;145156505;1;0;17;2;50;
0104;145156506;1;0;13;2;50;
0104;145156507;1;0;29;2;50;
0104;145156508;1;0;10;2;50;
0104;145156509;1;0;32;2;50;
0104;145156510;1;0;10;2;50;
0104;145156705;1;0;29;2;50;
0104;145156706;1;0;22;2;50;
0104;145156707;1;0;33;2;50;
0104;145156708;1;0;35;2;50;
0104;145156709;1;0;16;2;50;
0104;145156710;1;0;32;2;50;
0104;145156711;1;0;21;2;50;
0104;177573667;1;0;20;2;50;
0104;177573668;1;0;14;2;50;
0104;145156713;1;0;32;2;50;
0104;145156714;1;0;33;2;50;
0104;145156719;1;0;25;2;50;
0104;145156720;1;0;5;2;50;
0104;145156720;1;0;5;2H1;50;
0104;145156721;1;0;30;2;50;
0104;145156722;1;0;22;2;50;
0104;145156723;1;0;4;2;50;
0104;145156724;1;0;6;2;50;
0104;145156725;1;0;18;2;50;
0104;145156726;1;0;28;2;50;
0104;145156727;1;0;38;2;50;
0104;145156728;1;0;31;2;50;
0104;145156729;1;0;22;2;50;
0104;145156730;1;0;25;2;50;
0104;145156731;1;0;11;2;50;
0104;145156732;1;0;28;2;50;
0104;145156733;1;0;73;2;50;
0104;145156734;1;0;57;2;50;
0104;145156735;1;0;65;2;50;
0104;175992763;1;0;18;2;50;
0104;175992764;1;0;6;2;50;
0104;145156737;1;0;10;2;50;
0104;145156738;1;0;26;2;50;
0104;145156739;1;0;49;2V1;50;
0104;145156739;1;0;49;2;50;
0104;145156740;1;0;16;2;50;
0104;145156741;1;0;21;2;50;
0104;145156742;1;0;23;2;50;
0104;145156743;1;0;27;2;50;
0104;145156744;1;0;24;2;50;
0104;145156745;1;0;17;2;50;
0104;145156746;1;0;11;2;50;
0104;145156747;1;0;38;2;50;
0104;145156748;1;0;42;2;50;
0104;145156749;1;0;28;2;50;
0104;145156750;1;0;60;2;50;
0104;145156751;1;0;29;2;50;
0104;145156752;1;0;89;2;50;
0104;145156753;1;0;138;2;50;
0104;175992765;1;0;22;2;50;
0104;175992766;1;0;17;2;50;
0104;145156755;1;0;26;2;50;
0104;145156756;1;0;34;2;50;
0104;145156757;1;0;43;2;50;
0104;145156758;1;0;31;2;50;
0104;145156760;1;0;29;2;50;
0104;177573669;1;0;17;2;50;
0104;177573670;1;0;16;2;50;
0104;145156762;1;0;8;2;50;
0104;145156993;1;0;30;2;30;
0104;145156994;1;0;83;2;30;
0104;145156995;1;0;43;2;30;
0104;145156996;1;0;25;2;30;
0104;145157027;1;0;257;10B;60;
0104;145157028;1;0;257;4B;60;
0104;145157029;1;0;257;6B;60;
0104;145157030;1;0;257;8B;60;
0104;145157031;1;0;350;9B;60;
0104;145157032;1;0;350;7B;60;
0104;145157033;1;0;350;5B;60;
0104;145157034;1;0;350;3B;60;
0104;145157056;1;0;18;2V1;50;
0104;145157057;1;0;5;2V1;50;
0104;145157058;1;0;12;1H1;80;
0104;145157059;1;0;20;1H1;80;
0104;145157088;1;0;35;1H1;30;
0104;145157089;1;0;5;2H1;50;
0104;145157090;1;0;15;1V1;50;
0104;145157091;1;0;49;2V1;50;
0104;197515323;1;0;28;1#2;30;
0104;197515324;1;0;92;1#2;30;
0104;197515325;1;0;44;1#2;30;
0104;197515326;1;0;14;1#2;30;
0104;197515327;1;0;68;1#2;30;
0104;197515328;1;0;25;1#2;30;
0104;197515329;1;0;88;1#2;30;
0104;197515330;1;0;164;1#2;30;
0104;197515330;1;0;164;1#2;30;
0104;197515331;1;0;14;1#2;30;
0104;197515331;1;0;14;1#2;30;
0104;197515332;1;0;7;1#2;30;
0104;197515332;1;0;7;1#2;30;
0104;197515333;1;0;246;1#2;30;
0104;197515334;1;0;48;1#2;30;
0104;197515334;1;0;48;1#2;30;
0104;197515335;1;0;28;1#2;30;
0104;197515336;1;0;161;1#2;30;
0104;197515336;1;0;161;1#2;30;
0104;197515337;1;0;44;1#2;30;
0104;197515338;1;0;99;1#2;30;
0104;197515339;1;0;13;1#2;30;
0104;197515340;1;0;223;1#2;30;
0104;197515341;1;0;46;1#2;30;
0104;197515342;1;0;156;1#2;30;
0104;197515342;1;0;156;1#2;30;
0104;197515343;1;0;49;1#2;30;
0104;197515343;1;0;49;1#2;30;
0104;197515344;1;0;101;1#2;30;
0104;197515345;1;0;13;1#2;30;
0104;211493818;1;0;25;1;40;
0104;211493820;1;0;25;2;40;
0104;212637500;1;0;309;1#2;50;
0104;212637501;1;0;27;2;50;
0104;212637502;1;0;27;1;50;
0104;234360133;1;0;224;1#2;30;
0104;234360134;1;0;222;1#2;30;
0104;234360135;1;0;356;1#2;50;
0104;234360136;1;0;300;1#2;50;
0104;234360137;1;0;165;1#2;50;
0104;234360138;1;0;68;1#2;50;
0104;234360139;1;0;48;1#2;50;
0104;234360140;1;0;23;1#2;50;
0104;240125651;1;0;32;1#2;50;
0104;234360142;1;0;78;1#2;50;
0104;234360143;1;0;231;1#2;50;
0104;234360144;1;0;34;1#2;50;
0104;234360145;1;0;71;1#2;30;
0104;234360146;1;0;270;1#2;50;
0104;234360147;1;0;46;1#2;50;
0104;234360148;1;0;131;1#2;50;
0104;255743019;1;0;80;1#2;50;
0104;234360150;1;0;356;1#2;50;
0104;234360151;1;0;53;1#2;50;
0104;234360152;1;0;20;1#2;50;
0104;234360153;1;0;77;1#2;50;
0104;234360154;1;0;265;1#2;50;
0104;234360155;1;0;17;1#2;50;
0104;234360157;1;0;44;1#2;50;
0104;234360158;1;0;229;1#2;30;
0104;234360159;1;0;101;1#2;50;
0104;234360160;1;0;68;1#2;30;
0104;234360161;1;0;79;1#2;50;
0104;234360162;1;0;22;1#2;50;
0104;234360164;1;0;59;1#2;30;
0104;234360165;1;0;40;1#2;30;
0104;234360167;1;0;190;1#2;50;
0104;234360168;1;0;45;1#2;50;
0104;234360169;1;0;31;1#2;50;
0104;234360170;1;0;175;1#2;50;
0104;234360171;1;0;47;1#2;50;
0104;234360172;1;0;2;1#2;50;
0104;234360173;1;0;63;1#2;50;
0104;234360175;1;0;130;1#2;50;
0104;234360176;1;0;273;1#2;50;
0104;234360177;1;0;44;1#2;50;
0104;234360178;1;0;41;1#2;50;
0104;234360179;1;0;80;1#2;80;
0104;234360180;1;0;89;1#2;50;
0104;234360181;1;0;119;1#2;50;
0104;234360182;1;0;100;1#2;50;
0104;234360183;1;0;9;1#2;30;
0104;234360184;1;0;57;1#2;50;
0104;234360185;1;0;11;1#2;30;
0104;234360186;1;0;7;1#2;50;
0104;234360187;1;0;75;1#2;50;
0104;234360188;1;0;229;1#2;50;
0104;234360189;1;0;145;1#2;30;
0104;234360190;1;0;121;1#2;50;
0104;234360191;1;0;33;1#2;50;
0104;237409408;1;0;39;1#2;30;
0104;237409409;1;0;60;1#2;30;
0104;237409410;1;0;94;1#2;30;
0104;237409411;1;0;329;1#2;30;
0104;237409412;1;0;247;1#2;30;
0104;237409413;1;0;75;1#2;30;
0104;237409414;1;0;119;1#2;30;
0104;237409415;1;0;15;1#2;30;
0104;237409416;1;0;95;1#2;30;
0104;237409417;1;0;52;1#2;30;
0104;237409418;1;0;2361;1#2;30;
0104;237409419;1;0;131;1#2;30;
0104;237409420;1;0;36;1#2;30;
0104;237409421;1;0;358;1#2;30;
0104;237409422;1;0;253;1#2;30;
0104;237409423;1;0;25;1#2;30;
0104;237409424;1;0;125;1#2;30;
0104;237409425;1;0;6;1#2;30;
0104;237409426;1;0;53;1#2;30;
0104;237409427;1;0;45;1#2;30;
0104;237409428;1;0;31;1#2;30;
0104;237409429;1;0;392;1#2;30;
0104;237409430;1;0;46;1#2;30;
0104;237409431;1;0;42;1#2;30;
0104;237409432;1;0;92;1#2;30;
0104;237409433;1;0;25;1#2;30;
0104;237409434;1;0;78;1#2;30;
0104;237409435;1;0;10;1#2;30;
0104;237409436;1;0;50;1#2;30;
0104;237409437;1;0;27;1#2;30;
0104;237409438;1;0;17;1#2;30;
0104;237409439;1;0;27;1#2;30;
0104;237409440;1;0;42;1#2;50;
0104;237409441;1;0;33;1#2;50;
0104;237409442;1;0;16;1#2;50;
0104;237409444;1;0;261;1#2;50;
0104;246303752;1;0;18;1#2;50;
0104;246303753;1;0;4;1#2;50;
0104;237409446;1;0;145;1#2;50;
0104;237409447;1;0;101;1#2;50;
0104;237409448;1;0;311;1#2;50;
0104;237409449;1;0;65;1#2;50;
0104;237409450;1;0;57;1#2;30;
0104;237409451;1;0;122;1#2;30;
0104;240125652;1;0;58;2;60;
0104;240125653;1;0;7;2;60;
0104;240125654;1;0;42;2;60;
0104;240125655;1;0;61;1;60;
0104;240125656;1;0;46;1;60;
0104;240125657;1;0;3;1;50;
0104;240125658;1;0;21;1;50;
0104;240125659;1;0;2;2;50;
0104;240125660;1;0;22;2;50;
0104;255743021;1;0;4;1#2;50;
0104;255743023;1;0;4;2;50;
0104;255743024;1;0;28;2;50;
0104;255743025;1;0;4;1;50;
0104;255743026;1;0;28;1;50;
0104;255743027;1;0;4;1;50;
0104;255743028;1;0;32;1;50;
0104;255743029;1;0;4;2;50;
0104;255743030;1;0;32;2;50;
0104;255743031;1;0;191;2;80;
0104;255743032;1;0;10;2;80;
0104;255743033;1;0;63;2;80;
0104;255743034;1;0;209;2;80;
0104;255743035;1;0;4;1#2;80;
0104;255743039;1;0;24;1#2;80;
0104;255743040;1;0;52;1#2;80;
0104;255743041;1;0;127;1;80;
0104;255743042;1;0;69;1;80;
0104;255743043;1;0;13;1;80;
0104;255743044;1;0;51;1;80;
0104;255743045;1;0;3;1;80;
0104;255743046;1;0;7;1;80;
0104;255743047;1;0;203;1;80;
0104;267275214;1;0;28;1;50;
0104;267275215;1;0;6;1;50;
0104;267275216;1;0;7;1;50;
0104;267275217;1;0;8;1;50;
0104;267275218;1;0;7;1;50;
0104;267275219;1;0;7;1;50;
0104;267275220;1;0;5;1;50;
0104;267275221;1;0;7;1;50;
0104;267275222;1;0;8;1;50;
0104;267275223;1;0;3;1#2;50;
0104;267275226;1;0;32;1#2;50;
0104;267275227;1;0;36;1;50;
0104;267275228;1;0;36;2;50;
0104;267275229;1;0;42;2;50;
0104;267275231;1;0;41;1#2;50;
0104;267275232;1;0;22;1#2;50;
0104;267275233;1;0;42;1;50;
0104;267275234;1;0;37;1;50;
0104;267275235;1;0;37;2;50;
0104;267275236;1;0;18;1#2;50;
